1	-0.52	-0.52	0
2	-0.6	-0.56	0.04
3	-0.52	-0.546667	0.0266667
4	-0.52	-0.54	0.02
5	-0.68	-0.568	0.032
6	-0.68	-0.586667	0.0321109
7	-0.68	-0.6	0.0302372
8	-0.76	-0.62	0.0329502
9	-0.76	-0.635556	0.0329609
10	-0.68	-0.64	0.0298142
11	-0.76	-0.650909	0.0290909
12	-0.84	-0.666667	0.0308794
13	-0.84	-0.68	0.0313786
14	-0.84	-0.691429	0.0312181
15	-0.84	-0.701333	0.0307039
16	-0.76	-0.705	0.028954
17	-0.76	-0.708235	0.0273893
18	-0.84	-0.715556	0.0268404
19	-0.84	-0.722105	0.0262197
20	-0.84	-0.728	0.0255631
21	-0.84	-0.733333	0.0248934
22	-0.76	-0.734545	0.0237659
23	-0.68	-0.732174	0.0228326
24	-0.6	-0.726667	0.0225436
25	-0.68	-0.7248	0.0217035
26	-0.6	-0.72	0.0213973
27	-0.84	-0.724444	0.0210638
28	-0.84	-0.728571	0.0207129
29	-0.84	-0.732414	0.0203519
30	-0.84	-0.736	0.0199862
31	-0.76	-0.736774	0.0193462
32	-0.76	-0.7375	0.018746
33	-0.68	-0.735758	0.0182524
34	-0.76	-0.736471	0.0177218
35	-0.76	-0.737143	0.0172211
36	-0.84	-0.74	0.016978
37	-0.84	-0.742703	0.0167325
38	-0.76	-0.743158	0.0162926
39	-0.84	-0.745641	0.0160624
40	-0.76	-0.746	0.0156598
41	-0.68	-0.74439	0.0153577
42	-0.68	-0.742857	0.0150658
43	-0.68	-0.741395	0.0147837
44	-0.84	-0.743636	0.0146166
45	-0.84	-0.745778	0.0144477
46	-0.76	-0.746087	0.0141335
47	-0.84	-0.748085	0.0139731
48	-0.84	-0.75	0.0138123
49	-0.92	-0.753469	0.0139653
50	-0.92	-0.7568	0.0140827
51	-0.92	-0.76	0.0141698
52	-0.84	-0.761538	0.0139796
53	-0.84	-0.763019	0.013793
54	-0.68	-0.761481	0.0136222
55	-0.68	-0.76	0.013454
56	-0.76	-0.76	0.0132116
57	-0.76	-0.76	0.0129777
58	-0.92	-0.762759	0.013047
59	-0.92	-0.765424	0.0130979
60	-0.84	-0.766667	0.0129376
61	-0.84	-0.767869	0.0127804
62	-0.92	-0.770323	0.0128098
63	-0.92	-0.772698	0.0128268
64	-0.84	-0.77375	0.0126685
65	-0.84	-0.774769	0.0125137
66	-0.92	-0.77697	0.0125175
67	-0.84	-0.77791	0.0123651
68	-0.84	-0.778824	0.0122161
69	-0.84	-0.77971	0.0120704
70	-0.92	-0.781714	0.0120643
71	-0.92	-0.783662	0.0120516
72	-0.84	-0.784444	0.0119088
73	-0.92	-0.786301	0.0118904
74	-0.92	-0.788108	0.011867
75	-0.92	-0.789867	0.011839
76	-0.92	-0.791579	0.011807
77	-1	-0.794286	0.0119629
78	-0.92	-0.795897	0.011918
79	-0.84	-0.796456	0.0117794
80	-0.84	-0.797	0.011644
81	-0.76	-0.796543	0.0115084
82	-0.84	-0.797073	0.0113795
83	-0.68	-0.795663	0.0113297
84	-0.76	-0.795238	0.0112021
85	-0.84	-0.795765	0.011082
86	-0.76	-0.795349	0.0109603
87	-0.76	-0.794943	0.0108412
88	-0.76	-0.794545	0.0107247
89	-0.76	-0.794157	0.0106106
90	-0.76	-0.793778	0.0104989
91	-0.76	-0.793407	0.0103895
92	-0.84	-0.793913	0.0102884
93	-0.84	-0.794409	0.0101893
94	-0.84	-0.794894	0.0100919
95	-0.92	-0.796211	0.0100716
96	-0.92	-0.7975	0.0100492
97	-0.92	-0.798763	0.0100249
98	-0.84	-0.799184	0.00993104
99	-0.92	-0.800404	0.00990568
100	-0.92	-0.8016	0.00987878
101	-0.84	-0.80198	0.00978787
102	-0.84	-0.802353	0.0096986
103	-0.84	-0.802718	0.00961093
104	-0.92	-0.803846	0.00958464
105	-0.76	-0.803429	0.0095021
106	-0.76	-0.803019	0.00942094
107	-0.6	-0.801121	0.0095234
108	-0.6	-0.799259	0.00961684
109	-0.68	-0.798165	0.00959082
110	-0.76	-0.797818	0.00950956
111	-0.76	-0.797477	0.00942966
112	-0.76	-0.797143	0.00935107
113	-0.84	-0.797522	0.00927571
114	-0.76	-0.797193	0.00919987
115	-0.84	-0.797565	0.00912711
116	-0.84	-0.797931	0.00905548
117	-0.76	-0.797607	0.0089836
118	-0.84	-0.797966	0.00891439
119	-0.76	-0.797647	0.00884492
120	-0.84	-0.798	0.008778
121	-0.84	-0.798347	0.00871207
122	-0.84	-0.798689	0.0086471
123	-0.84	-0.799024	0.00858309
124	-0.76	-0.79871	0.0085194
125	-0.68	-0.79776	0.00850417
126	-0.68	-0.796825	0.00848801
127	-0.84	-0.797165	0.00842777
128	-0.84	-0.7975	0.00836836
129	-0.84	-0.797829	0.00830977
130	-0.84	-0.798154	0.00825198
131	-0.84	-0.798473	0.00819498
132	-0.84	-0.798788	0.00813874
133	-0.84	-0.799098	0.00808326
134	-0.84	-0.799403	0.00802851
135	-0.76	-0.799111	0.00797416
136	-0.76	-0.798824	0.00792053
137	-0.68	-0.797956	0.0079102
138	-0.68	-0.797101	0.00789905
139	-0.6	-0.795683	0.00796919
140	-0.68	-0.794857	0.00795509
141	-0.76	-0.79461	0.00790234
142	-0.76	-0.794366	0.00785028
143	-0.76	-0.794126	0.00779889
144	-0.68	-0.793333	0.00778499
145	-0.84	-0.793655	0.00773781
146	-0.84	-0.793973	0.00769118
147	-0.84	-0.794286	0.0076451
148	-0.84	-0.794595	0.00759954
149	-0.68	-0.793826	0.00758745
150	-0.6	-0.792533	0.00764666
151	-0.6	-0.791258	0.00770213
152	-0.68	-0.790526	0.00768622
153	-0.68	-0.789804	0.00766991
154	-0.68	-0.789091	0.00765323
155	-0.68	-0.788387	0.0076362
156	-0.76	-0.788205	0.00758927
157	-0.76	-0.788025	0.00754292
158	-0.84	-0.788354	0.00750224
159	-0.84	-0.788679	0.00746198
160	-0.84	-0.789	0.00742213
161	-0.84	-0.789317	0.00738269
162	-0.84	-0.78963	0.00734364
163	-0.76	-0.789448	0.00730071
164	-0.6	-0.788293	0.00734744
165	-0.76	-0.788121	0.00730478
166	-0.76	-0.787952	0.00726262
167	-0.68	-0.787305	0.00724788
168	-0.68	-0.786667	0.00723287
169	-0.76	-0.786509	0.00719168
170	-0.76	-0.786353	0.00715095
171	-0.84	-0.786667	0.00711593
172	-0.68	-0.786047	0.00710156
173	-0.76	-0.785896	0.007062
174	-0.76	-0.785747	0.00702287
175	-0.76	-0.7856	0.00698418
176	-0.68	-0.785	0.00697025
177	-0.76	-0.784859	0.0069322
178	-0.68	-0.78427	0.00691827
179	-0.76	-0.784134	0.00688085
180	-0.6	-0.783111	0.00691856
181	-0.68	-0.782541	0.00690377
182	-0.68	-0.781978	0.00688881
183	-0.6	-0.780984	0.00692286
184	-0.84	-0.781304	0.0068926
185	-0.68	-0.780757	0.00687708
186	-0.76	-0.780645	0.00684091
187	-0.68	-0.780107	0.00682549
188	-0.76	-0.78	0.00678993
189	-0.76	-0.779894	0.00675473
190	-0.76	-0.779789	0.0067199
191	-0.76	-0.779686	0.00668543
192	-0.76	-0.779583	0.00665131
193	-0.84	-0.779896	0.00662416
194	-0.84	-0.780206	0.0065972
195	-0.76	-0.780103	0.0065641
196	-0.76	-0.78	0.00653133
197	-0.6	-0.779086	0.00656202
198	-0.68	-0.778586	0.00654794
199	-0.68	-0.77809	0.00653376
200	-0.76	-0.778	0.00650164
201	-0.76	-0.77791	0.00646984
202	-0.76	-0.777822	0.00643834
203	-0.76	-0.777734	0.00640714
204	-0.84	-0.778039	0.00638296
205	-0.84	-0.778341	0.00635894
206	-0.84	-0.778641	0.00633507
207	-0.84	-0.778937	0.00631135
208	-0.84	-0.779231	0.00628779
209	-0.68	-0.778756	0.00627562
210	-0.76	-0.778667	0.00624631
211	-0.76	-0.778578	0.00621726
212	-0.76	-0.778491	0.00618849
213	-0.76	-0.778404	0.00615997
214	-0.68	-0.777944	0.00614834
215	-0.6	-0.777116	0.00617539
216	-0.84	-0.777407	0.00615362
217	-0.84	-0.777696	0.00613199
218	-0.76	-0.777615	0.00610434
219	-0.76	-0.777534	0.00607693
220	-0.76	-0.777455	0.00604977
221	-0.76	-0.777376	0.00602285
222	-0.76	-0.777297	0.00599617
223	-0.68	-0.776861	0.00598515
224	-0.76	-0.776786	0.00595884
225	-0.76	-0.776711	0.00593277
226	-0.84	-0.776991	0.00591309
227	-0.92	-0.777621	0.0059206
228	-0.84	-0.777895	0.00590092
229	-0.92	-0.778515	0.00590778
230	-0.84	-0.778783	0.00588811
231	-0.68	-0.778355	0.00587814
232	-0.68	-0.777931	0.00586808
233	-0.76	-0.777854	0.00584335
234	-0.76	-0.777778	0.00581882
235	-0.84	-0.778043	0.00580006
236	-0.68	-0.777627	0.00579035
237	-0.84	-0.77789	0.00577187
238	-0.84	-0.778151	0.00575349
239	-0.84	-0.77841	0.00573521
240	-0.84	-0.778667	0.00571702
241	-0.76	-0.778589	0.00569378
242	-0.84	-0.778843	0.00567588
243	-0.76	-0.778765	0.005653
244	-0.76	-0.778689	0.00563031
245	-0.76	-0.778612	0.0056078
246	-0.76	-0.778537	0.00558547
247	-0.6	-0.777814	0.00560958
248	-0.68	-0.777419	0.00560082
249	-0.84	-0.777671	0.00558394
250	-0.84	-0.77792	0.00556714
251	-0.84	-0.778167	0.00555043
252	-0.84	-0.778413	0.0055338
253	-0.84	-0.778656	0.00551726
254	-0.84	-0.778898	0.0055008
255	-0.84	-0.779137	0.00548442
256	-0.76	-0.779063	0.00546347
257	-0.68	-0.778677	0.0054558
258	-0.76	-0.778605	0.0054351
259	-0.76	-0.778533	0.00541455
260	-0.76	-0.778462	0.00539415
261	-0.76	-0.778391	0.00537391
262	-0.6	-0.77771	0.00539649
263	-0.68	-0.777338	0.00538875
264	-0.76	-0.777273	0.0053687
265	-0.76	-0.777208	0.0053488
266	-0.68	-0.776842	0.00534117
267	-0.6	-0.77618	0.00536219
268	-0.52	-0.775224	0.00542699
269	-0.84	-0.775465	0.00541214
270	-0.84	-0.775704	0.00539735
271	-0.84	-0.775941	0.00538263
272	-0.76	-0.775882	0.00536313
273	-0.76	-0.775824	0.00534376
274	-0.76	-0.775766	0.00532454
275	-0.68	-0.775418	0.00531656
276	-0.76	-0.775362	0.00529755
277	-0.68	-0.775018	0.00528961
278	-0.76	-0.774964	0.00527083
279	-0.76	-0.77491	0.00525217
280	-0.76	-0.774857	0.00523365
281	-0.76	-0.774804	0.00521526
282	-0.76	-0.774752	0.005197
283	-0.84	-0.774982	0.00518373
284	-0.76	-0.77493	0.00516572
285	-0.76	-0.774877	0.00514783
286	-0.76	-0.774825	0.00513006
287	-0.76	-0.774774	0.00511242
288	-0.76	-0.774722	0.00509489
289	-0.68	-0.774394	0.0050878
290	-0.84	-0.774621	0.00507527
291	-0.84	-0.774845	0.00506279
292	-0.84	-0.775068	0.00505035
293	-0.76	-0.775017	0.00503335
294	-0.76	-0.774966	0.00501646
295	-0.76	-0.774915	0.00499968
296	-0.84	-0.775135	0.00498761
297	-0.84	-0.775354	0.00497558
298	-0.92	-0.775839	0.00498256
299	-0.84	-0.776054	0.0049705
300	-0.84	-0.776267	0.00495849
301	-0.76	-0.776213	0.00494228
302	-0.92	-0.776689	0.00494885
303	-0.84	-0.776898	0.00493691
304	-0.84	-0.777105	0.00492502
305	-0.84	-0.777311	0.00491318
306	-0.92	-0.777778	0.00491924
307	-0.84	-0.77798	0.00490738
308	-0.92	-0.778442	0.00491311
309	-0.84	-0.778641	0.00490123
310	-0.92	-0.779097	0.00490663
311	-0.92	-0.77955	0.00491177
312	-0.92	-0.78	0.00491665
313	-0.92	-0.780447	0.00492129
314	-0.92	-0.780892	0.00492568
315	-0.92	-0.781333	0.00492984
316	-0.92	-0.781772	0.00493377
317	-0.84	-0.781956	0.00492161
318	-0.84	-0.782138	0.0049095
319	-0.84	-0.78232	0.00489745
320	-0.84	-0.7825	0.00488544
321	-0.84	-0.782679	0.00487349
322	-0.68	-0.78236	0.00486879
323	-0.84	-0.782539	0.00485697
324	-0.76	-0.782469	0.00484246
325	-0.76	-0.7824	0.00482803
326	-0.6	-0.78184	0.00484561
327	-0.52	-0.78104	0.00489668
328	-0.68	-0.780732	0.00489144
329	-0.68	-0.780426	0.00488615
330	-0.68	-0.780121	0.00488082
331	-0.76	-0.78006	0.00486643
332	-0.68	-0.779759	0.0048611
333	-0.84	-0.77994	0.00484986
334	-0.84	-0.78012	0.00483866
335	-0.68	-0.779821	0.00483344
336	-0.76	-0.779762	0.00481939
337	-0.6	-0.779228	0.00483459
338	-0.68	-0.778935	0.0048292
339	-0.68	-0.778643	0.00482377
340	-0.6	-0.778118	0.00483817
341	-0.6	-0.777595	0.00485216
342	-0.6	-0.777076	0.00486574
343	-0.68	-0.776793	0.00485978
344	-0.76	-0.776744	0.00484588
345	-0.68	-0.776464	0.00483994
346	-0.68	-0.776185	0.00483398
347	-0.84	-0.776369	0.00482354
348	-0.6	-0.775862	0.00483629
349	-0.76	-0.775817	0.00482262
350	-0.76	-0.775771	0.00480904
351	-0.6	-0.775271	0.00482139
352	-0.76	-0.775227	0.00480787
353	-0.84	-0.775411	0.00479774
354	-0.84	-0.775593	0.00478765
355	-0.92	-0.776	0.00479144
356	-0.84	-0.77618	0.00478134
357	-0.84	-0.776359	0.00477128
358	-0.76	-0.776313	0.00475816
359	-0.76	-0.776267	0.0047451
360	-0.76	-0.776222	0.00473212
361	-0.76	-0.776177	0.0047192
362	-0.76	-0.776133	0.00470636
363	-0.68	-0.775868	0.00470084
364	-0.68	-0.775604	0.0046953
365	-0.68	-0.775342	0.00468974
366	-0.76	-0.775301	0.0046771
367	-0.6	-0.774823	0.00468873
368	-0.68	-0.774565	0.00468307
369	-0.6	-0.774092	0.00469426
370	-0.68	-0.773838	0.00468846
371	-0.6	-0.773369	0.00469922
372	-0.76	-0.773333	0.00468671
373	-0.76	-0.773298	0.00467426
374	-0.84	-0.773476	0.00466516
375	-0.84	-0.773653	0.00465608
376	-0.84	-0.77383	0.00464703
377	-0.92	-0.774218	0.00465088
378	-0.84	-0.774392	0.00464182
379	-0.76	-0.774354	0.00462972
380	-0.6	-0.773895	0.00464026
381	-0.68	-0.773648	0.00463462
382	-0.76	-0.773613	0.00462261
383	-0.68	-0.773368	0.004617
384	-0.76	-0.773333	0.00460509
385	-0.68	-0.773091	0.00459951
386	-0.52	-0.772435	0.00463419
387	-0.6	-0.77199	0.00464363
388	-0.68	-0.771753	0.00463771
389	-0.76	-0.771722	0.00462587
390	-0.68	-0.771487	0.00461998
391	-0.76	-0.771458	0.00460825
392	-0.84	-0.771633	0.0045998
393	-0.76	-0.771603	0.00458818
394	-0.68	-0.771371	0.00458242
395	-0.76	-0.771342	0.00457089
396	-0.68	-0.771111	0.00456517
397	-0.68	-0.770882	0.00455943
398	-0.76	-0.770854	0.00454805
399	-0.68	-0.770627	0.00454234
400	-0.68	-0.7704	0.00453663
401	-0.68	-0.770175	0.00453092
402	-0.68	-0.76995	0.0045252
403	-0.84	-0.770124	0.0045173
404	-0.84	-0.770297	0.00450942
405	-0.84	-0.770469	0.00450157
406	-0.84	-0.77064	0.00449373
407	-0.76	-0.770614	0.00448275
408	-0.76	-0.770588	0.00447183
409	-0.68	-0.770367	0.00446637
410	-0.68	-0.770146	0.00446092
411	-0.6	-0.769732	0.00446926
412	-0.68	-0.769515	0.00446372
413	-0.6	-0.769104	0.00447177
414	-0.68	-0.768889	0.00446615
415	-0.68	-0.768675	0.00446052
416	-0.76	-0.768654	0.00444983
417	-0.76	-0.768633	0.0044392
418	-0.76	-0.768612	0.00442861
419	-0.68	-0.768401	0.00442309
420	-0.76	-0.768381	0.00441259
421	-0.84	-0.768551	0.00440538
422	-0.84	-0.76872	0.00439819
423	-0.84	-0.768889	0.00439102
424	-0.68	-0.768679	0.00438566
425	-0.52	-0.768094	0.00441428
426	-0.52	-0.767512	0.00444225
427	-0.52	-0.766932	0.00446958
428	-0.6	-0.766542	0.00447615
429	-0.68	-0.76634	0.00447026
430	-0.76	-0.766326	0.00445987
431	-0.76	-0.766311	0.00444954
432	-0.84	-0.766481	0.0044425
433	-0.84	-0.766651	0.00443548
434	-0.84	-0.76682	0.00442848
435	-0.84	-0.766989	0.00442148
436	-0.84	-0.767156	0.00441451
437	-0.84	-0.767323	0.00440755
438	-0.68	-0.767123	0.00440199
439	-0.68	-0.766925	0.00439643
440	-0.76	-0.766909	0.00438646
441	-0.76	-0.766893	0.00437653
442	-0.68	-0.766697	0.00437104
443	-0.76	-0.766682	0.00436119
444	-0.76	-0.766667	0.00435138
445	-0.76	-0.766652	0.00434162
446	-0.76	-0.766637	0.0043319
447	-0.76	-0.766622	0.00432222
448	-0.68	-0.766429	0.00431689
449	-0.76	-0.766414	0.00430729
450	-0.76	-0.7664	0.00429773
451	-0.84	-0.766563	0.0042913
452	-0.84	-0.766726	0.00428487
453	-0.84	-0.766887	0.00427846
454	-0.84	-0.767048	0.00427207
455	-0.84	-0.767209	0.00426568
456	-0.84	-0.767368	0.00425931
457	-0.84	-0.767527	0.00425295
458	-0.84	-0.767686	0.0042466
459	-0.84	-0.767843	0.00424027
460	-0.76	-0.767826	0.00423107
461	-0.68	-0.767636	0.00422618
462	-0.68	-0.767446	0.00422129
463	-0.68	-0.767257	0.00421639
464	-0.76	-0.767241	0.00420733
465	-0.76	-0.767226	0.0041983
466	-0.76	-0.76721	0.00418931
467	-0.76	-0.767195	0.00418036
468	-0.76	-0.767179	0.00417144
469	-0.84	-0.767335	0.00416543
470	-0.84	-0.767489	0.00415944
471	-0.76	-0.767473	0.00415063
472	-0.68	-0.767288	0.00414597
473	-0.76	-0.767273	0.00413722
474	-0.92	-0.767595	0.00414104
475	-0.84	-0.767747	0.00413512
476	-0.84	-0.767899	0.00412921
477	-0.84	-0.76805	0.00412332
478	-0.76	-0.768033	0.00411472
479	-0.84	-0.768184	0.00410887
480	-0.76	-0.768167	0.00410033
481	-0.76	-0.76815	0.00409184
482	-0.84	-0.768299	0.00408606
483	-0.84	-0.768447	0.00408029
484	-0.76	-0.76843	0.00407189
485	-0.84	-0.768577	0.00406616
486	-0.84	-0.768724	0.00406045
487	-0.76	-0.768706	0.00405214
488	-0.76	-0.768689	0.00404387
489	-0.68	-0.768507	0.00403967
490	-0.76	-0.76849	0.00403145
491	-0.84	-0.768635	0.00402587
492	-0.84	-0.76878	0.00402029
493	-0.76	-0.768763	0.00401217
494	-0.84	-0.768907	0.00400663
495	-0.84	-0.769051	0.00400111
496	-0.76	-0.769032	0.00399308
497	-0.76	-0.769014	0.00398508
498	-0.76	-0.768996	0.00397711
499	-0.84	-0.769138	0.00397168
500	-0.76	-0.76912	0.00396377
501	-0.76	-0.769102	0.00395589
502	-0.68	-0.768924	0.00395199
503	-0.76	-0.768907	0.00394417
504	-0.68	-0.76873	0.00394028
505	-0.6	-0.768396	0.00394664
506	-0.6	-0.768063	0.00395287
507	-0.6	-0.767732	0.00395897
508	-0.6	-0.767402	0.00396494
509	-0.68	-0.76723	0.00396086
510	-0.6	-0.766902	0.00396667
511	-0.6	-0.766575	0.00397235
512	-0.6	-0.76625	0.00397791
513	-0.68	-0.766082	0.0039737
514	-0.68	-0.765914	0.0039695
515	-0.68	-0.765748	0.0039653
516	-0.76	-0.765736	0.00395762
517	-0.76	-0.765725	0.00394997
518	-0.84	-0.765869	0.00394495
519	-0.84	-0.766012	0.00393993
520	-0.84	-0.766154	0.00393492
521	-0.76	-0.766142	0.00392738
522	-0.68	-0.765977	0.00392332
523	-0.76	-0.765966	0.00391582
524	-0.76	-0.765954	0.00390836
525	-0.84	-0.766095	0.00390346
526	-0.84	-0.766236	0.00389856
527	-0.84	-0.766376	0.00389367
528	-0.76	-0.766364	0.00388631
529	-0.76	-0.766352	0.00387898
530	-0.84	-0.766491	0.00387414
531	-0.84	-0.766629	0.00386932
532	-0.84	-0.766767	0.0038645
533	-0.84	-0.766904	0.00385969
534	-0.68	-0.766742	0.00385589
535	-0.76	-0.766729	0.0038487
536	-0.76	-0.766716	0.00384153
537	-0.84	-0.766853	0.0038368
538	-0.92	-0.767138	0.00384023
539	-0.92	-0.767421	0.00384357
540	-0.92	-0.767704	0.00384684
541	-0.92	-0.767985	0.00385003
542	-0.92	-0.768266	0.00385314
543	-0.84	-0.768398	0.0038483
544	-0.76	-0.768382	0.00384125
545	-0.76	-0.768367	0.00383423
546	-0.76	-0.768352	0.00382723
547	-0.76	-0.768336	0.00382026
548	-0.68	-0.768175	0.00381669
549	-0.6	-0.767869	0.00382202
550	-0.68	-0.767709	0.00381841
551	-0.6	-0.767405	0.00382361
552	-0.68	-0.767246	0.00381996
553	-0.68	-0.767089	0.00381631
554	-0.76	-0.767076	0.00380944
555	-0.76	-0.767063	0.00380259
556	-0.76	-0.76705	0.00379576
557	-0.76	-0.767038	0.00378896
558	-0.84	-0.767168	0.00378443
559	-0.84	-0.767299	0.0037799
560	-0.84	-0.767429	0.00377537
561	-0.84	-0.767558	0.00377086
562	-0.84	-0.767687	0.00376635
563	-0.92	-0.767957	0.00376937
564	-0.92	-0.768227	0.00377233
565	-0.92	-0.768496	0.00377521
566	-0.84	-0.768622	0.00377066
567	-0.92	-0.768889	0.00377346
568	-0.84	-0.769014	0.00376889
569	-0.84	-0.769139	0.00376433
570	-0.76	-0.769123	0.00375775
571	-0.76	-0.769107	0.0037512
572	-0.84	-0.769231	0.00374668
573	-0.84	-0.769354	0.00374218
574	-0.76	-0.769338	0.00373569
575	-0.76	-0.769322	0.00372922
576	-0.84	-0.769444	0.00372476
577	-0.76	-0.769428	0.00371834
578	-0.76	-0.769412	0.00371194
579	-0.76	-0.769396	0.00370555
580	-0.92	-0.769655	0.00370826
581	-0.92	-0.769914	0.00371091
582	-0.92	-0.770172	0.00371349
583	-0.84	-0.770292	0.00370905
584	-0.84	-0.770411	0.00370462
585	-0.84	-0.77053	0.00370019
586	-0.84	-0.770648	0.00369577
587	-0.92	-0.770903	0.00369823
588	-0.76	-0.770884	0.00369199
589	-0.84	-0.771002	0.00368758
590	-0.76	-0.770983	0.00368137
591	-0.76	-0.770964	0.00367518
592	-0.76	-0.770946	0.00366902
593	-0.76	-0.770927	0.00366287
594	-0.76	-0.770909	0.00365675
595	-0.84	-0.771025	0.00365244
596	-0.84	-0.771141	0.00364815
597	-0.68	-0.770988	0.00364523
598	-0.68	-0.770836	0.00364231
599	-0.68	-0.770684	0.00363938
600	-0.68	-0.770533	0.00363645
601	-0.76	-0.770516	0.00363044
602	-0.84	-0.770631	0.00362624
603	-0.84	-0.770746	0.00362205
604	-0.84	-0.770861	0.00361787
605	-0.76	-0.770843	0.00361192
606	-0.68	-0.770693	0.00360907
607	-0.84	-0.770807	0.00360493
608	-0.68	-0.770658	0.0036021
609	-0.68	-0.770509	0.00359926
610	-0.68	-0.770361	0.00359641
611	-0.68	-0.770213	0.00359357
612	-0.68	-0.770065	0.00359072
613	-0.68	-0.769918	0.00358786
614	-0.76	-0.769902	0.00358205
615	-0.76	-0.769886	0.00357626
616	-0.68	-0.76974	0.00357343
617	-0.84	-0.769854	0.00356945
618	-0.84	-0.769968	0.00356548
619	-0.84	-0.770081	0.00356151
620	-0.84	-0.770194	0.00355755
621	-0.84	-0.770306	0.00355359
622	-0.84	-0.770418	0.00354964
623	-0.84	-0.77053	0.0035457
624	-0.84	-0.770641	0.00354176
625	-0.84	-0.770752	0.00353783
626	-0.84	-0.770863	0.00353391
627	-0.68	-0.770718	0.00353124
628	-0.68	-0.770573	0.00352858
629	-0.68	-0.770429	0.0035259
630	-0.68	-0.770286	0.00352323
631	-0.76	-0.770269	0.00351768
632	-0.76	-0.770253	0.00351214
633	-0.76	-0.770237	0.00350663
634	-0.84	-0.770347	0.00350282
635	-0.68	-0.770205	0.00350019
636	-0.68	-0.770063	0.00349756
637	-0.76	-0.770047	0.0034921
638	-0.76	-0.770031	0.00348666
639	-0.84	-0.770141	0.00348292
640	-0.84	-0.77025	0.00347919
641	-0.84	-0.770359	0.00347546
642	-0.84	-0.770467	0.00347174
643	-0.84	-0.770575	0.00346802
644	-0.84	-0.770683	0.00346431
645	-0.76	-0.770667	0.00345897
646	-0.84	-0.770774	0.00345528
647	-0.84	-0.770881	0.0034516
648	-0.92	-0.771111	0.00345394
649	-0.92	-0.771341	0.00345624
650	-0.92	-0.771569	0.00345849
651	-0.84	-0.771674	0.00345477
652	-0.84	-0.771779	0.00345106
653	-0.76	-0.771761	0.00344582
654	-0.84	-0.771865	0.00344212
655	-0.84	-0.771969	0.00343844
656	-0.84	-0.772073	0.00343476
657	-0.76	-0.772055	0.00342958
658	-0.76	-0.772036	0.00342441
659	-0.68	-0.771897	0.00342206
660	-0.76	-0.771879	0.00341692
661	-0.76	-0.771861	0.00341179
662	-0.76	-0.771843	0.00340668
663	-0.68	-0.771704	0.00340436
664	-0.68	-0.771566	0.00340203
665	-0.68	-0.771429	0.0033997
666	-0.68	-0.771291	0.00339737
667	-0.76	-0.771274	0.00339231
668	-0.84	-0.771377	0.00338879
669	-0.84	-0.77148	0.00338528
670	-0.68	-0.771343	0.00338298
671	-0.68	-0.771207	0.00338068
672	-0.6	-0.770952	0.00338524
673	-0.68	-0.770817	0.00338291
674	-0.68	-0.770682	0.00338057
675	-0.68	-0.770548	0.00337823
676	-0.6	-0.770296	0.00338265
677	-0.76	-0.770281	0.00337769
678	-0.84	-0.770383	0.00337427
679	-0.76	-0.770368	0.00336933
680	-0.84	-0.770471	0.00336593
681	-0.68	-0.770338	0.00336361
682	-0.84	-0.77044	0.00336023
683	-0.84	-0.770542	0.00335685
684	-0.84	-0.770643	0.00335347
685	-0.92	-0.770861	0.00335567
686	-0.92	-0.771079	0.00335782
687	-0.92	-0.771295	0.00335992
688	-0.92	-0.771512	0.00336199
689	-0.92	-0.771727	0.00336402
690	-0.76	-0.77171	0.00335918
691	-0.76	-0.771693	0.00335436
692	-0.6	-0.771445	0.00335869
693	-0.6	-0.771198	0.00336295
694	-0.68	-0.771066	0.00336067
695	-0.68	-0.770935	0.00335839
696	-0.6	-0.77069	0.00336254
697	-0.68	-0.77056	0.00336023
698	-0.68	-0.77043	0.00335792
699	-0.68	-0.7703	0.00335561
700	-0.76	-0.770286	0.00335085
701	-0.76	-0.770271	0.00334609
702	-0.76	-0.770256	0.00334136
703	-0.76	-0.770242	0.00333663
704	-0.76	-0.770227	0.00333192
705	-0.76	-0.770213	0.00332722
706	-0.76	-0.770198	0.00332254
707	-0.76	-0.770184	0.00331787
708	-0.84	-0.770282	0.00331464
709	-0.84	-0.770381	0.00331143
710	-0.76	-0.770366	0.00330679
711	-0.84	-0.770464	0.00330359
712	-0.84	-0.770562	0.00330039
713	-0.84	-0.770659	0.0032972
714	-0.84	-0.770756	0.00329401
715	-0.84	-0.770853	0.00329082
716	-0.92	-0.771061	0.00329282
717	-0.76	-0.771046	0.00328826
718	-0.76	-0.771031	0.00328371
719	-0.92	-0.771238	0.00328568
720	-0.92	-0.771444	0.00328761
721	-0.92	-0.77165	0.00328951
722	-0.84	-0.771745	0.00328632
723	-0.84	-0.77184	0.00328312
724	-0.76	-0.771823	0.00327863
725	-0.92	-0.772028	0.00328047
726	-0.84	-0.772121	0.00327729
727	-0.76	-0.772105	0.00327282
728	-0.84	-0.772198	0.00326965
729	-0.84	-0.772291	0.00326649
730	-0.76	-0.772274	0.00326206
731	-0.68	-0.772148	0.00326004
732	-0.76	-0.772131	0.00325562
733	-0.76	-0.772115	0.00325122
734	-0.84	-0.772207	0.0032481
735	-0.76	-0.77219	0.00324372
736	-0.6	-0.771957	0.00324775
737	-0.52	-0.771615	0.00326131
738	-0.52	-0.771274	0.00327468
739	-0.68	-0.77115	0.00327258
740	-0.76	-0.771135	0.00326819
741	-0.76	-0.77112	0.00326381
742	-0.76	-0.771105	0.00325944
743	-0.76	-0.77109	0.00325509
744	-0.76	-0.771075	0.00325074
745	-0.68	-0.770953	0.00324868
746	-0.76	-0.770938	0.00324435
747	-0.68	-0.770817	0.00324229
748	-0.76	-0.770802	0.00323799
749	-0.68	-0.770681	0.00323593
750	-0.76	-0.770667	0.00323165
751	-0.68	-0.770546	0.0032296
752	-0.76	-0.770532	0.00322533
753	-0.76	-0.770518	0.00322108
754	-0.68	-0.770398	0.00321904
755	-0.68	-0.770278	0.003217
756	-0.68	-0.770159	0.00321496
757	-0.68	-0.77004	0.00321292
758	-0.68	-0.769921	0.00321088
759	-0.68	-0.769802	0.00320883
760	-0.68	-0.769684	0.00320679
761	-0.76	-0.769671	0.0032026
762	-0.76	-0.769659	0.00319842
763	-0.68	-0.769541	0.00319638
764	-0.68	-0.769424	0.00319435
765	-0.68	-0.769307	0.00319231
766	-0.6	-0.769086	0.00319579
767	-0.68	-0.76897	0.00319373
768	-0.76	-0.768958	0.00318959
769	-0.76	-0.768947	0.00318546
770	-0.68	-0.768831	0.00318342
771	-0.76	-0.76882	0.00317931
772	-0.6	-0.768601	0.00318271
773	-0.6	-0.768383	0.00318607
774	-0.68	-0.768269	0.00318399
775	-0.76	-0.768258	0.0031799
776	-0.68	-0.768144	0.00317784
777	-0.68	-0.768031	0.00317577
778	-0.6	-0.767815	0.00317903
779	-0.6	-0.767599	0.00318225
780	-0.68	-0.767487	0.00318015
781	-0.76	-0.767478	0.00317609
782	-0.76	-0.767468	0.00317204
783	-0.68	-0.767356	0.00316996
784	-0.76	-0.767347	0.00316592
785	-0.76	-0.767338	0.0031619
786	-0.76	-0.767328	0.00315789
787	-0.84	-0.767421	0.00315523
788	-0.84	-0.767513	0.00315257
789	-0.76	-0.767503	0.00314858
790	-0.84	-0.767595	0.00314593
791	-0.6	-0.767383	0.00314909
792	-0.68	-0.767273	0.00314704
793	-0.76	-0.767264	0.00314309
794	-0.6	-0.767053	0.00314619
795	-0.6	-0.766843	0.00314924
796	-0.76	-0.766834	0.0031453
797	-0.68	-0.766725	0.00314324
798	-0.76	-0.766717	0.00313931
799	-0.6	-0.766508	0.00314231
800	-0.68	-0.7664	0.00314024
801	-0.76	-0.766392	0.00313633
802	-0.76	-0.766384	0.00313243
803	-0.76	-0.766376	0.00312853
804	-0.76	-0.766368	0.00312465
805	-0.84	-0.76646	0.00312211
806	-0.84	-0.766551	0.00311957
807	-0.84	-0.766642	0.00311703
808	-0.84	-0.766733	0.00311449
809	-0.84	-0.766823	0.00311196
810	-0.76	-0.766815	0.00310812
811	-0.76	-0.766806	0.0031043
812	-0.68	-0.7667	0.00310232
813	-0.68	-0.766593	0.00310033
814	-0.76	-0.766585	0.00309653
815	-0.76	-0.766577	0.00309274
816	-0.76	-0.766569	0.00308896
817	-0.68	-0.766463	0.003087
818	-0.44	-0.766064	0.00310894
819	-0.6	-0.765861	0.00311176
820	-0.84	-0.765951	0.00310927
821	-0.84	-0.766041	0.00310679
822	-0.84	-0.766131	0.00310432
823	-0.92	-0.766318	0.00310617
824	-0.92	-0.766505	0.003108
825	-0.92	-0.766691	0.0031098
826	-0.76	-0.766683	0.00310605
827	-0.76	-0.766675	0.0031023
828	-0.68	-0.76657	0.00310032
829	-1	-0.766852	0.00310935
830	-1	-0.767133	0.00311828
831	-1	-0.767413	0.00312711
832	-0.84	-0.7675	0.00312457
833	-0.76	-0.767491	0.00312083
834	-0.76	-0.767482	0.00311709
835	-0.76	-0.767473	0.00311337
836	-0.76	-0.767464	0.00310966
837	-0.84	-0.767551	0.00310715
838	-0.92	-0.767733	0.00310877
839	-0.92	-0.767914	0.00311036
840	-0.92	-0.768095	0.00311193
841	-0.92	-0.768276	0.00311347
842	-0.84	-0.768361	0.00311093
843	-0.76	-0.768351	0.00310726
844	-0.76	-0.768341	0.00310359
845	-0.76	-0.768331	0.00309993
846	-0.68	-0.768227	0.00309802
847	-0.68	-0.768123	0.00309612
848	-0.76	-0.768113	0.00309248
849	-0.84	-0.768198	0.00308999
850	-0.76	-0.768188	0.00308637
851	-0.76	-0.768179	0.00308276
852	-0.76	-0.768169	0.00307915
853	-0.84	-0.768253	0.00307669
854	-0.84	-0.768337	0.00307424
855	-0.68	-0.768234	0.00307238
856	-0.76	-0.768224	0.0030688
857	-0.84	-0.768308	0.00306636
858	-0.68	-0.768205	0.00306451
859	-0.68	-0.768102	0.00306267
860	-0.84	-0.768186	0.00306024
861	-0.84	-0.768269	0.00305783
862	-0.76	-0.76826	0.00305429
863	-0.68	-0.768158	0.00305246
864	-0.76	-0.768148	0.00304894
865	-0.68	-0.768046	0.00304712
866	-0.76	-0.768037	0.00304361
867	-0.84	-0.76812	0.00304124
868	-0.84	-0.768203	0.00303886
869	-0.84	-0.768285	0.00303648
870	-0.84	-0.768368	0.00303411
871	-0.84	-0.76845	0.00303174
872	-0.92	-0.768624	0.00303325
873	-0.84	-0.768706	0.00303087
874	-0.92	-0.768879	0.00303235
875	-0.92	-0.769051	0.0030338
876	-0.92	-0.769224	0.00303523
877	-0.92	-0.769396	0.00303664
878	-0.76	-0.769385	0.0030332
879	-0.84	-0.769465	0.00303081
880	-0.84	-0.769545	0.00302842
881	-0.76	-0.769535	0.003025
882	-0.76	-0.769524	0.00302159
883	-0.84	-0.769604	0.00301922
884	-0.84	-0.769683	0.00301686
885	-0.92	-0.769853	0.00301823
886	-0.84	-0.769932	0.00301586
887	-0.84	-0.770011	0.00301349
888	-0.92	-0.77018	0.00301483
889	-0.92	-0.770349	0.00301615
890	-0.84	-0.770427	0.00301378
891	-0.92	-0.770595	0.00301507
892	-0.76	-0.770583	0.00301171
893	-0.76	-0.770571	0.00300836
894	-0.76	-0.770559	0.00300502
895	-0.76	-0.770547	0.00300168
896	-0.92	-0.770714	0.00300296
897	-0.84	-0.770792	0.00300061
898	-0.92	-0.770958	0.00300187
899	-0.84	-0.771034	0.00299951
900	-0.84	-0.771111	0.00299715
901	-0.84	-0.771188	0.0029948
902	-0.68	-0.771086	0.00299319
903	-0.76	-0.771074	0.0029899
904	-0.84	-0.77115	0.00298756
905	-0.84	-0.771227	0.00298523
906	-0.76	-0.771214	0.00298196
907	-0.92	-0.771378	0.00298318
908	-0.84	-0.771454	0.00298085
909	-0.84	-0.771529	0.00297852
910	-0.84	-0.771604	0.0029762
911	-0.76	-0.771592	0.00297296
912	-0.84	-0.771667	0.00297064
913	-0.84	-0.771742	0.00296833
914	-0.84	-0.771816	0.00296602
915	-0.84	-0.771891	0.00296372
916	-0.84	-0.771965	0.00296141
917	-0.84	-0.772039	0.00295911
918	-0.76	-0.772026	0.00295592
919	-0.76	-0.772013	0.00295273
920	-0.84	-0.772087	0.00295044
921	-0.84	-0.772161	0.00294816
922	-0.92	-0.772321	0.00294932
923	-0.76	-0.772308	0.00294615
924	-0.76	-0.772294	0.00294299
925	-0.76	-0.772281	0.00293984
926	-0.68	-0.772181	0.00293836
927	-0.68	-0.772082	0.00293687
928	-0.68	-0.771983	0.00293538
929	-0.68	-0.771884	0.00293389
930	-0.76	-0.771871	0.00293076
931	-0.84	-0.771944	0.00292852
932	-0.6	-0.77176	0.00293119
933	-0.68	-0.771661	0.0029297
934	-0.68	-0.771563	0.00292821
935	-0.68	-0.771465	0.00292671
936	-0.76	-0.771453	0.00292361
937	-0.76	-0.771441	0.00292051
938	-0.76	-0.771429	0.00291742
939	-0.68	-0.771331	0.00291594
940	-0.76	-0.771319	0.00291286
941	-0.76	-0.771307	0.00290979
942	-0.68	-0.77121	0.00290832
943	-0.68	-0.771113	0.00290684
944	-0.76	-0.771102	0.00290378
945	-0.68	-0.771005	0.00290231
946	-0.92	-0.771163	0.00290351
947	-0.92	-0.77132	0.0029047
948	-0.92	-0.771477	0.00290587
949	-0.92	-0.771633	0.00290702
950	-0.92	-0.771789	0.00290816
951	-0.92	-0.771945	0.00290928
952	-0.84	-0.772017	0.0029071
953	-0.84	-0.772088	0.00290492
954	-0.76	-0.772075	0.0029019
955	-0.76	-0.772063	0.00289889
956	-0.76	-0.77205	0.00289588
957	-0.76	-0.772038	0.00289288
958	-0.76	-0.772025	0.00288989
959	-0.68	-0.771929	0.00288847
960	-0.68	-0.771833	0.00288705
961	-0.68	-0.771738	0.00288562
962	-0.68	-0.771642	0.0028842
963	-0.6	-0.771464	0.00288671
964	-0.68	-0.771369	0.00288528
965	-0.76	-0.771358	0.00288231
966	-0.76	-0.771346	0.00287935
967	-0.84	-0.771417	0.00287724
968	-0.84	-0.771488	0.00287514
969	-0.84	-0.771558	0.00287304
970	-0.68	-0.771464	0.00287163
971	-0.6	-0.771287	0.0028741
972	-0.68	-0.771193	0.00287268
973	-0.76	-0.771182	0.00286975
974	-0.76	-0.77117	0.00286683
975	-0.76	-0.771159	0.00286391
976	-0.76	-0.771148	0.00286099
977	-0.76	-0.771136	0.00285809
978	-0.6	-0.770961	0.00286052
979	-0.52	-0.770705	0.00286907
980	-0.52	-0.770449	0.00287754
981	-0.6	-0.770275	0.00287985
982	-0.68	-0.770183	0.00287838
983	-0.6	-0.77001	0.00288066
984	-0.68	-0.769919	0.00287918
985	-0.6	-0.769746	0.00288143
986	-0.68	-0.769655	0.00287994
987	-0.68	-0.769564	0.00287846
988	-0.68	-0.769474	0.00287697
989	-0.76	-0.769464	0.00287408
990	-0.76	-0.769455	0.00287119
991	-0.84	-0.769526	0.00286917
992	-0.76	-0.769516	0.00286629
993	-0.76	-0.769507	0.00286342
994	-0.6	-0.769336	0.00286562
995	-0.76	-0.769327	0.00286275
996	-0.68	-0.769237	0.00286128
997	-0.68	-0.769147	0.00285981
998	-0.68	-0.769058	0.00285834
999	-0.76	-0.769049	0.00285549
1000	-0.68	-0.76896	0.00285403
1001	-0.76	-0.768951	0.00285119
1002	-0.84	-0.769022	0.00284922
1003	-0.84	-0.769093	0.00284726
1004	-0.84	-0.769163	0.0028453
1005	-0.92	-0.769313	0.00284643
1006	-0.92	-0.769463	0.00284754
1007	-0.84	-0.769533	0.00284557
1008	-0.84	-0.769603	0.00284361
1009	-0.84	-0.769673	0.00284164
1010	-0.84	-0.769743	0.00283968
1011	-0.92	-0.769891	0.00284076
1012	-0.92	-0.77004	0.00284183
1013	-0.84	-0.770109	0.00283986
1014	-0.92	-0.770256	0.00284091
1015	-0.84	-0.770325	0.00283894
1016	-0.84	-0.770394	0.00283697
1017	-0.84	-0.770462	0.00283501
1018	-0.84	-0.77053	0.00283304
1019	-0.84	-0.770599	0.00283108
1020	-0.76	-0.770588	0.00282833
1021	-0.68	-0.7705	0.00282695
1022	-0.68	-0.770411	0.00282557
1023	-0.68	-0.770323	0.00282419
1024	-0.68	-0.770234	0.00282281
1025	-0.68	-0.770146	0.00282143
1026	-0.68	-0.770058	0.00282004
1027	-0.52	-0.769815	0.0028278
1028	-0.6	-0.76965	0.00282987
1029	-0.76	-0.76964	0.00282714
1030	-0.84	-0.769709	0.00282522
1031	-0.92	-0.769855	0.00282624
1032	-0.84	-0.769922	0.00282431
1033	-0.84	-0.76999	0.00282239
1034	-0.76	-0.769981	0.00281968
1035	-0.76	-0.769971	0.00281697
1036	-0.76	-0.769961	0.00281427
1037	-0.68	-0.769875	0.00281289
1038	-0.68	-0.769788	0.00281151
1039	-0.68	-0.769702	0.00281013
1040	-0.68	-0.769615	0.00280875
1041	-0.68	-0.769529	0.00280737
1042	-0.68	-0.769443	0.002806
1043	-0.68	-0.769358	0.00280462
1044	-0.68	-0.769272	0.00280323
1045	-0.68	-0.769187	0.00280185
1046	-0.76	-0.769178	0.00279919
1047	-0.76	-0.769169	0.00279653
1048	-0.76	-0.76916	0.00279387
1049	-0.76	-0.769152	0.00279122
1050	-0.84	-0.769219	0.00278938
1051	-0.76	-0.76921	0.00278673
1052	-0.84	-0.769278	0.0027849
1053	-0.76	-0.769269	0.00278226
1054	-0.68	-0.769184	0.00278091
1055	-0.76	-0.769175	0.00277829
1056	-0.76	-0.769167	0.00277567
1057	-0.76	-0.769158	0.00277306
1058	-0.76	-0.769149	0.00277045
1059	-0.68	-0.769065	0.00276911
1060	-0.76	-0.769057	0.00276651
1061	-0.68	-0.768973	0.00276518
1062	-0.68	-0.768889	0.00276384
1063	-0.68	-0.768805	0.00276251
1064	-0.6	-0.768647	0.00276447
1065	-0.68	-0.768563	0.00276312
1066	-0.6	-0.768405	0.00276505
1067	-0.68	-0.768322	0.0027637
1068	-0.76	-0.768315	0.00276113
1069	-0.68	-0.768232	0.00275978
1070	-0.6	-0.768075	0.00276168
1071	-0.76	-0.768067	0.00275911
1072	-0.68	-0.767985	0.00275776
1073	-0.76	-0.767978	0.0027552
1074	-0.76	-0.76797	0.00275264
1075	-0.76	-0.767963	0.00275009
1076	-0.76	-0.767955	0.00274754
1077	-0.68	-0.767874	0.0027462
1078	-0.44	-0.76757	0.00276046
1079	-0.6	-0.767414	0.00276227
1080	-0.52	-0.767185	0.0027692
1081	-0.68	-0.767105	0.00276782
1082	-0.6	-0.76695	0.00276957
1083	-0.76	-0.766944	0.00276702
1084	-0.76	-0.766937	0.00276447
1085	-0.68	-0.766857	0.00276308
1086	-0.76	-0.766851	0.00276054
1087	-0.68	-0.766771	0.00275916
1088	-0.76	-0.766765	0.00275663
1089	-0.76	-0.766758	0.0027541
1090	-0.84	-0.766826	0.0027524
1091	-0.92	-0.766966	0.00275345
1092	-0.84	-0.767033	0.00275174
1093	-0.92	-0.767173	0.00275279
1094	-0.92	-0.767313	0.00275381
1095	-0.92	-0.767452	0.00275483
1096	-0.84	-0.767518	0.00275311
1097	-0.84	-0.767584	0.00275139
1098	-0.92	-0.767723	0.00275239
1099	-0.92	-0.767862	0.00275337
1100	-0.92	-0.768	0.00275434
1101	-0.92	-0.768138	0.0027553
1102	-0.76	-0.768131	0.00275281
1103	-0.84	-0.768196	0.00275108
1104	-0.84	-0.768261	0.00274936
1105	-0.84	-0.768326	0.00274764
1106	-0.68	-0.768246	0.00274631
1107	-0.68	-0.768166	0.00274499
1108	-0.84	-0.768231	0.00274328
1109	-0.84	-0.768296	0.00274157
1110	-0.84	-0.76836	0.00273986
1111	-0.76	-0.768353	0.0027374
1112	-0.84	-0.768417	0.0027357
1113	-0.84	-0.768482	0.00273399
1114	-0.76	-0.768474	0.00273155
1115	-0.84	-0.768538	0.00272985
1116	-0.84	-0.768602	0.00272816
1117	-0.84	-0.768666	0.00272646
1118	-0.84	-0.76873	0.00272477
1119	-0.92	-0.768865	0.00272569
1120	-0.92	-0.769	0.00272659
1121	-0.92	-0.769135	0.00272749
1122	-0.92	-0.769269	0.00272837
1123	-0.76	-0.769261	0.00272595
1124	-0.76	-0.769253	0.00272354
1125	-0.84	-0.769316	0.00272185
1126	-0.84	-0.769378	0.00272015
1127	-0.6	-0.769228	0.00272189
1128	-0.52	-0.769007	0.00272844
1129	-0.68	-0.768928	0.00272716
1130	-0.6	-0.768779	0.00272884
1131	-0.76	-0.768771	0.00272644
1132	-0.76	-0.768763	0.00272404
1133	-0.76	-0.768756	0.00272165
1134	-0.68	-0.768677	0.00272037
1135	-0.68	-0.768599	0.0027191
1136	-0.68	-0.768521	0.00271782
1137	-0.76	-0.768514	0.00271544
1138	-0.84	-0.768576	0.00271378
1139	-0.84	-0.768639	0.00271212
1140	-0.76	-0.768632	0.00270975
1141	-0.68	-0.768554	0.00270849
1142	-0.76	-0.768546	0.00270613
1143	-0.6	-0.768399	0.00270778
1144	-0.6	-0.768252	0.00270941
1145	-0.76	-0.768245	0.00270705
1146	-0.76	-0.768237	0.0027047
1147	-0.68	-0.76816	0.00270343
1148	-0.76	-0.768153	0.00270109
1149	-0.76	-0.768146	0.00269874
1150	-0.68	-0.76807	0.00269749
1151	-0.6	-0.767924	0.00269909
1152	-0.68	-0.767847	0.00269783
1153	-0.76	-0.76784	0.0026955
1154	-0.76	-0.767834	0.00269317
1155	-0.84	-0.767896	0.00269156
1156	-0.92	-0.768028	0.00269245
1157	-0.92	-0.768159	0.00269333
1158	-0.92	-0.76829	0.00269419
1159	-0.92	-0.768421	0.00269505
1160	-0.92	-0.768552	0.00269589
1161	-0.92	-0.768682	0.00269673
1162	-0.84	-0.768744	0.0026951
1163	-0.84	-0.768805	0.00269348
1164	-0.84	-0.768866	0.00269186
1165	-0.76	-0.768858	0.00268956
1166	-0.76	-0.768851	0.00268726
1167	-0.76	-0.768843	0.00268497
1168	-0.68	-0.768767	0.00268375
1169	-0.76	-0.76876	0.00268146
1170	-0.76	-0.768752	0.00267918
1171	-0.76	-0.768745	0.0026769
1172	-0.84	-0.768805	0.00267531
1173	-0.84	-0.768866	0.00267372
1174	-0.92	-0.768995	0.00267454
1175	-0.84	-0.769055	0.00267294
1176	-0.84	-0.769116	0.00267135
1177	-0.76	-0.769108	0.00266909
1178	-0.68	-0.769032	0.0026679
1179	-0.76	-0.769025	0.00266564
1180	-0.84	-0.769085	0.00266406
1181	-0.84	-0.769145	0.00266248
1182	-0.84	-0.769205	0.00266091
1183	-0.76	-0.769197	0.00265867
1184	-0.84	-0.769257	0.00265709
1185	-0.76	-0.769249	0.00265486
1186	-0.68	-0.769174	0.00265369
1187	-0.76	-0.769166	0.00265146
1188	-0.76	-0.769158	0.00264924
1189	-0.84	-0.769218	0.00264768
1190	-0.84	-0.769277	0.00264613
1191	-0.84	-0.769337	0.00264457
1192	-0.76	-0.769329	0.00264236
1193	-0.76	-0.769321	0.00264016
1194	-0.6	-0.769179	0.00264176
1195	-0.6	-0.769038	0.00264334
1196	-0.6	-0.768896	0.00264491
1197	-0.68	-0.768822	0.00264374
1198	-0.76	-0.768815	0.00264154
1199	-0.76	-0.768807	0.00263935
1200	-0.76	-0.7688	0.00263716
1201	-0.84	-0.768859	0.00263563
1202	-0.84	-0.768918	0.0026341
1203	-0.76	-0.768911	0.00263192
1204	-0.76	-0.768904	0.00262974
1205	-0.68	-0.76883	0.00262859
1206	-0.76	-0.768823	0.00262642
1207	-0.76	-0.768815	0.00262426
1208	-0.84	-0.768874	0.00262275
1209	-0.68	-0.768801	0.00262161
1210	-0.76	-0.768793	0.00261945
1211	-0.6	-0.768654	0.00262099
1212	-0.68	-0.768581	0.00261985
1213	-0.68	-0.768508	0.00261871
1214	-0.68	-0.768435	0.00261757
1215	-0.76	-0.768428	0.00261542
1216	-0.76	-0.768421	0.00261328
1217	-0.6	-0.768283	0.00261479
1218	-0.6	-0.768144	0.0026163
1219	-0.76	-0.768138	0.00261416
1220	-0.76	-0.768131	0.00261202
1221	-0.76	-0.768124	0.00260989
1222	-0.84	-0.768183	0.00260842
1223	-0.84	-0.768242	0.00260695
1224	-0.84	-0.768301	0.00260548
1225	-0.84	-0.768359	0.00260401
1226	-0.84	-0.768418	0.00260254
1227	-0.76	-0.768411	0.00260042
1228	-0.92	-0.768534	0.00260124
1229	-0.92	-0.768657	0.00260204
1230	-0.84	-0.768715	0.00260057
1231	-0.76	-0.768708	0.00259847
1232	-0.76	-0.768701	0.00259637
1233	-0.76	-0.768694	0.00259427
1234	-0.6	-0.768558	0.00259577
1235	-0.84	-0.768615	0.00259431
1236	-0.84	-0.768673	0.00259285
1237	-0.84	-0.768731	0.0025914
1238	-0.84	-0.768788	0.00258994
1239	-0.84	-0.768846	0.00258849
1240	-0.84	-0.768903	0.00258704
1241	-0.84	-0.768961	0.00258559
1242	-0.84	-0.769018	0.00258414
1243	-0.84	-0.769075	0.00258269
1244	-0.92	-0.769196	0.00258346
1245	-0.76	-0.769189	0.0025814
1246	-0.84	-0.769246	0.00257995
1247	-0.76	-0.769238	0.00257789
1248	-0.68	-0.769167	0.00257682
1249	-0.76	-0.769159	0.00257477
1250	-0.76	-0.769152	0.00257272
1251	-0.76	-0.769145	0.00257067
1252	-0.68	-0.769073	0.0025696
1253	-0.68	-0.769002	0.00256853
1254	-0.68	-0.768931	0.00256747
1255	-0.76	-0.768924	0.00256543
1256	-0.68	-0.768854	0.00256436
1257	-0.68	-0.768783	0.0025633
1258	-0.68	-0.768712	0.00256223
1259	-0.68	-0.768642	0.00256116
1260	-0.68	-0.768571	0.0025601
1261	-0.76	-0.768565	0.00255808
1262	-0.76	-0.768558	0.00255606
1263	-0.76	-0.768551	0.00255404
1264	-0.68	-0.768481	0.00255298
1265	-0.76	-0.768474	0.00255097
1266	-0.68	-0.768404	0.00254991
1267	-0.68	-0.768335	0.00254885
1268	-0.68	-0.768265	0.0025478
1269	-0.76	-0.768258	0.0025458
1270	-0.68	-0.768189	0.00254474
1271	-0.76	-0.768183	0.00254275
1272	-0.76	-0.768176	0.00254075
1273	-0.76	-0.76817	0.00253876
1274	-0.76	-0.768163	0.00253678
1275	-0.84	-0.76822	0.00253542
1276	-0.76	-0.768213	0.00253344
1277	-0.76	-0.768207	0.00253146
1278	-0.84	-0.768263	0.0025301
1279	-0.76	-0.768256	0.00252813
1280	-0.6	-0.768125	0.00252957
1281	-0.84	-0.768181	0.00252822
1282	-0.84	-0.768237	0.00252687
1283	-0.76	-0.768231	0.00252491
1284	-0.68	-0.768162	0.00252387
1285	-0.76	-0.768156	0.00252192
1286	-0.68	-0.768087	0.00252089
1287	-0.6	-0.767956	0.00252231
1288	-0.76	-0.76795	0.00252036
1289	-0.6	-0.76782	0.00252177
1290	-0.68	-0.767752	0.00252074
1291	-0.68	-0.767684	0.0025197
1292	-0.68	-0.767616	0.00251866
1293	-0.76	-0.76761	0.00251672
1294	-0.84	-0.767666	0.0025154
1295	-0.68	-0.767598	0.00251437
1296	-0.76	-0.767593	0.00251243
1297	-0.76	-0.767587	0.0025105
1298	-0.68	-0.767519	0.00250947
1299	-0.68	-0.767452	0.00250845
1300	-0.68	-0.767385	0.00250742
1301	-0.76	-0.767379	0.0025055
1302	-0.68	-0.767312	0.00250447
1303	-0.76	-0.767306	0.00250255
1304	-0.76	-0.767301	0.00250064
1305	-0.6	-0.767172	0.00250201
1306	-0.6	-0.767044	0.00250337
1307	-0.6	-0.766917	0.00250472
1308	-0.52	-0.766728	0.00250991
1309	-0.6	-0.7666	0.00251122
1310	-0.76	-0.766595	0.00250931
1311	-0.68	-0.766529	0.00250827
1312	-0.84	-0.766585	0.00250698
1313	-0.84	-0.766641	0.00250569
1314	-0.76	-0.766636	0.00250379
1315	-0.84	-0.766692	0.00250251
1316	-0.76	-0.766687	0.00250061
1317	-0.76	-0.766682	0.00249872
1318	-0.84	-0.766737	0.00249744
1319	-0.84	-0.766793	0.00249616
1320	-0.76	-0.766788	0.00249428
1321	-0.6	-0.766662	0.00249558
1322	-0.68	-0.766596	0.00249456
1323	-0.84	-0.766652	0.00249329
1324	-0.76	-0.766647	0.00249141
1325	-0.76	-0.766642	0.00248953
1326	-0.68	-0.766576	0.00248851
1327	-0.84	-0.766631	0.00248725
1328	-0.84	-0.766687	0.00248599
1329	-0.84	-0.766742	0.00248473
1330	-0.76	-0.766737	0.00248287
1331	-0.76	-0.766732	0.00248101
1332	-0.76	-0.766727	0.00247915
1333	-0.68	-0.766662	0.00247814
1334	-0.76	-0.766657	0.00247629
1335	-0.52	-0.766472	0.00248132
1336	-0.68	-0.766407	0.00248031
1337	-0.76	-0.766402	0.00247846
1338	-0.76	-0.766398	0.00247661
1339	-0.76	-0.766393	0.00247477
1340	-0.76	-0.766388	0.00247292
1341	-0.76	-0.766383	0.00247108
1342	-0.76	-0.766379	0.00246924
1343	-0.92	-0.766493	0.00247006
1344	-0.76	-0.766488	0.00246822
1345	-0.84	-0.766543	0.00246699
1346	-0.84	-0.766597	0.00246576
1347	-0.92	-0.766711	0.00246656
1348	-0.92	-0.766825	0.00246735
1349	-0.92	-0.766938	0.00246814
1350	-0.92	-0.767052	0.00246891
1351	-0.84	-0.767106	0.00246767
1352	-0.84	-0.76716	0.00246644
1353	-0.84	-0.767214	0.0024652
1354	-0.92	-0.767326	0.00246596
1355	-0.92	-0.767439	0.00246672
1356	-0.84	-0.767493	0.00246548
1357	-0.92	-0.767605	0.00246622
1358	-0.76	-0.767599	0.00246441
1359	-0.68	-0.767535	0.00246344
1360	-0.84	-0.767588	0.00246221
1361	-0.68	-0.767524	0.00246124
1362	-0.6	-0.767401	0.0024625
1363	-0.68	-0.767337	0.00246153
1364	-0.76	-0.767331	0.00245973
1365	-0.68	-0.767267	0.00245876
1366	-0.76	-0.767262	0.00245697
1367	-0.76	-0.767257	0.00245518
1368	-0.84	-0.76731	0.00245396
1369	-0.68	-0.767246	0.00245299
1370	-0.76	-0.767241	0.00245121
1371	-0.76	-0.767236	0.00244942
1372	-0.76	-0.76723	0.00244764
1373	-0.6	-0.767109	0.00244889
1374	-0.6	-0.766987	0.00245013
1375	-0.76	-0.766982	0.00244835
1376	-0.76	-0.766977	0.00244658
1377	-0.76	-0.766972	0.00244481
1378	-0.76	-0.766967	0.00244304
1379	-0.68	-0.766904	0.00244208
1380	-0.76	-0.766899	0.00244031
1381	-0.76	-0.766894	0.00243855
1382	-0.76	-0.766889	0.00243679
1383	-0.84	-0.766941	0.0024356
1384	-0.76	-0.766936	0.00243385
1385	-0.76	-0.766931	0.00243209
1386	-0.6	-0.766811	0.00243332
1387	-0.6	-0.766691	0.00243454
1388	-0.68	-0.766628	0.00243358
1389	-0.68	-0.766566	0.00243263
1390	-0.68	-0.766504	0.00243168
1391	-0.84	-0.766556	0.0024305
1392	-0.76	-0.766552	0.00242876
1393	-0.84	-0.766604	0.00242759
1394	-0.84	-0.766657	0.00242642
1395	-0.84	-0.76671	0.00242525
1396	-0.84	-0.766762	0.00242408
1397	-0.84	-0.766815	0.00242291
1398	-0.76	-0.76681	0.00242118
1399	-0.76	-0.766805	0.00241946
1400	-0.76	-0.7668	0.00241773
1401	-0.92	-0.766909	0.00241848
1402	-0.84	-0.766961	0.00241732
1403	-0.92	-0.767071	0.00241805
1404	-0.84	-0.767123	0.00241689
1405	-0.84	-0.767174	0.00241573
1406	-0.84	-0.767226	0.00241456
1407	-0.6	-0.767107	0.00241577
1408	-0.6	-0.766989	0.00241697
1409	-0.6	-0.76687	0.00241816
1410	-0.6	-0.766752	0.00241934
1411	-0.68	-0.76669	0.00241841
1412	-0.68	-0.766629	0.00241747
1413	-0.6	-0.766511	0.00241864
1414	-0.6	-0.766393	0.0024198
1415	-0.6	-0.766276	0.00242094
1416	-0.76	-0.766271	0.00241924
1417	-0.76	-0.766267	0.00241753
1418	-0.76	-0.766262	0.00241583
1419	-0.76	-0.766258	0.00241413
1420	-0.76	-0.766254	0.00241244
1421	-0.76	-0.766249	0.00241074
1422	-0.6	-0.766132	0.00241188
1423	-0.84	-0.766184	0.00241074
1424	-0.92	-0.766292	0.00241147
1425	-0.92	-0.7664	0.00241219
1426	-0.84	-0.766452	0.00241105
1427	-0.76	-0.766447	0.00240936
1428	-0.84	-0.766499	0.00240823
1429	-0.84	-0.76655	0.00240709
1430	-0.84	-0.766601	0.00240596
1431	-0.84	-0.766653	0.00240482
1432	-0.84	-0.766704	0.00240369
1433	-0.76	-0.766699	0.00240201
1434	-0.68	-0.766639	0.0024011
1435	-0.76	-0.766634	0.00239943
1436	-0.6	-0.766518	0.00240056
1437	-0.6	-0.766402	0.00240169
1438	-0.68	-0.766342	0.00240077
1439	-0.84	-0.766393	0.00239965
1440	-0.84	-0.766444	0.00239853
1441	-0.76	-0.76644	0.00239687
1442	-0.76	-0.766436	0.00239521
1443	-0.76	-0.766431	0.00239355
1444	-0.84	-0.766482	0.00239244
1445	-0.76	-0.766478	0.00239078
1446	-0.68	-0.766418	0.00238988
1447	-0.6	-0.766303	0.00239099
1448	-0.68	-0.766243	0.00239008
1449	-0.68	-0.766184	0.00238918
1450	-0.76	-0.766179	0.00238753
1451	-0.76	-0.766175	0.00238589
1452	-0.76	-0.766171	0.00238425
1453	-0.6	-0.766056	0.00238535
1454	-0.52	-0.765887	0.00238971
1455	-0.6	-0.765773	0.00239079
1456	-0.68	-0.765714	0.00238987
1457	-0.68	-0.765655	0.00238895
1458	-0.68	-0.765597	0.00238804
1459	-0.76	-0.765593	0.0023864
1460	-0.76	-0.765589	0.00238477
1461	-0.84	-0.76564	0.00238368
1462	-0.84	-0.765691	0.00238259
1463	-0.84	-0.765742	0.00238151
1464	-0.84	-0.765792	0.00238042
1465	-0.84	-0.765843	0.00237933
1466	-0.84	-0.765894	0.00237825
1467	-0.84	-0.765944	0.00237716
1468	-0.76	-0.76594	0.00237555
1469	-0.76	-0.765936	0.00237393
1470	-0.76	-0.765932	0.00237232
1471	-0.68	-0.765874	0.00237143
1472	-0.68	-0.765815	0.00237053
1473	-0.68	-0.765757	0.00236964
1474	-0.68	-0.765699	0.00236875
1475	-0.68	-0.765641	0.00236785
1476	-0.76	-0.765637	0.00236625
1477	-0.68	-0.765579	0.00236536
1478	-0.84	-0.765629	0.00236429
1479	-0.84	-0.76568	0.00236323
1480	-0.84	-0.76573	0.00236217
1481	-0.68	-0.765672	0.00236128
1482	-0.76	-0.765668	0.00235969
1483	-0.76	-0.765664	0.0023581
1484	-0.84	-0.765714	0.00235704
1485	-0.84	-0.765764	0.00235599
1486	-0.76	-0.76576	0.00235441
1487	-0.76	-0.765757	0.00235282
1488	-0.68	-0.765699	0.00235195
1489	-0.76	-0.765695	0.00235037
1490	-0.68	-0.765638	0.0023495
1491	-0.76	-0.765634	0.00234793
1492	-0.76	-0.76563	0.00234635
1493	-0.76	-0.765626	0.00234478
1494	-0.84	-0.765676	0.00234374
1495	-0.84	-0.765726	0.0023427
1496	-0.76	-0.765722	0.00234114
1497	-0.76	-0.765718	0.00233958
1498	-0.68	-0.765661	0.00233872
1499	-0.68	-0.765604	0.00233785
1500	-0.84	-0.765653	0.00233682
1501	-0.92	-0.765756	0.00233753
1502	-0.84	-0.765806	0.00233649
1503	-0.84	-0.765855	0.00233546
1504	-0.84	-0.765904	0.00233443
1505	-0.84	-0.765953	0.00233339
1506	-0.84	-0.766003	0.00233236
1507	-0.6	-0.765893	0.00233342
1508	-0.68	-0.765836	0.00233256
1509	-0.68	-0.765779	0.00233171
1510	-0.76	-0.765775	0.00233017
1511	-0.6	-0.765665	0.00233121
1512	-0.68	-0.765608	0.00233036
1513	-0.76	-0.765605	0.00232882
1514	-0.76	-0.765601	0.00232728
1515	-0.84	-0.76565	0.00232627
1516	-0.84	-0.765699	0.00232525
1517	-0.84	-0.765748	0.00232423
1518	-0.84	-0.765797	0.00232321
1519	-0.68	-0.765741	0.00232237
1520	-0.84	-0.765789	0.00232136
1521	-0.84	-0.765838	0.00232034
1522	-0.84	-0.765887	0.00231933
1523	-0.84	-0.765936	0.00231832
1524	-0.84	-0.765984	0.00231731
1525	-0.84	-0.766033	0.00231629
1526	-0.76	-0.766029	0.00231478
1527	-0.84	-0.766077	0.00231377
1528	-0.84	-0.766126	0.00231276
1529	-0.76	-0.766122	0.00231125
1530	-0.76	-0.766118	0.00230974
1531	-0.84	-0.766166	0.00230874
1532	-0.84	-0.766214	0.00230773
1533	-0.76	-0.76621	0.00230623
1534	-0.68	-0.766154	0.00230541
1535	-0.76	-0.76615	0.00230391
1536	-0.76	-0.766146	0.00230242
1537	-0.84	-0.766194	0.00230142
1538	-0.76	-0.76619	0.00229993
1539	-0.84	-0.766238	0.00229893
1540	-0.68	-0.766182	0.00229812
1541	-0.84	-0.76623	0.00229713
1542	-0.92	-0.766329	0.0022978
1543	-0.84	-0.766377	0.00229681
1544	-0.84	-0.766425	0.00229582
1545	-0.84	-0.766472	0.00229483
1546	-0.84	-0.76652	0.00229383
1547	-0.84	-0.766568	0.00229284
1548	-0.92	-0.766667	0.0022935
1549	-0.92	-0.766766	0.00229416
1550	-0.84	-0.766813	0.00229317
1551	-0.84	-0.76686	0.00229217
1552	-0.84	-0.766907	0.00229118
1553	-0.84	-0.766954	0.00229019
1554	-0.84	-0.767001	0.0022892
1555	-0.76	-0.766997	0.00228773
1556	-0.76	-0.766992	0.00228626
1557	-0.76	-0.766988	0.0022848
1558	-0.68	-0.766932	0.00228401
1559	-0.68	-0.766876	0.00228323
1560	-0.76	-0.766872	0.00228177
1561	-0.76	-0.766867	0.00228031
1562	-0.84	-0.766914	0.00227933
1563	-0.84	-0.766961	0.00227835
1564	-0.76	-0.766957	0.0022769
1565	-0.76	-0.766952	0.00227545
1566	-0.76	-0.766948	0.002274
1567	-0.84	-0.766994	0.00227303
1568	-0.92	-0.767092	0.00227367
1569	-0.92	-0.767189	0.00227431
1570	-0.84	-0.767236	0.00227333
1571	-0.84	-0.767282	0.00227236
1572	-0.84	-0.767328	0.00227138
1573	-0.84	-0.767374	0.00227041
1574	-0.84	-0.767421	0.00226944
1575	-0.84	-0.767467	0.00226846
1576	-0.76	-0.767462	0.00226703
1577	-0.84	-0.767508	0.00226606
1578	-0.84	-0.767554	0.00226509
1579	-0.92	-0.76765	0.00226571
1580	-0.92	-0.767747	0.00226633
1581	-0.92	-0.767843	0.00226694
1582	-0.84	-0.767889	0.00226596
1583	-0.76	-0.767884	0.00226454
1584	-0.76	-0.767879	0.00226311
1585	-0.76	-0.767874	0.00226169
1586	-0.76	-0.767869	0.00226027
1587	-0.76	-0.767864	0.00225885
1588	-0.76	-0.767859	0.00225743
1589	-0.84	-0.767904	0.00225647
1590	-0.68	-0.767849	0.00225573
1591	-0.76	-0.767844	0.00225431
1592	-0.76	-0.767839	0.0022529
1593	-0.76	-0.767834	0.00225149
1594	-0.76	-0.767829	0.00225009
1595	-0.6	-0.767724	0.00225113
1596	-0.6	-0.767619	0.00225218
1597	-0.84	-0.767664	0.00225122
1598	-0.84	-0.76771	0.00225027
1599	-0.76	-0.767705	0.00224887
1600	-0.76	-0.7677	0.00224747
1601	-0.84	-0.767745	0.00224652
1602	-0.84	-0.76779	0.00224557
1603	-0.84	-0.767835	0.00224462
1604	-0.92	-0.76793	0.00224522
1605	-0.68	-0.767875	0.00224449
1606	-0.76	-0.76787	0.0022431
1607	-0.92	-0.767965	0.0022437
1608	-0.84	-0.76801	0.00224275
1609	-0.84	-0.768055	0.0022418
1610	-0.84	-0.768099	0.00224086
1611	-0.68	-0.768045	0.00224013
1612	-0.68	-0.76799	0.00223941
1613	-0.6	-0.767886	0.00224044
1614	-0.6	-0.767782	0.00224147
1615	-0.68	-0.767728	0.00224074
1616	-0.76	-0.767723	0.00223936
1617	-0.6	-0.767619	0.00224037
1618	-0.76	-0.767614	0.00223899
1619	-0.84	-0.767659	0.00223806
1620	-0.84	-0.767704	0.00223712
1621	-0.84	-0.767748	0.00223619
1622	-0.84	-0.767793	0.00223525
1623	-0.84	-0.767837	0.00223432
1624	-0.76	-0.767833	0.00223294
1625	-0.68	-0.767778	0.00223222
1626	-0.76	-0.767774	0.00223086
1627	-0.84	-0.767818	0.00222993
1628	-0.84	-0.767862	0.002229
1629	-0.84	-0.767907	0.00222807
1630	-0.76	-0.767902	0.00222671
1631	-0.76	-0.767897	0.00222535
1632	-0.76	-0.767892	0.00222399
1633	-0.84	-0.767936	0.00222306
1634	-0.76	-0.767931	0.00222171
1635	-0.68	-0.767878	0.002221
1636	-0.68	-0.767824	0.00222029
1637	-0.6	-0.767721	0.0022213
1638	-0.76	-0.767717	0.00221995
1639	-0.76	-0.767712	0.0022186
1640	-0.76	-0.767707	0.00221725
1641	-0.76	-0.767703	0.00221591
1642	-0.76	-0.767698	0.00221456
1643	-0.84	-0.767742	0.00221365
1644	-0.84	-0.767786	0.00221274
1645	-0.84	-0.76783	0.00221183
1646	-0.76	-0.767825	0.00221049
1647	-0.76	-0.76782	0.00220915
1648	-0.84	-0.767864	0.00220825
1649	-0.84	-0.767908	0.00220734
1650	-0.84	-0.767952	0.00220644
1651	-0.84	-0.767995	0.00220553
1652	-0.84	-0.768039	0.00220463
1653	-0.84	-0.768082	0.00220372
1654	-0.76	-0.768077	0.00220239
1655	-0.84	-0.768121	0.00220149
1656	-0.76	-0.768116	0.00220017
1657	-0.84	-0.768159	0.00219927
1658	-0.68	-0.768106	0.00219858
1659	-0.76	-0.768101	0.00219726
1660	-0.92	-0.768193	0.00219785
1661	-0.92	-0.768284	0.00219842
1662	-0.76	-0.768279	0.00219711
1663	-0.76	-0.768274	0.00219579
1664	-0.76	-0.768269	0.00219447
1665	-0.76	-0.768264	0.00219316
1666	-0.76	-0.768259	0.00219185
1667	-0.76	-0.768254	0.00219054
1668	-0.68	-0.768201	0.00218987
1669	-0.68	-0.768149	0.00218919
1670	-0.68	-0.768096	0.00218852
1671	-0.6	-0.767995	0.00218952
1672	-0.6	-0.767895	0.00219052
1673	-0.6	-0.767794	0.0021915
1674	-0.68	-0.767742	0.00219082
1675	-0.68	-0.76769	0.00219014
1676	-0.68	-0.767637	0.00218946
1677	-0.76	-0.767633	0.00218816
1678	-0.76	-0.767628	0.00218686
1679	-0.68	-0.767576	0.00218618
1680	-0.76	-0.767571	0.00218488
1681	-0.68	-0.767519	0.0021842
1682	-0.6	-0.76742	0.00218517
1683	-0.6	-0.76732	0.00218614
1684	-0.68	-0.767268	0.00218546
1685	-0.68	-0.767217	0.00218477
1686	-0.84	-0.76726	0.0021839
1687	-0.76	-0.767255	0.00218261
1688	-0.84	-0.767299	0.00218175
1689	-0.84	-0.767342	0.00218088
1690	-0.76	-0.767337	0.00217959
1691	-0.84	-0.76738	0.00217873
1692	-0.84	-0.767423	0.00217786
1693	-0.84	-0.767466	0.002177
1694	-0.68	-0.767414	0.00217632
1695	-0.68	-0.767363	0.00217565
1696	-0.68	-0.767311	0.00217498
1697	-0.68	-0.76726	0.0021743
1698	-0.76	-0.767256	0.00217303
1699	-0.84	-0.767298	0.00217217
1700	-0.84	-0.767341	0.00217131
1701	-0.76	-0.767337	0.00217004
1702	-0.76	-0.767333	0.00216877
1703	-0.76	-0.767328	0.0021675
1704	-0.76	-0.767324	0.00216623
1705	-0.84	-0.767367	0.00216538
1706	-0.84	-0.767409	0.00216453
1707	-0.76	-0.767405	0.00216327
1708	-0.84	-0.767447	0.00216242
1709	-0.76	-0.767443	0.00216116
1710	-0.76	-0.767439	0.0021599
1711	-0.68	-0.767387	0.00215924
1712	-0.68	-0.767336	0.00215858
1713	-0.6	-0.767239	0.00215953
1714	-0.76	-0.767235	0.00215827
1715	-0.76	-0.76723	0.00215702
1716	-0.76	-0.767226	0.00215577
1717	-0.76	-0.767222	0.00215451
1718	-0.76	-0.767218	0.00215326
1719	-0.76	-0.767213	0.00215201
1720	-0.84	-0.767256	0.00215118
1721	-0.84	-0.767298	0.00215034
1722	-0.76	-0.767294	0.0021491
1723	-0.84	-0.767336	0.00214827
1724	-0.84	-0.767378	0.00214743
1725	-0.84	-0.76742	0.0021466
1726	-0.76	-0.767416	0.00214536
1727	-0.84	-0.767458	0.00214453
1728	-0.84	-0.7675	0.0021437
1729	-0.76	-0.767496	0.00214246
1730	-0.68	-0.767445	0.00214182
1731	-0.76	-0.767441	0.00214059
1732	-0.76	-0.767436	0.00213936
1733	-0.76	-0.767432	0.00213813
1734	-0.76	-0.767428	0.0021369
1735	-0.76	-0.767424	0.00213567
1736	-0.76	-0.767419	0.00213444
1737	-0.76	-0.767415	0.00213322
1738	-0.76	-0.767411	0.002132
1739	-0.76	-0.767407	0.00213077
1740	-0.76	-0.767402	0.00212955
1741	-0.76	-0.767398	0.00212833
1742	-0.76	-0.767394	0.00212712
1743	-0.76	-0.76739	0.0021259
1744	-0.76	-0.767385	0.00212468
1745	-0.92	-0.767473	0.00212527
1746	-0.84	-0.767514	0.00212445
1747	-0.76	-0.76751	0.00212324
1748	-0.76	-0.767506	0.00212203
1749	-0.76	-0.767501	0.00212082
1750	-0.76	-0.767497	0.00211961
1751	-0.84	-0.767539	0.00211881
1752	-0.84	-0.76758	0.002118
1753	-0.84	-0.767621	0.0021172
1754	-0.84	-0.767662	0.00211639
1755	-0.76	-0.767658	0.00211519
1756	-0.76	-0.767654	0.00211399
1757	-0.76	-0.767649	0.00211279
1758	-0.84	-0.767691	0.00211199
1759	-0.68	-0.767641	0.00211138
1760	-0.68	-0.767591	0.00211077
1761	-0.6	-0.767496	0.00211171
1762	-0.68	-0.767446	0.0021111
1763	-0.76	-0.767442	0.0021099
1764	-0.76	-0.767438	0.00210871
1765	-0.84	-0.767479	0.00210792
1766	-0.84	-0.76752	0.00210712
1767	-0.84	-0.767561	0.00210633
1768	-0.76	-0.767557	0.00210514
1769	-0.76	-0.767552	0.00210396
1770	-0.68	-0.767503	0.00210335
1771	-0.68	-0.767453	0.00210274
1772	-0.6	-0.767359	0.00210368
1773	-0.6	-0.767265	0.00210461
1774	-0.52	-0.767125	0.00210804
1775	-0.68	-0.767076	0.00210742
1776	-0.68	-0.767027	0.0021068
1777	-0.6	-0.766933	0.00210771
1778	-0.6	-0.766839	0.00210862
1779	-0.52	-0.7667	0.002112
1780	-0.52	-0.766562	0.00211535
1781	-0.52	-0.766423	0.00211869
1782	-0.6	-0.76633	0.00211956
1783	-0.6	-0.766237	0.00212043
1784	-0.68	-0.766188	0.00211979
1785	-0.68	-0.76614	0.00211915
1786	-0.68	-0.766092	0.00211851
1787	-0.76	-0.766088	0.00211733
1788	-0.76	-0.766085	0.00211615
1789	-0.76	-0.766082	0.00211497
1790	-0.76	-0.766078	0.00211379
1791	-0.6	-0.765985	0.00211464
1792	-0.52	-0.765848	0.00211792
1793	-0.52	-0.765711	0.00212117
1794	-0.76	-0.765708	0.00211999
1795	-0.76	-0.765705	0.00211881
1796	-0.76	-0.765702	0.00211763
1797	-0.76	-0.765698	0.00211646
1798	-0.68	-0.765651	0.00211582
1799	-0.68	-0.765603	0.00211518
1800	-0.68	-0.765556	0.00211454
1801	-0.68	-0.765508	0.0021139
1802	-0.68	-0.765461	0.00211325
1803	-0.76	-0.765458	0.00211208
1804	-0.68	-0.76541	0.00211145
1805	-0.68	-0.765363	0.00211081
1806	-0.6	-0.765271	0.00211162
1807	-0.68	-0.765224	0.00211098
1808	-0.68	-0.765177	0.00211034
1809	-0.68	-0.76513	0.0021097
1810	-0.76	-0.765127	0.00210853
1811	-0.84	-0.765168	0.00210778
1812	-0.84	-0.76521	0.00210702
1813	-0.84	-0.765251	0.00210626
1814	-0.84	-0.765292	0.0021055
1815	-0.76	-0.765289	0.00210434
1816	-0.92	-0.765374	0.00210491
1817	-0.84	-0.765416	0.00210415
1818	-0.84	-0.765457	0.00210339
1819	-0.92	-0.765542	0.00210395
1820	-0.84	-0.765582	0.00210319
1821	-0.76	-0.765579	0.00210204
1822	-0.68	-0.765532	0.00210141
1823	-0.84	-0.765573	0.00210065
1824	-0.68	-0.765526	0.00210003
1825	-0.76	-0.765523	0.00209888
1826	-0.84	-0.765564	0.00209812
1827	-0.84	-0.765605	0.00209737
1828	-0.84	-0.765646	0.00209662
1829	-0.76	-0.765642	0.00209547
1830	-0.84	-0.765683	0.00209472
1831	-0.76	-0.76568	0.00209358
1832	-0.92	-0.765764	0.00209413
1833	-0.84	-0.765805	0.00209338
1834	-0.84	-0.765845	0.00209263
1835	-0.84	-0.765886	0.00209188
1836	-0.84	-0.765926	0.00209113
1837	-0.84	-0.765966	0.00209038
1838	-0.84	-0.766007	0.00208963
1839	-0.92	-0.76609	0.00209017
1840	-0.92	-0.766174	0.00209071
1841	-0.92	-0.766257	0.00209125
1842	-0.92	-0.766341	0.00209178
1843	-0.92	-0.766424	0.0020923
1844	-0.92	-0.766508	0.00209282
1845	-0.76	-0.766504	0.00209169
1846	-0.76	-0.766501	0.00209056
1847	-0.76	-0.766497	0.00208943
1848	-0.84	-0.766537	0.00208868
1849	-0.84	-0.766577	0.00208793
1850	-0.84	-0.766616	0.00208718
1851	-0.84	-0.766656	0.00208643
1852	-0.92	-0.766739	0.00208694
1853	-0.92	-0.766821	0.00208746
1854	-0.92	-0.766904	0.00208796
1855	-0.92	-0.766987	0.00208847
1856	-0.92	-0.767069	0.00208897
1857	-0.92	-0.767151	0.00208947
1858	-0.84	-0.767191	0.00208871
1859	-0.92	-0.767273	0.00208921
1860	-0.92	-0.767355	0.0020897
1861	-0.84	-0.767394	0.00208894
1862	-0.84	-0.767433	0.00208818
1863	-0.84	-0.767472	0.00208742
1864	-0.84	-0.767511	0.00208667
1865	-0.84	-0.76755	0.00208591
1866	-0.84	-0.767588	0.00208515
1867	-0.76	-0.767584	0.00208404
1868	-0.76	-0.76758	0.00208293
1869	-0.6	-0.767491	0.00208374
1870	-0.68	-0.767444	0.00208315
1871	-0.76	-0.76744	0.00208204
1872	-0.68	-0.767393	0.00208146
1873	-0.68	-0.767347	0.00208087
1874	-0.52	-0.767215	0.00208394
1875	-0.76	-0.767211	0.00208283
1876	-0.68	-0.767164	0.00208224
1877	-0.6	-0.767075	0.00208304
1878	-0.76	-0.767071	0.00208193
1879	-0.76	-0.767068	0.00208082
1880	-0.76	-0.767064	0.00207972
1881	-0.84	-0.767103	0.00207898
1882	-0.92	-0.767184	0.00207946
1883	-0.84	-0.767223	0.00207871
1884	-0.84	-0.767261	0.00207797
1885	-0.84	-0.7673	0.00207723
1886	-0.84	-0.767338	0.00207648
1887	-0.84	-0.767377	0.00207574
1888	-0.84	-0.767415	0.00207499
1889	-0.92	-0.767496	0.00207547
1890	-0.92	-0.767577	0.00207594
1891	-0.92	-0.767657	0.00207641
1892	-0.92	-0.767738	0.00207687
1893	-0.92	-0.767818	0.00207733
1894	-0.84	-0.767856	0.00207658
1895	-0.84	-0.767894	0.00207584
1896	-0.76	-0.76789	0.00207474
1897	-0.76	-0.767886	0.00207365
1898	-0.76	-0.767882	0.00207257
1899	-0.76	-0.767878	0.00207148
1900	-0.84	-0.767916	0.00207074
1901	-0.84	-0.767954	0.00206999
1902	-0.92	-0.768034	0.00207045
1903	-0.92	-0.768114	0.0020709
1904	-0.92	-0.768193	0.00207135
1905	-0.92	-0.768273	0.0020718
1906	-0.92	-0.768353	0.00207224
1907	-0.76	-0.768348	0.00207116
1908	-0.76	-0.768344	0.00207007
1909	-0.76	-0.768339	0.00206899
1910	-0.76	-0.768335	0.00206792
1911	-0.68	-0.768289	0.00206735
1912	-0.76	-0.768285	0.00206627
1913	-0.68	-0.768238	0.00206571
1914	-0.68	-0.768192	0.00206514
1915	-0.76	-0.768188	0.00206407
1916	-0.76	-0.768184	0.002063
1917	-0.76	-0.768179	0.00206192
1918	-0.76	-0.768175	0.00206085
1919	-0.76	-0.768171	0.00205978
1920	-0.76	-0.768167	0.00205871
1921	-0.76	-0.768162	0.00205765
1922	-0.76	-0.768158	0.00205658
1923	-0.76	-0.768154	0.00205551
1924	-0.76	-0.76815	0.00205445
1925	-0.68	-0.768104	0.00205389
1926	-0.84	-0.768141	0.00205317
1927	-0.84	-0.768179	0.00205244
1928	-0.84	-0.768216	0.00205171
1929	-0.84	-0.768253	0.00205099
1930	-0.84	-0.76829	0.00205026
1931	-0.84	-0.768327	0.00204953
1932	-0.6	-0.76824	0.00205033
1933	-0.68	-0.768195	0.00204977
1934	-0.76	-0.76819	0.00204872
1935	-0.84	-0.768227	0.00204799
1936	-0.76	-0.768223	0.00204694
1937	-0.76	-0.768219	0.00204589
1938	-0.84	-0.768256	0.00204517
1939	-0.84	-0.768293	0.00204445
1940	-0.6	-0.768206	0.00204523
1941	-0.6	-0.76812	0.00204602
1942	-0.68	-0.768074	0.00204547
1943	-0.68	-0.768029	0.00204492
1944	-0.76	-0.768025	0.00204387
1945	-0.6	-0.767938	0.00204464
1946	-0.76	-0.767934	0.00204359
1947	-0.76	-0.76793	0.00204255
1948	-0.68	-0.767885	0.002042
1949	-0.68	-0.76784	0.00204145
1950	-0.76	-0.767836	0.00204041
1951	-0.76	-0.767832	0.00203936
1952	-0.76	-0.767828	0.00203832
1953	-0.76	-0.767824	0.00203728
1954	-0.76	-0.76782	0.00203624
1955	-0.68	-0.767775	0.0020357
1956	-0.84	-0.767812	0.00203499
1957	-0.76	-0.767808	0.00203396
1958	-0.76	-0.767804	0.00203292
1959	-0.76	-0.7678	0.00203189
1960	-0.76	-0.767796	0.00203085
1961	-0.84	-0.767833	0.00203015
1962	-0.84	-0.76787	0.00202945
1963	-0.84	-0.767906	0.00202875
1964	-0.84	-0.767943	0.00202805
1965	-0.84	-0.76798	0.00202735
1966	-0.84	-0.768016	0.00202665
1967	-0.76	-0.768012	0.00202562
1968	-0.68	-0.767967	0.00202508
1969	-0.76	-0.767963	0.00202406
1970	-0.68	-0.767919	0.00202352
1971	-0.68	-0.767874	0.00202299
1972	-0.6	-0.767789	0.00202375
1973	-0.68	-0.767745	0.00202322
1974	-0.68	-0.7677	0.00202268
1975	-0.68	-0.767656	0.00202214
1976	-0.68	-0.767611	0.00202161
1977	-0.6	-0.767527	0.00202236
1978	-0.68	-0.767482	0.00202182
1979	-0.68	-0.767438	0.00202129
1980	-0.52	-0.767313	0.00202413
1981	-0.68	-0.767269	0.00202358
1982	-0.68	-0.767225	0.00202304
1983	-0.68	-0.767181	0.0020225
1984	-0.76	-0.767177	0.00202148
1985	-0.68	-0.767134	0.00202094
1986	-0.76	-0.76713	0.00201993
1987	-0.68	-0.767086	0.00201939
1988	-0.76	-0.767082	0.00201837
1989	-0.76	-0.767079	0.00201736
1990	-0.68	-0.767035	0.00201682
1991	-0.68	-0.766991	0.00201628
1992	-0.76	-0.766988	0.00201527
1993	-0.68	-0.766944	0.00201474
1994	-0.76	-0.766941	0.00201373
1995	-0.68	-0.766897	0.00201319
1996	-0.68	-0.766854	0.00201265
1997	-0.76	-0.76685	0.00201165
1998	-0.76	-0.766847	0.00201064
1999	-0.76	-0.766843	0.00200964
2000	-0.68	-0.7668	0.0020091
