1	-0.52	-0.52	0
2	-0.6	-0.56	0.04
3	-0.6	-0.573333	0.0266667
4	-0.6	-0.58	0.02
5	-0.68	-0.6	0.0252982
6	-0.68	-0.613333	0.0245855
7	-0.68	-0.622857	0.0228571
8	-0.76	-0.64	0.0261861
9	-0.84	-0.662222	0.0320493
10	-0.84	-0.68	0.033731
11	-0.92	-0.701818	0.0375092
12	-0.92	-0.72	0.0387689
13	-0.92	-0.735385	0.0388392
14	-0.92	-0.748571	0.0382998
15	-0.92	-0.76	0.037442
16	-0.92	-0.77	0.0364234
17	-0.92	-0.778824	0.0353333
18	-0.92	-0.786667	0.0342234
19	-0.92	-0.793684	0.033124
20	-0.92	-0.8	0.0320526
21	-0.92	-0.805714	0.031019
22	-0.92	-0.810909	0.0300282
23	-0.92	-0.815652	0.0290823
24	-0.92	-0.82	0.0281816
25	-0.92	-0.824	0.0273252
26	-0.92	-0.827692	0.0265116
27	-0.92	-0.831111	0.0257388
28	-0.92	-0.834286	0.0250049
29	-0.92	-0.837241	0.0243076
30	-0.92	-0.84	0.0236449
31	-0.92	-0.842581	0.0230146
32	-0.92	-0.845	0.0224147
33	-0.92	-0.847273	0.0218434
34	-0.92	-0.849412	0.0212989
35	-0.92	-0.851429	0.0207795
36	-0.92	-0.853333	0.0202837
37	-0.92	-0.855135	0.01981
38	-0.92	-0.856842	0.019357
39	-0.92	-0.858462	0.0189236
40	-0.92	-0.86	0.0185085
41	-0.92	-0.861463	0.0181106
42	-0.92	-0.862857	0.017729
43	-0.92	-0.864186	0.0173628
44	-0.92	-0.865455	0.0170109
45	-0.92	-0.866667	0.0166727
46	-0.92	-0.867826	0.0163474
47	-0.92	-0.868936	0.0160343
48	-0.92	-0.87	0.0157327
49	-0.92	-0.87102	0.015442
50	-0.92	-0.872	0.0151617
51	-0.92	-0.872941	0.0148912
52	-0.92	-0.873846	0.0146301
53	-0.92	-0.874717	0.0143778
54	-0.84	-0.874074	0.0141236
55	-0.84	-0.873455	0.0138783
56	-0.84	-0.872857	0.0136413
57	-0.84	-0.872281	0.0134122
58	-0.92	-0.873103	0.0132046
59	-0.92	-0.873898	0.0130032
60	-0.92	-0.874667	0.0128077
61	-0.92	-0.87541	0.0126179
62	-0.92	-0.876129	0.0124335
63	-0.92	-0.876825	0.0122544
64	-0.92	-0.8775	0.0120803
65	-0.92	-0.878154	0.0119109
66	-0.92	-0.878788	0.0117462
67	-0.92	-0.879403	0.0115859
68	-0.92	-0.88	0.0114298
69	-0.92	-0.88058	0.0112779
70	-0.92	-0.881143	0.0111298
71	-0.92	-0.88169	0.0109856
72	-0.92	-0.882222	0.010845
73	-0.92	-0.88274	0.0107079
74	-0.92	-0.883243	0.0105742
75	-0.92	-0.883733	0.0104438
76	-0.92	-0.884211	0.0103165
77	-0.92	-0.884675	0.0101922
78	-0.92	-0.885128	0.0100709
79	-0.92	-0.88557	0.00995241
80	-0.92	-0.886	0.00983664
81	-0.92	-0.88642	0.00972351
82	-0.92	-0.886829	0.00961292
83	-0.92	-0.887229	0.0095048
84	-0.92	-0.887619	0.00939907
85	-0.92	-0.888	0.00929564
86	-0.92	-0.888372	0.00919445
87	-0.92	-0.888736	0.00909542
88	-0.92	-0.889091	0.00899849
89	-0.92	-0.889438	0.00890358
90	-0.92	-0.889778	0.00881064
91	-0.92	-0.89011	0.00871961
92	-0.92	-0.890435	0.00863043
93	-0.92	-0.890753	0.00854304
94	-0.92	-0.891064	0.00845739
95	-0.92	-0.891368	0.00837344
96	-0.92	-0.891667	0.00829112
97	-0.92	-0.891959	0.0082104
98	-0.92	-0.892245	0.00813122
99	-0.92	-0.892525	0.00805355
100	-0.92	-0.8928	0.00797734
101	-0.92	-0.893069	0.00790255
102	-0.92	-0.893333	0.00782915
103	-0.92	-0.893592	0.00775708
104	-0.92	-0.893846	0.00768633
105	-0.92	-0.894095	0.00761685
106	-0.92	-0.89434	0.00754861
107	-0.92	-0.894579	0.00748157
108	-0.92	-0.894815	0.00741571
109	-0.92	-0.895046	0.00735099
110	-0.92	-0.895273	0.00728739
111	-0.92	-0.895495	0.00722488
112	-0.92	-0.895714	0.00716342
113	-0.92	-0.895929	0.007103
114	-0.92	-0.89614	0.00704358
115	-0.92	-0.896348	0.00698514
116	-0.92	-0.896552	0.00692767
117	-0.92	-0.896752	0.00687112
118	-0.92	-0.896949	0.00681549
119	-0.92	-0.897143	0.00676075
120	-0.92	-0.897333	0.00670688
121	-0.92	-0.897521	0.00665386
122	-0.92	-0.897705	0.00660167
123	-0.92	-0.897886	0.00655028
124	-0.92	-0.898065	0.00649969
125	-0.92	-0.89824	0.00644987
126	-0.92	-0.898413	0.00640081
127	-0.92	-0.898583	0.00635248
128	-0.92	-0.89875	0.00630488
129	-0.92	-0.898915	0.00625798
130	-0.92	-0.899077	0.00621177
131	-0.92	-0.899237	0.00616624
132	-0.92	-0.899394	0.00612137
133	-0.92	-0.899549	0.00607715
134	-0.92	-0.899701	0.00603355
135	-0.92	-0.899852	0.00599058
136	-0.92	-0.9	0.00594822
137	-0.92	-0.900146	0.00590644
138	-0.92	-0.90029	0.00586525
139	-0.92	-0.900432	0.00582463
140	-0.92	-0.900571	0.00578456
141	-0.92	-0.900709	0.00574504
142	-0.92	-0.900845	0.00570606
143	-0.92	-0.900979	0.0056676
144	-0.92	-0.901111	0.00562965
145	-0.92	-0.901241	0.00559221
146	-0.92	-0.90137	0.00555526
147	-0.92	-0.901497	0.0055188
148	-0.92	-0.901622	0.00548281
149	-0.92	-0.901745	0.00544728
150	-0.92	-0.901867	0.00541221
151	-0.92	-0.901987	0.00537759
152	-0.92	-0.902105	0.00534341
153	-0.92	-0.902222	0.00530966
154	-0.92	-0.902338	0.00527633
155	-0.92	-0.902452	0.00524342
156	-0.92	-0.902564	0.00521091
157	-0.92	-0.902675	0.00517881
158	-0.92	-0.902785	0.00514709
159	-0.92	-0.902893	0.00511577
160	-0.92	-0.903	0.00508482
161	-0.92	-0.903106	0.00505424
162	-0.92	-0.90321	0.00502402
163	-0.92	-0.903313	0.00499417
164	-0.92	-0.903415	0.00496467
165	-0.92	-0.903515	0.00493551
166	-0.92	-0.903614	0.00490669
167	-0.92	-0.903713	0.00487821
168	-0.92	-0.90381	0.00485005
169	-0.92	-0.903905	0.00482222
170	-0.92	-0.904	0.00479471
171	-0.92	-0.904094	0.0047675
172	-0.92	-0.904186	0.00474061
173	-0.92	-0.904277	0.00471401
174	-0.92	-0.904368	0.00468771
175	-0.92	-0.904457	0.0046617
176	-0.92	-0.904545	0.00463598
177	-0.92	-0.904633	0.00461054
178	-0.92	-0.904719	0.00458538
179	-0.92	-0.904804	0.00456049
180	-0.92	-0.904889	0.00453587
181	-0.92	-0.904972	0.00451151
182	-0.92	-0.905055	0.00448741
183	-0.92	-0.905137	0.00446357
184	-0.92	-0.905217	0.00443998
185	-0.92	-0.905297	0.00441664
186	-0.92	-0.905376	0.00439354
187	-0.92	-0.905455	0.00437068
188	-0.92	-0.905532	0.00434806
189	-0.92	-0.905608	0.00432567
190	-0.92	-0.905684	0.00430351
191	-0.92	-0.905759	0.00428158
192	-0.92	-0.905833	0.00425987
193	-0.92	-0.905907	0.00423837
194	-0.92	-0.905979	0.00421709
195	-0.92	-0.906051	0.00419603
196	-0.92	-0.906122	0.00417517
197	-0.92	-0.906193	0.00415452
198	-0.92	-0.906263	0.00413407
199	-0.92	-0.906332	0.00411383
200	-0.92	-0.9064	0.00409378
201	-0.92	-0.906468	0.00407392
202	-0.92	-0.906535	0.00405425
203	-0.92	-0.906601	0.00403478
204	-0.92	-0.906667	0.00401549
205	-0.92	-0.906732	0.00399638
206	-0.92	-0.906796	0.00397746
207	-0.92	-0.90686	0.00395871
208	-0.92	-0.906923	0.00394014
209	-0.92	-0.906986	0.00392174
210	-0.92	-0.907048	0.00390351
211	-0.92	-0.907109	0.00388545
212	-0.92	-0.90717	0.00386756
213	-0.92	-0.90723	0.00384983
214	-0.92	-0.90729	0.00383226
215	-0.92	-0.907349	0.00381485
216	-0.92	-0.907407	0.0037976
217	-0.92	-0.907465	0.00378051
218	-0.92	-0.907523	0.00376357
219	-0.92	-0.90758	0.00374677
220	-0.92	-0.907636	0.00373013
221	-0.92	-0.907692	0.00371364
222	-0.92	-0.907748	0.00369729
223	-0.92	-0.907803	0.00368108
224	-0.92	-0.907857	0.00366501
225	-0.92	-0.907911	0.00364909
226	-0.92	-0.907965	0.0036333
227	-0.92	-0.908018	0.00361765
228	-0.92	-0.90807	0.00360213
229	-0.92	-0.908122	0.00358674
230	-0.92	-0.908174	0.00357149
231	-0.92	-0.908225	0.00355636
232	-0.92	-0.908276	0.00354136
233	-0.92	-0.908326	0.00352649
234	-0.92	-0.908376	0.00351174
235	-0.92	-0.908426	0.00349712
236	-0.92	-0.908475	0.00348261
237	-0.92	-0.908523	0.00346823
238	-0.92	-0.908571	0.00345396
239	-0.92	-0.908619	0.00343981
240	-0.92	-0.908667	0.00342578
241	-0.92	-0.908714	0.00341186
242	-0.92	-0.90876	0.00339805
243	-0.92	-0.908807	0.00338435
244	-0.92	-0.908852	0.00337076
245	-0.92	-0.908898	0.00335729
246	-0.92	-0.908943	0.00334392
247	-0.92	-0.908988	0.00333065
248	-0.92	-0.909032	0.00331749
249	-0.92	-0.909076	0.00330443
250	-0.92	-0.90912	0.00329148
251	-0.92	-0.909163	0.00327863
252	-0.92	-0.909206	0.00326587
253	-0.92	-0.909249	0.00325322
254	-0.92	-0.909291	0.00324066
255	-0.92	-0.909333	0.0032282
256	-0.92	-0.909375	0.00321584
257	-0.92	-0.909416	0.00320357
258	-0.92	-0.909457	0.00319139
259	-0.92	-0.909498	0.0031793
260	-0.92	-0.909538	0.00316731
261	-0.92	-0.909579	0.00315541
262	-0.92	-0.909618	0.00314359
263	-0.92	-0.909658	0.00313186
264	-0.92	-0.909697	0.00312022
265	-0.92	-0.909736	0.00310867
266	-0.92	-0.909774	0.0030972
267	-0.92	-0.909813	0.00308582
268	-0.92	-0.909851	0.00307452
269	-0.92	-0.909888	0.0030633
270	-0.92	-0.909926	0.00305216
271	-0.92	-0.909963	0.00304111
272	-0.92	-0.91	0.00303013
273	-0.92	-0.910037	0.00301923
274	-0.92	-0.910073	0.00300841
275	-0.92	-0.910109	0.00299767
276	-0.92	-0.910145	0.002987
277	-0.92	-0.910181	0.00297641
278	-0.92	-0.910216	0.0029659
279	-0.92	-0.910251	0.00295546
280	-0.92	-0.910286	0.00294509
281	-0.92	-0.91032	0.00293479
282	-0.92	-0.910355	0.00292457
283	-0.92	-0.910389	0.00291441
284	-0.92	-0.910423	0.00290433
285	-0.92	-0.910456	0.00289432
286	-0.92	-0.91049	0.00288437
287	-0.92	-0.910523	0.0028745
288	-0.92	-0.910556	0.00286469
289	-0.92	-0.910588	0.00285495
290	-0.92	-0.910621	0.00284527
291	-0.92	-0.910653	0.00283566
292	-0.92	-0.910685	0.00282611
293	-0.92	-0.910717	0.00281663
294	-0.92	-0.910748	0.00280721
295	-0.92	-0.91078	0.00279785
296	-0.92	-0.910811	0.00278856
297	-0.92	-0.910842	0.00277933
298	-0.92	-0.910872	0.00277015
299	-0.92	-0.910903	0.00276104
300	-0.92	-0.910933	0.00275199
301	-0.92	-0.910963	0.002743
302	-0.92	-0.910993	0.00273406
303	-0.84	-0.910759	0.00273508
304	-0.84	-0.910526	0.00273599
305	-0.84	-0.910295	0.00273679
306	-0.92	-0.910327	0.00272801
307	-0.92	-0.910358	0.0027193
308	-0.92	-0.91039	0.00271063
309	-0.92	-0.910421	0.00270203
310	-0.92	-0.910452	0.00269347
311	-0.92	-0.910482	0.00268497
312	-0.92	-0.910513	0.00267653
313	-0.92	-0.910543	0.00266814
314	-0.92	-0.910573	0.00265979
315	-0.92	-0.910603	0.00265151
316	-0.92	-0.910633	0.00264327
317	-0.92	-0.910662	0.00263508
318	-0.92	-0.910692	0.00262695
319	-0.92	-0.910721	0.00261886
320	-0.92	-0.91075	0.00261083
321	-0.92	-0.910779	0.00260284
322	-0.92	-0.910807	0.0025949
323	-0.92	-0.910836	0.00258701
324	-0.92	-0.910864	0.00257917
325	-0.92	-0.910892	0.00257138
326	-0.92	-0.91092	0.00256363
327	-0.92	-0.910948	0.00255593
328	-0.92	-0.910976	0.00254827
329	-0.92	-0.911003	0.00254066
330	-0.92	-0.91103	0.0025331
331	-0.92	-0.911057	0.00252558
332	-0.92	-0.911084	0.00251811
333	-0.92	-0.911111	0.00251068
334	-0.92	-0.911138	0.00250329
335	-0.92	-0.911164	0.00249595
336	-0.92	-0.91119	0.00248864
337	-0.92	-0.911217	0.00248139
338	-0.92	-0.911243	0.00247417
339	-0.92	-0.911268	0.002467
340	-0.92	-0.911294	0.00245986
341	-0.92	-0.91132	0.00245277
342	-0.92	-0.911345	0.00244572
343	-0.92	-0.91137	0.00243871
344	-0.92	-0.911395	0.00243174
345	-0.92	-0.91142	0.00242481
346	-0.92	-0.911445	0.00241792
347	-0.92	-0.91147	0.00241107
348	-0.92	-0.911494	0.00240425
349	-0.92	-0.911519	0.00239748
350	-0.92	-0.911543	0.00239074
351	-0.92	-0.911567	0.00238404
352	-0.92	-0.911591	0.00237738
353	-0.92	-0.911615	0.00237076
354	-0.92	-0.911638	0.00236417
355	-0.92	-0.911662	0.00235762
356	-0.92	-0.911685	0.0023511
357	-0.92	-0.911709	0.00234462
358	-0.92	-0.911732	0.00233818
359	-0.92	-0.911755	0.00233177
360	-0.92	-0.911778	0.0023254
361	-0.92	-0.911801	0.00231906
362	-0.92	-0.911823	0.00231276
363	-0.92	-0.911846	0.00230649
364	-0.92	-0.911868	0.00230025
365	-0.92	-0.91189	0.00229405
366	-0.92	-0.911913	0.00228788
367	-0.92	-0.911935	0.00228174
368	-0.92	-0.911957	0.00227564
369	-0.92	-0.911978	0.00226957
370	-0.92	-0.912	0.00226353
371	-0.92	-0.912022	0.00225752
372	-0.92	-0.912043	0.00225155
373	-0.92	-0.912064	0.0022456
374	-0.92	-0.912086	0.00223969
375	-0.92	-0.912107	0.00223381
376	-0.92	-0.912128	0.00222796
377	-0.92	-0.912149	0.00222214
378	-0.92	-0.912169	0.00221635
379	-0.92	-0.91219	0.00221059
380	-0.92	-0.912211	0.00220487
381	-0.92	-0.912231	0.00219917
382	-0.92	-0.912251	0.0021935
383	-0.92	-0.912272	0.00218785
384	-0.92	-0.912292	0.00218224
385	-0.92	-0.912312	0.00217666
386	-0.92	-0.912332	0.0021711
387	-0.92	-0.912351	0.00216558
388	-0.92	-0.912371	0.00216008
389	-0.92	-0.912391	0.00215461
390	-0.92	-0.91241	0.00214916
391	-0.92	-0.91243	0.00214375
392	-0.92	-0.912449	0.00213836
393	-0.92	-0.912468	0.002133
394	-0.92	-0.912487	0.00212766
395	-0.92	-0.912506	0.00212236
396	-0.92	-0.912525	0.00211707
397	-0.92	-0.912544	0.00211182
398	-0.92	-0.912563	0.00210659
399	-0.92	-0.912581	0.00210139
400	-0.92	-0.9126	0.00209621
401	-0.92	-0.912618	0.00209105
402	-0.92	-0.912637	0.00208593
403	-0.92	-0.912655	0.00208083
404	-0.92	-0.912673	0.00207575
405	-0.92	-0.912691	0.0020707
406	-0.92	-0.912709	0.00206567
407	-0.92	-0.912727	0.00206066
408	-0.92	-0.912745	0.00205568
409	-0.92	-0.912763	0.00205073
410	-0.92	-0.91278	0.0020458
411	-0.92	-0.912798	0.00204089
412	-0.92	-0.912816	0.002036
413	-0.92	-0.912833	0.00203114
414	-0.92	-0.91285	0.0020263
415	-0.92	-0.912867	0.00202149
416	-0.92	-0.912885	0.0020167
417	-0.92	-0.912902	0.00201193
418	-0.92	-0.912919	0.00200718
419	-0.92	-0.912936	0.00200246
420	-0.92	-0.912952	0.00199775
421	-0.92	-0.912969	0.00199307
422	-0.92	-0.912986	0.00198841
423	-0.92	-0.913002	0.00198378
424	-0.92	-0.913019	0.00197916
425	-0.92	-0.913035	0.00197457
426	-0.92	-0.913052	0.00196999
427	-0.92	-0.913068	0.00196544
428	-0.92	-0.913084	0.00196091
429	-0.92	-0.9131	0.0019564
430	-0.92	-0.913116	0.00195191
431	-0.92	-0.913132	0.00194744
432	-0.92	-0.913148	0.001943
433	-0.92	-0.913164	0.00193857
434	-0.92	-0.91318	0.00193416
435	-0.92	-0.913195	0.00192977
436	-0.92	-0.913211	0.0019254
437	-0.92	-0.913227	0.00192106
438	-0.92	-0.913242	0.00191673
439	-0.92	-0.913257	0.00191242
440	-0.92	-0.913273	0.00190813
441	-0.92	-0.913288	0.00190386
442	-0.92	-0.913303	0.00189961
443	-0.92	-0.913318	0.00189537
444	-0.92	-0.913333	0.00189116
445	-0.92	-0.913348	0.00188697
446	-0.92	-0.913363	0.00188279
447	-0.92	-0.913378	0.00187863
448	-0.92	-0.913393	0.00187449
449	-0.92	-0.913408	0.00187037
450	-0.92	-0.913422	0.00186627
451	-0.92	-0.913437	0.00186218
452	-0.92	-0.913451	0.00185811
453	-0.92	-0.913466	0.00185406
454	-0.92	-0.91348	0.00185003
455	-0.92	-0.913495	0.00184602
456	-0.92	-0.913509	0.00184202
457	-0.92	-0.913523	0.00183804
458	-0.92	-0.913537	0.00183407
459	-0.92	-0.913551	0.00183013
460	-0.92	-0.913565	0.0018262
461	-0.92	-0.913579	0.00182229
462	-0.92	-0.913593	0.00181839
463	-0.92	-0.913607	0.00181451
464	-0.92	-0.913621	0.00181065
465	-0.92	-0.913634	0.0018068
466	-0.92	-0.913648	0.00180298
467	-0.92	-0.913662	0.00179916
468	-0.92	-0.913675	0.00179536
469	-0.92	-0.913689	0.00179158
470	-0.92	-0.913702	0.00178782
471	-0.92	-0.913715	0.00178407
472	-0.92	-0.913729	0.00178033
473	-0.92	-0.913742	0.00177662
474	-0.92	-0.913755	0.00177291
475	-0.92	-0.913768	0.00176922
476	-0.92	-0.913782	0.00176555
477	-0.92	-0.913795	0.0017619
478	-0.92	-0.913808	0.00175825
479	-0.92	-0.91382	0.00175463
480	-0.92	-0.913833	0.00175101
481	-0.92	-0.913846	0.00174742
482	-0.92	-0.913859	0.00174384
483	-0.92	-0.913872	0.00174027
484	-0.92	-0.913884	0.00173671
485	-0.92	-0.913897	0.00173318
486	-0.92	-0.913909	0.00172965
487	-0.92	-0.913922	0.00172614
488	-0.92	-0.913934	0.00172265
489	-0.92	-0.913947	0.00171916
490	-0.92	-0.913959	0.0017157
491	-0.92	-0.913971	0.00171224
492	-0.92	-0.913984	0.0017088
493	-0.92	-0.913996	0.00170538
494	-0.92	-0.914008	0.00170196
495	-0.92	-0.91402	0.00169857
496	-0.92	-0.914032	0.00169518
497	-0.92	-0.914044	0.00169181
498	-0.92	-0.914056	0.00168845
499	-0.92	-0.914068	0.00168511
500	-0.92	-0.91408	0.00168177
501	-0.92	-0.914092	0.00167846
502	-0.92	-0.914104	0.00167515
503	-0.92	-0.914115	0.00167186
504	-0.92	-0.914127	0.00166858
505	-0.92	-0.914139	0.00166531
506	-0.92	-0.91415	0.00166206
507	-0.92	-0.914162	0.00165882
508	-0.92	-0.914173	0.00165559
509	-0.92	-0.914185	0.00165237
510	-0.92	-0.914196	0.00164917
511	-0.92	-0.914207	0.00164598
512	-0.92	-0.914219	0.0016428
513	-0.92	-0.91423	0.00163963
514	-0.92	-0.914241	0.00163648
515	-0.92	-0.914252	0.00163333
516	-0.92	-0.914264	0.0016302
517	-0.92	-0.914275	0.00162708
518	-0.92	-0.914286	0.00162398
519	-0.92	-0.914297	0.00162088
520	-0.92	-0.914308	0.0016178
521	-0.92	-0.914319	0.00161473
522	-0.92	-0.91433	0.00161167
523	-0.92	-0.91434	0.00160862
524	-0.92	-0.914351	0.00160558
525	-0.92	-0.914362	0.00160256
526	-0.92	-0.914373	0.00159955
527	-0.92	-0.914383	0.00159654
528	-0.92	-0.914394	0.00159355
529	-0.92	-0.914405	0.00159057
530	-0.92	-0.914415	0.0015876
531	-0.92	-0.914426	0.00158465
532	-0.92	-0.914436	0.0015817
533	-0.92	-0.914447	0.00157876
534	-0.92	-0.914457	0.00157584
535	-0.92	-0.914467	0.00157292
536	-0.92	-0.914478	0.00157002
537	-0.92	-0.914488	0.00156713
538	-0.92	-0.914498	0.00156425
539	-0.92	-0.914508	0.00156137
540	-0.92	-0.914519	0.00155851
541	-0.92	-0.914529	0.00155566
542	-0.92	-0.914539	0.00155282
543	-0.92	-0.914549	0.00154999
544	-0.92	-0.914559	0.00154717
545	-0.92	-0.914569	0.00154437
546	-0.92	-0.914579	0.00154157
547	-0.92	-0.914589	0.00153878
548	-0.92	-0.914599	0.001536
549	-0.92	-0.914608	0.00153323
550	-0.92	-0.914618	0.00153047
551	-0.92	-0.914628	0.00152772
552	-0.92	-0.914638	0.00152498
553	-0.92	-0.914647	0.00152225
554	-0.92	-0.914657	0.00151953
555	-0.92	-0.914667	0.00151682
556	-0.92	-0.914676	0.00151412
557	-0.92	-0.914686	0.00151143
558	-0.92	-0.914695	0.00150875
559	-0.92	-0.914705	0.00150608
560	-0.92	-0.914714	0.00150342
561	-0.92	-0.914724	0.00150077
562	-0.92	-0.914733	0.00149812
563	-0.92	-0.914742	0.00149549
564	-0.92	-0.914752	0.00149286
565	-0.92	-0.914761	0.00149025
566	-0.92	-0.91477	0.00148764
567	-0.92	-0.91478	0.00148504
568	-0.92	-0.914789	0.00148246
569	-1	-0.914938	0.00148741
570	-1	-0.915088	0.00149228
571	-1	-0.915236	0.00149706
572	-1	-0.915385	0.00150177
573	-1	-0.915532	0.00150641
574	-1	-0.915679	0.00151096
575	-1	-0.915826	0.00151544
576	-1	-0.915972	0.00151985
577	-1	-0.916118	0.00152419
578	-1	-0.916263	0.00152845
579	-1	-0.916408	0.00153265
580	-1	-0.916552	0.00153678
581	-1	-0.916695	0.00154084
582	-1	-0.916838	0.00154484
583	-1	-0.916981	0.00154877
584	-1	-0.917123	0.00155263
585	-1	-0.917265	0.00155644
586	-1	-0.917406	0.00156018
587	-1	-0.917547	0.00156386
588	-1	-0.917687	0.00156749
589	-1	-0.917827	0.00157105
590	-1	-0.917966	0.00157456
591	-1	-0.918105	0.00157801
592	-1	-0.918243	0.0015814
593	-1	-0.918381	0.00158474
594	-1	-0.918519	0.00158803
595	-1	-0.918655	0.00159126
596	-1	-0.918792	0.00159444
597	-1	-0.918928	0.00159757
598	-1	-0.919064	0.00160065
599	-1	-0.919199	0.00160368
600	-1	-0.919333	0.00160665
601	-1	-0.919468	0.00160959
602	-1	-0.919601	0.00161247
603	-1	-0.919735	0.0016153
604	-1	-0.919868	0.00161809
605	-1	-0.92	0.00162084
606	-1	-0.920132	0.00162354
607	-1	-0.920264	0.00162619
608	-1	-0.920395	0.0016288
609	-1	-0.920525	0.00163137
610	-1	-0.920656	0.0016339
611	-1	-0.920786	0.00163638
612	-1	-0.920915	0.00163883
613	-1	-0.921044	0.00164123
614	-1	-0.921173	0.00164359
615	-1	-0.921301	0.00164592
616	-1	-0.921429	0.0016482
617	-1	-0.921556	0.00165045
618	-1	-0.921683	0.00165266
619	-1	-0.921809	0.00165483
620	-1	-0.921935	0.00165696
621	-1	-0.922061	0.00165906
622	-1	-0.922186	0.00166112
623	-1	-0.922311	0.00166315
624	-1	-0.922436	0.00166515
625	-1	-0.92256	0.00166711
626	-1	-0.922684	0.00166903
627	-1	-0.922807	0.00167092
628	-1	-0.92293	0.00167278
629	-1	-0.923052	0.00167461
630	-1	-0.923175	0.0016764
631	-1	-0.923296	0.00167817
632	-1	-0.923418	0.0016799
633	-1	-0.923539	0.0016816
634	-1	-0.923659	0.00168327
635	-1	-0.92378	0.00168492
636	-1	-0.923899	0.00168653
637	-1	-0.924019	0.00168811
638	-1	-0.924138	0.00168966
639	-1	-0.924257	0.00169119
640	-1	-0.924375	0.00169269
641	-1	-0.924493	0.00169416
642	-1	-0.924611	0.0016956
643	-1	-0.924728	0.00169702
644	-1	-0.924845	0.00169841
645	-1	-0.924961	0.00169977
646	-1	-0.925077	0.00170111
647	-1	-0.925193	0.00170242
648	-1	-0.925309	0.00170371
649	-1	-0.925424	0.00170497
650	-1	-0.925538	0.0017062
651	-1	-0.925653	0.00170742
652	-1	-0.925767	0.00170861
653	-1	-0.925881	0.00170977
654	-1	-0.925994	0.00171091
655	-1	-0.926107	0.00171203
656	-1	-0.92622	0.00171313
657	-1	-0.926332	0.0017142
658	-1	-0.926444	0.00171525
659	-0.92	-0.926434	0.00171267
660	-1	-0.926545	0.0017137
661	-1	-0.926657	0.00171471
662	-1	-0.926767	0.0017157
663	-1	-0.926878	0.00171667
664	-1	-0.926988	0.00171762
665	-1	-0.927098	0.00171854
666	-1	-0.927207	0.00171945
667	-1	-0.927316	0.00172033
668	-1	-0.927425	0.0017212
669	-1	-0.927534	0.00172204
670	-1	-0.927642	0.00172287
671	-1	-0.92775	0.00172368
672	-1	-0.927857	0.00172447
673	-1	-0.927964	0.00172524
674	-1	-0.928071	0.00172599
675	-1	-0.928178	0.00172672
676	-1	-0.928284	0.00172743
677	-1	-0.92839	0.00172813
678	-1	-0.928496	0.00172881
679	-1	-0.928601	0.00172947
680	-1	-0.928706	0.00173011
681	-1	-0.928811	0.00173074
682	-1	-0.928915	0.00173135
683	-1	-0.929019	0.00173194
684	-1	-0.929123	0.00173252
685	-1	-0.929226	0.00173308
686	-1	-0.929329	0.00173362
687	-1	-0.929432	0.00173415
688	-1	-0.929535	0.00173466
689	-1	-0.929637	0.00173516
690	-1	-0.929739	0.00173564
691	-1	-0.929841	0.00173611
692	-1	-0.929942	0.00173656
693	-1	-0.930043	0.001737
694	-1	-0.930144	0.00173742
695	-1	-0.930245	0.00173783
696	-1	-0.930345	0.00173822
697	-1	-0.930445	0.0017386
698	-1	-0.930544	0.00173896
699	-1	-0.930644	0.00173932
700	-1	-0.930743	0.00173965
701	-1	-0.930842	0.00173998
702	-1	-0.93094	0.00174029
703	-1	-0.931038	0.00174058
704	-1	-0.931136	0.00174087
705	-1	-0.931234	0.00174114
706	-1	-0.931331	0.0017414
707	-1	-0.931429	0.00174164
708	-1	-0.931525	0.00174188
709	-1	-0.931622	0.0017421
710	-1	-0.931718	0.0017423
711	-1	-0.931814	0.0017425
712	-1	-0.93191	0.00174269
713	-1	-0.932006	0.00174286
714	-0.92	-0.931989	0.0017405
715	-0.92	-0.931972	0.00173814
716	-1	-0.932067	0.00173831
717	-1	-0.932162	0.00173847
718	-1	-0.932256	0.00173861
719	-1	-0.93235	0.00173875
720	-1	-0.932444	0.00173887
721	-0.92	-0.932427	0.00173655
722	-1	-0.932521	0.00173666
723	-1	-0.932614	0.00173677
724	-1	-0.932707	0.00173686
725	-1	-0.9328	0.00173695
726	-1	-0.932893	0.00173702
727	-1	-0.932985	0.00173708
728	-1	-0.933077	0.00173714
729	-1	-0.933169	0.00173718
730	-1	-0.93326	0.00173721
731	-1	-0.933352	0.00173724
732	-1	-0.933443	0.00173725
733	-1	-0.933533	0.00173725
734	-1	-0.933624	0.00173724
735	-1	-0.933714	0.00173723
736	-1	-0.933804	0.0017372
737	-1	-0.933894	0.00173717
738	-1	-0.933984	0.00173712
739	-1	-0.934073	0.00173707
740	-1	-0.934162	0.00173701
741	-1	-0.934251	0.00173693
742	-1	-0.93434	0.00173685
743	-1	-0.934428	0.00173676
744	-1	-0.934516	0.00173667
745	-1	-0.934604	0.00173656
746	-1	-0.934692	0.00173644
747	-1	-0.934779	0.00173632
748	-1	-0.934866	0.00173619
749	-1	-0.934953	0.00173605
750	-1	-0.93504	0.0017359
751	-0.92	-0.93502	0.0017337
752	-0.92	-0.935	0.00173151
753	-0.92	-0.93498	0.00172932
754	-0.92	-0.93496	0.00172714
755	-0.92	-0.93494	0.00172497
756	-0.92	-0.934921	0.0017228
757	-0.92	-0.934901	0.00172063
758	-0.92	-0.934881	0.00171848
759	-0.92	-0.934862	0.00171632
760	-0.92	-0.934842	0.00171417
761	-0.92	-0.934823	0.00171203
762	-0.92	-0.934803	0.00170989
763	-0.92	-0.934784	0.00170776
764	-0.92	-0.934764	0.00170563
765	-0.92	-0.934745	0.00170351
766	-0.92	-0.934726	0.0017014
767	-0.92	-0.934707	0.00169928
768	-0.92	-0.934688	0.00169718
769	-0.92	-0.934668	0.00169508
770	-0.92	-0.934649	0.00169298
771	-0.92	-0.93463	0.00169089
772	-0.92	-0.934611	0.00168881
773	-0.92	-0.934592	0.00168673
774	-0.92	-0.934574	0.00168465
775	-0.92	-0.934555	0.00168258
776	-0.92	-0.934536	0.00168052
777	-0.92	-0.934517	0.00167846
778	-0.92	-0.934499	0.0016764
779	-0.92	-0.93448	0.00167435
780	-0.92	-0.934462	0.00167231
781	-0.92	-0.934443	0.00167027
782	-0.92	-0.934425	0.00166823
783	-0.92	-0.934406	0.0016662
784	-0.92	-0.934388	0.00166418
785	-0.92	-0.934369	0.00166216
786	-0.92	-0.934351	0.00166014
787	-0.92	-0.934333	0.00165813
788	-0.92	-0.934315	0.00165612
789	-0.92	-0.934297	0.00165412
790	-0.92	-0.934278	0.00165213
791	-0.92	-0.93426	0.00165014
792	-0.92	-0.934242	0.00164815
793	-0.92	-0.934224	0.00164617
794	-0.92	-0.934207	0.00164419
795	-0.92	-0.934189	0.00164222
796	-0.92	-0.934171	0.00164025
797	-0.92	-0.934153	0.00163829
798	-0.92	-0.934135	0.00163633
799	-0.84	-0.934018	0.00163852
800	-0.92	-0.934	0.00163657
801	-0.92	-0.933983	0.00163461
802	-0.92	-0.933965	0.00163267
803	-0.92	-0.933948	0.00163073
804	-0.92	-0.93393	0.00162879
805	-0.92	-0.933913	0.00162686
806	-0.92	-0.933896	0.00162493
807	-0.92	-0.933879	0.00162301
808	-0.92	-0.933861	0.00162109
809	-0.92	-0.933844	0.00161917
810	-0.92	-0.933827	0.00161726
811	-0.92	-0.93381	0.00161536
812	-0.92	-0.933793	0.00161346
813	-0.92	-0.933776	0.00161156
814	-0.92	-0.933759	0.00160967
815	-0.92	-0.933742	0.00160778
816	-0.92	-0.933725	0.0016059
817	-0.92	-0.933709	0.00160402
818	-0.92	-0.933692	0.00160214
819	-0.92	-0.933675	0.00160027
820	-0.92	-0.933659	0.00159841
821	-0.92	-0.933642	0.00159655
822	-0.92	-0.933625	0.00159469
823	-0.92	-0.933609	0.00159284
824	-0.92	-0.933592	0.00159099
825	-0.92	-0.933576	0.00158914
826	-0.92	-0.933559	0.0015873
827	-0.92	-0.933543	0.00158547
828	-0.92	-0.933527	0.00158364
829	-1	-0.933607	0.00158376
830	-1	-0.933687	0.00158387
831	-1	-0.933767	0.00158397
832	-1	-0.933846	0.00158407
833	-1	-0.933926	0.00158416
834	-1	-0.934005	0.00158424
835	-1	-0.934084	0.00158431
836	-1	-0.934163	0.00158438
837	-1	-0.934241	0.00158444
838	-1	-0.93432	0.00158449
839	-1	-0.934398	0.00158454
840	-1	-0.934476	0.00158458
841	-1	-0.934554	0.00158461
842	-1	-0.934632	0.00158463
843	-1	-0.934709	0.00158465
844	-1	-0.934787	0.00158466
845	-1	-0.934864	0.00158466
846	-1	-0.934941	0.00158466
847	-1	-0.935018	0.00158465
848	-1	-0.935094	0.00158464
849	-1	-0.935171	0.00158461
850	-1	-0.935247	0.00158459
851	-1	-0.935323	0.00158455
852	-1	-0.935399	0.00158451
853	-1	-0.935475	0.00158446
854	-1	-0.93555	0.00158441
855	-1	-0.935626	0.00158435
856	-1	-0.935701	0.00158428
857	-1	-0.935776	0.00158421
858	-1	-0.935851	0.00158413
859	-1	-0.935925	0.00158405
860	-1	-0.936	0.00158396
861	-1	-0.936074	0.00158386
862	-1	-0.936148	0.00158376
863	-1	-0.936222	0.00158365
864	-1	-0.936296	0.00158354
865	-1	-0.93637	0.00158342
866	-1	-0.936443	0.0015833
867	-1	-0.936517	0.00158317
868	-1	-0.93659	0.00158304
869	-1	-0.936663	0.0015829
870	-1	-0.936736	0.00158275
871	-1	-0.936808	0.0015826
872	-1	-0.936881	0.00158244
873	-1	-0.936953	0.00158228
874	-1	-0.937025	0.00158212
875	-1	-0.937097	0.00158195
876	-1	-0.937169	0.00158177
877	-1	-0.937241	0.00158159
878	-1	-0.937312	0.0015814
879	-1	-0.937383	0.00158121
880	-1	-0.937455	0.00158102
881	-1	-0.937526	0.00158081
882	-1	-0.937596	0.00158061
883	-1	-0.937667	0.0015804
884	-1	-0.937738	0.00158018
885	-1	-0.937808	0.00157997
886	-1	-0.937878	0.00157974
887	-1	-0.937948	0.00157951
888	-1	-0.938018	0.00157928
889	-1	-0.938088	0.00157904
890	-1	-0.938157	0.0015788
891	-1	-0.938227	0.00157855
892	-1	-0.938296	0.0015783
893	-1	-0.938365	0.00157805
894	-1	-0.938434	0.00157779
895	-1	-0.938503	0.00157753
896	-1	-0.938571	0.00157726
897	-1	-0.93864	0.00157699
898	-1	-0.938708	0.00157671
899	-1	-0.938776	0.00157643
900	-1	-0.938844	0.00157615
901	-1	-0.938912	0.00157586
902	-1	-0.93898	0.00157557
903	-1	-0.939048	0.00157527
904	-1	-0.939115	0.00157497
905	-1	-0.939182	0.00157467
906	-1	-0.939249	0.00157436
907	-1	-0.939316	0.00157405
908	-1	-0.939383	0.00157374
909	-1	-0.93945	0.00157342
910	-1	-0.939516	0.00157309
911	-1	-0.939583	0.00157277
912	-1	-0.939649	0.00157244
913	-1	-0.939715	0.00157211
914	-1	-0.939781	0.00157177
915	-1	-0.939847	0.00157143
916	-1	-0.939913	0.00157109
917	-1	-0.939978	0.00157074
918	-1	-0.940044	0.00157039
919	-1	-0.940109	0.00157004
920	-1	-0.940174	0.00156968
921	-1	-0.940239	0.00156932
922	-1	-0.940304	0.00156896
923	-1	-0.940368	0.00156859
924	-1	-0.940433	0.00156822
925	-1	-0.940497	0.00156785
926	-1	-0.940562	0.00156747
927	-1	-0.940626	0.00156709
928	-1	-0.94069	0.00156671
929	-1	-0.940753	0.00156632
930	-1	-0.940817	0.00156593
931	-1	-0.940881	0.00156554
932	-1	-0.940944	0.00156515
933	-1	-0.941008	0.00156475
934	-1	-0.941071	0.00156435
935	-0.92	-0.941048	0.00156284
936	-1	-0.941111	0.00156244
937	-1	-0.941174	0.00156203
938	-1	-0.941237	0.00156163
939	-1	-0.941299	0.00156122
940	-1	-0.941362	0.0015608
941	-1	-0.941424	0.00156039
942	-1	-0.941486	0.00155997
943	-1	-0.941548	0.00155955
944	-1	-0.94161	0.00155913
945	-1	-0.941672	0.0015587
946	-1	-0.941734	0.00155828
947	-1	-0.941795	0.00155784
948	-1	-0.941857	0.00155741
949	-1	-0.941918	0.00155697
950	-1	-0.941979	0.00155654
951	-1	-0.94204	0.0015561
952	-1	-0.942101	0.00155565
953	-1	-0.942162	0.00155521
954	-1	-0.942222	0.00155476
955	-1	-0.942283	0.00155431
956	-1	-0.942343	0.00155385
957	-1	-0.942403	0.0015534
958	-1	-0.942463	0.00155294
959	-1	-0.942523	0.00155248
960	-1	-0.942583	0.00155202
961	-1	-0.942643	0.00155155
962	-1	-0.942703	0.00155108
963	-1	-0.942762	0.00155061
964	-1	-0.942822	0.00155014
965	-1	-0.942881	0.00154967
966	-1	-0.94294	0.00154919
967	-1	-0.942999	0.00154871
968	-1	-0.943058	0.00154823
969	-1	-0.943117	0.00154775
970	-1	-0.943175	0.00154727
971	-1	-0.943234	0.00154678
972	-1	-0.943292	0.00154629
973	-1	-0.94335	0.0015458
974	-1	-0.943409	0.00154531
975	-1	-0.943467	0.00154481
976	-1	-0.943525	0.00154431
977	-1	-0.943582	0.00154381
978	-1	-0.94364	0.00154331
979	-1	-0.943698	0.00154281
980	-1	-0.943755	0.00154231
981	-1	-0.943812	0.0015418
982	-1	-0.94387	0.00154129
983	-1	-0.943927	0.00154078
984	-1	-0.943984	0.00154027
985	-1	-0.944041	0.00153976
986	-1	-0.944097	0.00153924
987	-1	-0.944154	0.00153872
988	-1	-0.944211	0.0015382
989	-1	-0.944267	0.00153768
990	-1	-0.944323	0.00153716
991	-1	-0.944379	0.00153663
992	-1	-0.944435	0.00153611
993	-1	-0.944491	0.00153558
994	-0.92	-0.944467	0.00153423
995	-1	-0.944523	0.00153371
996	-1	-0.944578	0.00153318
997	-1	-0.944634	0.00153265
998	-1	-0.944689	0.00153212
999	-1	-0.944745	0.00153158
1000	-1	-0.9448	0.00153105
1001	-1	-0.944855	0.00153051
1002	-1	-0.94491	0.00152997
1003	-1	-0.944965	0.00152943
1004	-1	-0.94502	0.00152889
1005	-1	-0.945075	0.00152835
1006	-1	-0.945129	0.0015278
1007	-1	-0.945184	0.00152726
1008	-1	-0.945238	0.00152671
1009	-1	-0.945292	0.00152616
1010	-1	-0.945347	0.00152561
1011	-1	-0.945401	0.00152506
1012	-1	-0.945455	0.00152451
1013	-1	-0.945508	0.00152396
1014	-1	-0.945562	0.0015234
1015	-1	-0.945616	0.00152284
1016	-1	-0.945669	0.00152228
1017	-1	-0.945723	0.00152173
1018	-1	-0.945776	0.00152116
1019	-1	-0.945829	0.0015206
1020	-1	-0.945882	0.00152004
1021	-1	-0.945935	0.00151947
1022	-1	-0.945988	0.00151891
1023	-1	-0.946041	0.00151834
1024	-1	-0.946094	0.00151777
1025	-1	-0.946146	0.0015172
1026	-1	-0.946199	0.00151663
1027	-0.92	-0.946173	0.00151537
1028	-0.92	-0.946148	0.00151411
1029	-0.84	-0.946045	0.00151615
1030	-0.84	-0.945942	0.00151817
1031	-0.84	-0.945839	0.00152018
1032	-0.84	-0.945736	0.00152216
1033	-0.84	-0.945634	0.00152413
1034	-0.84	-0.945532	0.00152608
1035	-0.84	-0.94543	0.00152801
1036	-0.84	-0.945328	0.00152992
1037	-0.84	-0.945227	0.00153181
1038	-0.84	-0.945125	0.00153369
1039	-0.84	-0.945024	0.00153555
1040	-0.84	-0.944923	0.0015374
1041	-0.76	-0.944745	0.00154616
1042	-0.76	-0.944568	0.00155481
1043	-0.76	-0.944391	0.00156337
1044	-0.76	-0.944215	0.00157183
1045	-0.76	-0.944038	0.00158018
1046	-0.76	-0.943862	0.00158845
1047	-0.84	-0.943763	0.00159003
1048	-0.84	-0.943664	0.00159159
1049	-0.84	-0.943565	0.00159314
1050	-0.84	-0.943467	0.00159468
1051	-0.76	-0.943292	0.00160269
1052	-0.84	-0.943194	0.00160418
1053	-0.84	-0.943096	0.00160565
1054	-0.84	-0.942998	0.0016071
1055	-0.84	-0.9429	0.00160854
1056	-0.84	-0.942803	0.00160997
1057	-0.84	-0.942706	0.00161139
1058	-0.92	-0.942684	0.00161
1059	-0.92	-0.942663	0.00160863
1060	-0.92	-0.942642	0.00160725
1061	-0.92	-0.94262	0.00160588
1062	-0.92	-0.942599	0.0016045
1063	-0.92	-0.942578	0.00160314
1064	-0.92	-0.942556	0.00160177
1065	-0.92	-0.942535	0.0016004
1066	-0.92	-0.942514	0.00159904
1067	-0.92	-0.942493	0.00159768
1068	-0.92	-0.942472	0.00159632
1069	-0.92	-0.942451	0.00159497
1070	-0.92	-0.94243	0.00159362
1071	-0.92	-0.942409	0.00159226
1072	-0.92	-0.942388	0.00159092
1073	-0.92	-0.942367	0.00158957
1074	-0.92	-0.942346	0.00158823
1075	-0.92	-0.942326	0.00158688
1076	-0.92	-0.942305	0.00158554
1077	-0.92	-0.942284	0.00158421
1078	-0.92	-0.942263	0.00158287
1079	-0.92	-0.942243	0.00158154
1080	-0.92	-0.942222	0.00158021
1081	-0.92	-0.942202	0.00157888
1082	-0.92	-0.942181	0.00157755
1083	-0.92	-0.942161	0.00157623
1084	-0.92	-0.94214	0.00157491
1085	-0.92	-0.94212	0.00157359
1086	-0.92	-0.942099	0.00157227
1087	-0.92	-0.942079	0.00157095
1088	-0.92	-0.942059	0.00156964
1089	-0.92	-0.942039	0.00156833
1090	-0.92	-0.942018	0.00156702
1091	-0.92	-0.941998	0.00156571
1092	-0.92	-0.941978	0.00156441
1093	-0.92	-0.941958	0.0015631
1094	-0.92	-0.941938	0.0015618
1095	-0.92	-0.941918	0.00156051
1096	-0.92	-0.941898	0.00155921
1097	-0.92	-0.941878	0.00155792
1098	-0.92	-0.941858	0.00155662
1099	-0.92	-0.941838	0.00155533
1100	-0.92	-0.941818	0.00155405
1101	-0.92	-0.941798	0.00155276
1102	-0.92	-0.941779	0.00155148
1103	-1	-0.941831	0.00155097
1104	-1	-0.941884	0.00155046
1105	-1	-0.941937	0.00154995
1106	-1	-0.941989	0.00154943
1107	-1	-0.942042	0.00154892
1108	-1	-0.942094	0.00154841
1109	-1	-0.942146	0.00154789
1110	-1	-0.942198	0.00154737
1111	-1	-0.94225	0.00154685
1112	-1	-0.942302	0.00154634
1113	-1	-0.942354	0.00154581
1114	-1	-0.942406	0.00154529
1115	-1	-0.942457	0.00154477
1116	-1	-0.942509	0.00154425
1117	-1	-0.94256	0.00154372
1118	-1	-0.942612	0.0015432
1119	-1	-0.942663	0.00154267
1120	-1	-0.942714	0.00154214
1121	-1	-0.942765	0.00154161
1122	-1	-0.942816	0.00154108
1123	-1	-0.942867	0.00154055
1124	-1	-0.942918	0.00154002
1125	-1	-0.942969	0.00153949
1126	-1	-0.94302	0.00153895
1127	-1	-0.94307	0.00153842
1128	-1	-0.943121	0.00153788
1129	-1	-0.943171	0.00153734
1130	-1	-0.943221	0.0015368
1131	-1	-0.943271	0.00153627
1132	-1	-0.943322	0.00153573
1133	-1	-0.943372	0.00153519
1134	-1	-0.943422	0.00153464
1135	-1	-0.943471	0.0015341
1136	-1	-0.943521	0.00153356
1137	-1	-0.943571	0.00153301
1138	-1	-0.94362	0.00153247
1139	-1	-0.94367	0.00153192
1140	-1	-0.943719	0.00153137
1141	-1	-0.943769	0.00153083
1142	-1	-0.943818	0.00153028
1143	-1	-0.943867	0.00152973
1144	-1	-0.943916	0.00152918
1145	-1	-0.943965	0.00152863
1146	-1	-0.944014	0.00152808
1147	-1	-0.944063	0.00152752
1148	-1	-0.944111	0.00152697
1149	-1	-0.94416	0.00152641
1150	-1	-0.944209	0.00152586
1151	-0.92	-0.944188	0.00152468
1152	-0.92	-0.944167	0.0015235
1153	-0.92	-0.944146	0.00152232
1154	-1	-0.944194	0.00152177
1155	-1	-0.944242	0.00152122
1156	-1	-0.944291	0.00152067
1157	-1	-0.944339	0.00152012
1158	-1	-0.944387	0.00151956
1159	-1	-0.944435	0.00151901
1160	-1	-0.944483	0.00151846
1161	-1	-0.944531	0.0015179
1162	-1	-0.944578	0.00151735
1163	-1	-0.944626	0.00151679
1164	-1	-0.944674	0.00151623
1165	-1	-0.944721	0.00151567
1166	-1	-0.944768	0.00151512
1167	-1	-0.944816	0.00151456
1168	-1	-0.944863	0.001514
1169	-1	-0.94491	0.00151344
1170	-1	-0.944957	0.00151288
1171	-1	-0.945004	0.00151231
1172	-1	-0.945051	0.00151175
1173	-1	-0.945098	0.00151119
1174	-1	-0.945145	0.00151062
1175	-1	-0.945191	0.00151006
1176	-1	-0.945238	0.00150949
1177	-1	-0.945285	0.00150893
1178	-1	-0.945331	0.00150836
1179	-0.92	-0.94531	0.00150724
1180	-0.92	-0.945288	0.00150611
1181	-0.92	-0.945267	0.00150499
1182	-0.92	-0.945245	0.00150387
1183	-0.92	-0.945224	0.00150275
1184	-0.92	-0.945203	0.00150163
1185	-0.92	-0.945181	0.00150051
1186	-0.92	-0.94516	0.00149939
1187	-0.92	-0.945139	0.00149828
1188	-0.92	-0.945118	0.00149717
1189	-0.92	-0.945097	0.00149606
1190	-0.92	-0.945076	0.00149495
1191	-0.92	-0.945055	0.00149384
1192	-0.92	-0.945034	0.00149274
1193	-0.92	-0.945013	0.00149163
1194	-0.92	-0.944992	0.00149053
1195	-0.92	-0.944971	0.00148943
1196	-0.92	-0.94495	0.00148833
1197	-0.92	-0.944929	0.00148723
1198	-0.92	-0.944908	0.00148613
1199	-0.92	-0.944887	0.00148504
1200	-0.92	-0.944867	0.00148395
1201	-0.92	-0.944846	0.00148286
1202	-0.92	-0.944825	0.00148177
1203	-0.92	-0.944805	0.00148068
1204	-0.92	-0.944784	0.00147959
1205	-0.92	-0.944763	0.0014785
1206	-0.92	-0.944743	0.00147742
1207	-0.92	-0.944722	0.00147634
1208	-0.92	-0.944702	0.00147526
1209	-0.92	-0.944682	0.00147418
1210	-0.92	-0.944661	0.0014731
1211	-0.92	-0.944641	0.00147203
1212	-0.92	-0.94462	0.00147095
1213	-0.92	-0.9446	0.00146988
1214	-0.92	-0.94458	0.00146881
1215	-0.92	-0.94456	0.00146774
1216	-0.92	-0.944539	0.00146667
1217	-0.92	-0.944519	0.0014656
1218	-0.92	-0.944499	0.00146454
1219	-0.92	-0.944479	0.00146347
1220	-0.92	-0.944459	0.00146241
1221	-0.92	-0.944439	0.00146135
1222	-0.92	-0.944419	0.00146029
1223	-0.92	-0.944399	0.00145923
1224	-0.92	-0.944379	0.00145817
1225	-0.92	-0.944359	0.00145712
1226	-0.92	-0.944339	0.00145607
1227	-0.92	-0.944319	0.00145501
1228	-0.92	-0.9443	0.00145396
1229	-0.92	-0.94428	0.00145291
1230	-0.92	-0.94426	0.00145187
1231	-0.92	-0.94424	0.00145082
1232	-0.92	-0.944221	0.00144978
1233	-0.92	-0.944201	0.00144873
1234	-0.92	-0.944182	0.00144769
1235	-0.92	-0.944162	0.00144665
1236	-0.92	-0.944142	0.00144561
1237	-0.92	-0.944123	0.00144458
1238	-0.92	-0.944103	0.00144354
1239	-1	-0.944149	0.00144308
1240	-1	-0.944194	0.00144262
1241	-1	-0.944239	0.00144216
1242	-1	-0.944283	0.00144169
1243	-1	-0.944328	0.00144123
1244	-1	-0.944373	0.00144077
1245	-1	-0.944418	0.0014403
1246	-1	-0.944462	0.00143984
1247	-1	-0.944507	0.00143937
1248	-1	-0.944551	0.00143891
1249	-1	-0.944596	0.00143844
1250	-1	-0.94464	0.00143797
1251	-1	-0.944684	0.0014375
1252	-1	-0.944728	0.00143703
1253	-1	-0.944773	0.00143656
1254	-1	-0.944817	0.00143609
1255	-1	-0.944861	0.00143562
1256	-1	-0.944904	0.00143515
1257	-1	-0.944948	0.00143468
1258	-1	-0.944992	0.0014342
1259	-1	-0.945036	0.00143373
1260	-1	-0.945079	0.00143326
1261	-1	-0.945123	0.00143278
1262	-1	-0.945166	0.0014323
1263	-1	-0.94521	0.00143183
1264	-1	-0.945253	0.00143135
1265	-1	-0.945296	0.00143087
1266	-1	-0.94534	0.0014304
1267	-1	-0.945383	0.00142992
1268	-1	-0.945426	0.00142944
1269	-1	-0.945469	0.00142896
1270	-1	-0.945512	0.00142848
1271	-1	-0.945555	0.001428
1272	-1	-0.945597	0.00142752
1273	-1	-0.94564	0.00142704
1274	-1	-0.945683	0.00142655
1275	-1	-0.945725	0.00142607
1276	-1	-0.945768	0.00142559
1277	-1	-0.94581	0.0014251
1278	-1	-0.945853	0.00142462
1279	-1	-0.945895	0.00142413
1280	-1	-0.945938	0.00142365
1281	-1	-0.94598	0.00142316
1282	-1	-0.946022	0.00142268
1283	-1	-0.946064	0.00142219
1284	-1	-0.946106	0.0014217
1285	-1	-0.946148	0.00142121
1286	-1	-0.94619	0.00142073
1287	-1	-0.946232	0.00142024
1288	-1	-0.946273	0.00141975
1289	-1	-0.946315	0.00141926
1290	-1	-0.946357	0.00141877
1291	-1	-0.946398	0.00141828
1292	-1	-0.94644	0.00141779
1293	-1	-0.946481	0.0014173
1294	-1	-0.946522	0.0014168
1295	-1	-0.946564	0.00141631
1296	-1	-0.946605	0.00141582
1297	-1	-0.946646	0.00141533
1298	-1	-0.946687	0.00141483
1299	-1	-0.946728	0.00141434
1300	-1	-0.946769	0.00141384
1301	-1	-0.94681	0.00141335
1302	-1	-0.946851	0.00141285
1303	-1	-0.946892	0.00141236
1304	-1	-0.946933	0.00141186
1305	-1	-0.946973	0.00141137
1306	-1	-0.947014	0.00141087
1307	-1	-0.947054	0.00141037
1308	-1	-0.947095	0.00140987
1309	-1	-0.947135	0.00140938
1310	-0.92	-0.947115	0.00140845
1311	-1	-0.947155	0.00140796
1312	-1	-0.947195	0.00140746
1313	-1	-0.947235	0.00140696
1314	-1	-0.947275	0.00140646
1315	-1	-0.947316	0.00140596
1316	-1	-0.947356	0.00140547
1317	-1	-0.947396	0.00140497
1318	-1	-0.947436	0.00140447
1319	-1	-0.947475	0.00140397
1320	-1	-0.947515	0.00140347
1321	-1	-0.947555	0.00140297
1322	-1	-0.947595	0.00140247
1323	-1	-0.947634	0.00140197
1324	-1	-0.947674	0.00140147
1325	-1	-0.947713	0.00140097
1326	-1	-0.947753	0.00140046
1327	-1	-0.947792	0.00139996
1328	-1	-0.947831	0.00139946
1329	-1	-0.947871	0.00139896
1330	-1	-0.94791	0.00139845
1331	-1	-0.947949	0.00139795
1332	-1	-0.947988	0.00139745
1333	-1	-0.948027	0.00139694
1334	-1	-0.948066	0.00139644
1335	-1	-0.948105	0.00139594
1336	-1	-0.948144	0.00139543
1337	-1	-0.948182	0.00139493
1338	-1	-0.948221	0.00139442
1339	-1	-0.94826	0.00139392
1340	-1	-0.948299	0.00139341
1341	-1	-0.948337	0.0013929
1342	-1	-0.948376	0.0013924
1343	-1	-0.948414	0.00139189
1344	-1	-0.948452	0.00139139
1345	-1	-0.948491	0.00139088
1346	-1	-0.948529	0.00139037
1347	-1	-0.948567	0.00138986
1348	-1	-0.948605	0.00138936
1349	-1	-0.948643	0.00138885
1350	-1	-0.948681	0.00138834
1351	-1	-0.948719	0.00138783
1352	-1	-0.948757	0.00138733
1353	-1	-0.948795	0.00138682
1354	-1	-0.948833	0.00138631
1355	-1	-0.948871	0.0013858
1356	-1	-0.948909	0.00138529
1357	-1	-0.948946	0.00138478
1358	-1	-0.948984	0.00138427
1359	-1	-0.949021	0.00138376
1360	-1	-0.949059	0.00138325
1361	-1	-0.949096	0.00138274
1362	-1	-0.949134	0.00138223
1363	-1	-0.949171	0.00138172
1364	-1	-0.949208	0.00138121
1365	-1	-0.949245	0.0013807
1366	-1	-0.949283	0.00138019
1367	-1	-0.94932	0.00137968
1368	-1	-0.949357	0.00137917
1369	-1	-0.949394	0.00137866
1370	-1	-0.949431	0.00137814
1371	-1	-0.949468	0.00137763
1372	-1	-0.949504	0.00137712
1373	-1	-0.949541	0.00137661
1374	-1	-0.949578	0.0013761
1375	-1	-0.949615	0.00137558
1376	-1	-0.949651	0.00137507
1377	-0.92	-0.94963	0.00137424
1378	-0.92	-0.949608	0.00137341
1379	-0.92	-0.949587	0.00137258
1380	-0.92	-0.949565	0.00137176
1381	-0.92	-0.949544	0.00137093
1382	-0.92	-0.949522	0.0013701
1383	-0.92	-0.949501	0.00136928
1384	-1	-0.949538	0.00136878
1385	-1	-0.949574	0.00136827
1386	-1	-0.94961	0.00136777
1387	-1	-0.949647	0.00136726
1388	-1	-0.949683	0.00136676
1389	-1	-0.949719	0.00136626
1390	-1	-0.949755	0.00136575
1391	-1	-0.949792	0.00136525
1392	-1	-0.949828	0.00136474
1393	-1	-0.949864	0.00136424
1394	-1	-0.9499	0.00136374
1395	-1	-0.949935	0.00136323
1396	-1	-0.949971	0.00136273
1397	-1	-0.950007	0.00136222
1398	-1	-0.950043	0.00136172
1399	-1	-0.950079	0.00136121
1400	-1	-0.950114	0.0013607
1401	-0.92	-0.950093	0.0013599
1402	-1	-0.950128	0.0013594
1403	-1	-0.950164	0.00135889
1404	-1	-0.950199	0.00135839
1405	-1	-0.950235	0.00135789
1406	-1	-0.95027	0.00135738
1407	-1	-0.950306	0.00135688
1408	-1	-0.950341	0.00135637
1409	-1	-0.950376	0.00135587
1410	-1	-0.950411	0.00135536
1411	-1	-0.950446	0.00135486
1412	-1	-0.950482	0.00135435
1413	-1	-0.950517	0.00135385
1414	-1	-0.950552	0.00135334
1415	-1	-0.950587	0.00135284
1416	-1	-0.950621	0.00135233
1417	-1	-0.950656	0.00135183
1418	-1	-0.950691	0.00135132
1419	-1	-0.950726	0.00135081
1420	-1	-0.950761	0.00135031
1421	-1	-0.950795	0.0013498
1422	-1	-0.95083	0.0013493
1423	-1	-0.950864	0.00134879
1424	-1	-0.950899	0.00134828
1425	-1	-0.950933	0.00134778
1426	-1	-0.950968	0.00134727
1427	-1	-0.951002	0.00134677
1428	-1	-0.951036	0.00134626
1429	-1	-0.951071	0.00134575
1430	-1	-0.951105	0.00134525
1431	-1	-0.951139	0.00134474
1432	-1	-0.951173	0.00134424
1433	-1	-0.951207	0.00134373
1434	-1	-0.951241	0.00134322
1435	-1	-0.951275	0.00134272
1436	-1	-0.951309	0.00134221
1437	-1	-0.951343	0.0013417
1438	-1	-0.951377	0.0013412
1439	-1	-0.951411	0.00134069
1440	-1	-0.951444	0.00134018
1441	-1	-0.951478	0.00133968
1442	-1	-0.951512	0.00133917
1443	-1	-0.951545	0.00133866
1444	-1	-0.951579	0.00133816
1445	-1	-0.951612	0.00133765
1446	-1	-0.951646	0.00133715
1447	-1	-0.951679	0.00133664
1448	-1	-0.951713	0.00133613
1449	-1	-0.951746	0.00133563
1450	-1	-0.951779	0.00133512
1451	-1	-0.951813	0.00133461
1452	-1	-0.951846	0.00133411
1453	-1	-0.951879	0.0013336
1454	-1	-0.951912	0.00133309
1455	-1	-0.951945	0.00133259
1456	-1	-0.951978	0.00133208
1457	-1	-0.952011	0.00133157
1458	-1	-0.952044	0.00133107
1459	-1	-0.952077	0.00133056
1460	-1	-0.95211	0.00133005
1461	-1	-0.952142	0.00132955
1462	-1	-0.952175	0.00132904
1463	-1	-0.952208	0.00132853
1464	-1	-0.95224	0.00132803
1465	-1	-0.952273	0.00132752
1466	-1	-0.952306	0.00132701
1467	-1	-0.952338	0.00132651
1468	-1	-0.952371	0.001326
1469	-1	-0.952403	0.00132549
1470	-1	-0.952435	0.00132499
1471	-1	-0.952468	0.00132448
1472	-1	-0.9525	0.00132398
1473	-1	-0.952532	0.00132347
1474	-1	-0.952564	0.00132296
1475	-1	-0.952597	0.00132246
1476	-1	-0.952629	0.00132195
1477	-1	-0.952661	0.00132144
1478	-1	-0.952693	0.00132094
1479	-1	-0.952725	0.00132043
1480	-1	-0.952757	0.00131993
1481	-1	-0.952789	0.00131942
1482	-1	-0.952821	0.00131892
1483	-1	-0.952852	0.00131841
1484	-1	-0.952884	0.0013179
1485	-1	-0.952916	0.0013174
1486	-1	-0.952948	0.00131689
1487	-1	-0.952979	0.00131639
1488	-1	-0.953011	0.00131588
1489	-1	-0.953042	0.00131538
1490	-1	-0.953074	0.00131487
1491	-1	-0.953105	0.00131437
1492	-1	-0.953137	0.00131386
1493	-1	-0.953168	0.00131336
1494	-1	-0.953199	0.00131285
1495	-1	-0.953231	0.00131234
1496	-1	-0.953262	0.00131184
1497	-1	-0.953293	0.00131134
1498	-0.92	-0.953271	0.00131065
1499	-1	-0.953302	0.00131014
1500	-1	-0.953333	0.00130964
1501	-1	-0.953364	0.00130914
1502	-1	-0.953395	0.00130863
1503	-1	-0.953426	0.00130813
1504	-1	-0.953457	0.00130763
1505	-1	-0.953488	0.00130712
1506	-1	-0.953519	0.00130662
1507	-1	-0.95355	0.00130612
1508	-1	-0.953581	0.00130561
1509	-1	-0.953612	0.00130511
1510	-1	-0.953642	0.00130461
1511	-1	-0.953673	0.00130411
1512	-1	-0.953704	0.0013036
1513	-1	-0.953734	0.0013031
1514	-1	-0.953765	0.0013026
1515	-1	-0.953795	0.0013021
1516	-1	-0.953826	0.00130159
1517	-1	-0.953856	0.00130109
1518	-1	-0.953887	0.00130059
1519	-1	-0.953917	0.00130009
1520	-1	-0.953947	0.00129958
1521	-1	-0.953978	0.00129908
1522	-1	-0.954008	0.00129858
1523	-1	-0.954038	0.00129808
1524	-1	-0.954068	0.00129758
1525	-1	-0.954098	0.00129708
1526	-1	-0.954128	0.00129658
1527	-1	-0.954158	0.00129607
1528	-1	-0.954188	0.00129557
1529	-1	-0.954218	0.00129507
1530	-1	-0.954248	0.00129457
1531	-1	-0.954278	0.00129407
1532	-1	-0.954308	0.00129357
1533	-1	-0.954338	0.00129307
1534	-1	-0.954368	0.00129257
1535	-1	-0.954397	0.00129207
1536	-1	-0.954427	0.00129157
1537	-1	-0.954457	0.00129107
1538	-1	-0.954486	0.00129057
1539	-1	-0.954516	0.00129007
1540	-1	-0.954545	0.00128957
1541	-1	-0.954575	0.00128907
1542	-1	-0.954604	0.00128857
1543	-1	-0.954634	0.00128807
1544	-1	-0.954663	0.00128757
1545	-1	-0.954693	0.00128707
1546	-1	-0.954722	0.00128657
1547	-1	-0.954751	0.00128607
1548	-1	-0.95478	0.00128558
1549	-1	-0.95481	0.00128508
1550	-1	-0.954839	0.00128458
1551	-1	-0.954868	0.00128408
1552	-1	-0.954897	0.00128358
1553	-1	-0.954926	0.00128308
1554	-1	-0.954955	0.00128259
1555	-1	-0.954984	0.00128209
1556	-1	-0.955013	0.00128159
1557	-1	-0.955042	0.00128109
1558	-1	-0.955071	0.0012806
1559	-1	-0.955099	0.0012801
1560	-1	-0.955128	0.0012796
1561	-1	-0.955157	0.0012791
1562	-1	-0.955186	0.00127861
1563	-1	-0.955214	0.00127811
1564	-1	-0.955243	0.00127761
1565	-0.92	-0.95522	0.001277
1566	-0.92	-0.955198	0.00127638
1567	-0.92	-0.955175	0.00127576
1568	-0.92	-0.955153	0.00127515
1569	-0.92	-0.955131	0.00127453
1570	-1	-0.955159	0.00127404
1571	-1	-0.955188	0.00127355
1572	-1	-0.955216	0.00127306
1573	-1	-0.955245	0.00127256
1574	-1	-0.955273	0.00127207
1575	-1	-0.955302	0.00127158
1576	-1	-0.95533	0.00127109
1577	-1	-0.955358	0.0012706
1578	-0.92	-0.955336	0.00126999
1579	-0.92	-0.955313	0.00126939
1580	-0.92	-0.955291	0.00126878
1581	-1	-0.955319	0.00126829
1582	-1	-0.955348	0.0012678
1583	-1	-0.955376	0.00126732
1584	-1	-0.955404	0.00126683
1585	-1	-0.955432	0.00126634
1586	-1	-0.95546	0.00126586
1587	-1	-0.955488	0.00126537
1588	-1	-0.955516	0.00126488
1589	-1	-0.955544	0.0012644
1590	-1	-0.955572	0.00126391
1591	-1	-0.9556	0.00126343
1592	-1	-0.955628	0.00126294
1593	-1	-0.955656	0.00126245
1594	-1	-0.955684	0.00126197
1595	-1	-0.955712	0.00126148
1596	-1	-0.955739	0.001261
1597	-1	-0.955767	0.00126051
1598	-1	-0.955795	0.00126003
1599	-1	-0.955822	0.00125954
1600	-1	-0.95585	0.00125906
1601	-1	-0.955878	0.00125857
1602	-1	-0.955905	0.00125809
1603	-1	-0.955933	0.0012576
1604	-1	-0.95596	0.00125712
1605	-1	-0.955988	0.00125664
1606	-1	-0.956015	0.00125615
1607	-1	-0.956042	0.00125567
1608	-1	-0.95607	0.00125519
1609	-1	-0.956097	0.0012547
1610	-1	-0.956124	0.00125422
1611	-1	-0.956151	0.00125374
1612	-1	-0.956179	0.00125325
1613	-1	-0.956206	0.00125277
1614	-1	-0.956233	0.00125229
1615	-1	-0.95626	0.00125181
1616	-1	-0.956287	0.00125132
1617	-1	-0.956314	0.00125084
1618	-1	-0.956341	0.00125036
1619	-1	-0.956368	0.00124988
1620	-1	-0.956395	0.0012494
1621	-1	-0.956422	0.00124892
1622	-1	-0.956449	0.00124844
1623	-1	-0.956476	0.00124795
1624	-1	-0.956502	0.00124747
1625	-1	-0.956529	0.00124699
1626	-1	-0.956556	0.00124651
1627	-1	-0.956583	0.00124603
1628	-1	-0.956609	0.00124555
1629	-1	-0.956636	0.00124507
1630	-1	-0.956663	0.00124459
1631	-1	-0.956689	0.00124411
1632	-1	-0.956716	0.00124363
1633	-1	-0.956742	0.00124315
1634	-1	-0.956769	0.00124268
1635	-1	-0.956795	0.0012422
1636	-1	-0.956822	0.00124172
1637	-1	-0.956848	0.00124124
1638	-1	-0.956874	0.00124076
1639	-1	-0.956901	0.00124028
1640	-1	-0.956927	0.00123981
1641	-1	-0.956953	0.00123933
1642	-1	-0.956979	0.00123885
1643	-1	-0.957005	0.00123837
1644	-1	-0.957032	0.0012379
1645	-1	-0.957058	0.00123742
1646	-1	-0.957084	0.00123694
1647	-1	-0.95711	0.00123647
1648	-1	-0.957136	0.00123599
1649	-1	-0.957162	0.00123551
1650	-1	-0.957188	0.00123504
1651	-1	-0.957214	0.00123456
1652	-1	-0.95724	0.00123408
1653	-1	-0.957266	0.00123361
1654	-1	-0.957291	0.00123313
1655	-1	-0.957317	0.00123266
1656	-1	-0.957343	0.00123218
1657	-1	-0.957369	0.00123171
1658	-1	-0.957394	0.00123123
1659	-1	-0.95742	0.00123076
1660	-1	-0.957446	0.00123029
1661	-1	-0.957471	0.00122981
1662	-1	-0.957497	0.00122934
1663	-1	-0.957523	0.00122886
1664	-1	-0.957548	0.00122839
1665	-1	-0.957574	0.00122792
1666	-1	-0.957599	0.00122744
1667	-1	-0.957624	0.00122697
1668	-1	-0.95765	0.0012265
1669	-1	-0.957675	0.00122603
1670	-1	-0.957701	0.00122555
1671	-1	-0.957726	0.00122508
1672	-1	-0.957751	0.00122461
1673	-1	-0.957776	0.00122414
1674	-1	-0.957802	0.00122367
1675	-1	-0.957827	0.0012232
1676	-1	-0.957852	0.00122272
1677	-1	-0.957877	0.00122225
1678	-1	-0.957902	0.00122178
1679	-1	-0.957927	0.00122131
1680	-1	-0.957952	0.00122084
1681	-1	-0.957977	0.00122037
1682	-1	-0.958002	0.0012199
1683	-0.92	-0.95798	0.00121939
1684	-0.92	-0.957957	0.00121887
1685	-0.92	-0.957935	0.00121835
1686	-1	-0.95796	0.00121789
1687	-1	-0.957985	0.00121742
1688	-1	-0.958009	0.00121695
1689	-1	-0.958034	0.00121649
1690	-1	-0.958059	0.00121602
1691	-1	-0.958084	0.00121555
1692	-1	-0.958109	0.00121509
1693	-1	-0.958133	0.00121462
1694	-1	-0.958158	0.00121416
1695	-1	-0.958183	0.00121369
1696	-1	-0.958208	0.00121323
1697	-1	-0.958232	0.00121276
1698	-1	-0.958257	0.0012123
1699	-1	-0.958281	0.00121183
1700	-1	-0.958306	0.00121137
1701	-1	-0.95833	0.0012109
1702	-1	-0.958355	0.00121044
1703	-1	-0.958379	0.00120997
1704	-1	-0.958404	0.00120951
1705	-1	-0.958428	0.00120905
1706	-1	-0.958453	0.00120858
1707	-1	-0.958477	0.00120812
1708	-1	-0.958501	0.00120766
1709	-1	-0.958525	0.0012072
1710	-1	-0.95855	0.00120673
1711	-1	-0.958574	0.00120627
1712	-1	-0.958598	0.00120581
1713	-1	-0.958622	0.00120535
1714	-1	-0.958646	0.00120489
1715	-1	-0.958671	0.00120442
1716	-1	-0.958695	0.00120396
1717	-1	-0.958719	0.0012035
1718	-1	-0.958743	0.00120304
1719	-1	-0.958767	0.00120258
1720	-1	-0.958791	0.00120212
1721	-1	-0.958815	0.00120166
1722	-1	-0.958839	0.0012012
1723	-1	-0.958862	0.00120074
1724	-1	-0.958886	0.00120028
1725	-1	-0.95891	0.00119982
1726	-1	-0.958934	0.00119936
1727	-1	-0.958958	0.0011989
1728	-1	-0.958981	0.00119845
1729	-1	-0.959005	0.00119799
1730	-1	-0.959029	0.00119753
1731	-1	-0.959053	0.00119707
1732	-1	-0.959076	0.00119661
1733	-1	-0.9591	0.00119616
1734	-1	-0.959123	0.0011957
1735	-1	-0.959147	0.00119524
1736	-1	-0.959171	0.00119478
1737	-1	-0.959194	0.00119433
1738	-1	-0.959217	0.00119387
1739	-1	-0.959241	0.00119342
1740	-1	-0.959264	0.00119296
1741	-1	-0.959288	0.0011925
1742	-1	-0.959311	0.00119205
1743	-1	-0.959334	0.00119159
1744	-1	-0.959358	0.00119114
1745	-1	-0.959381	0.00119068
1746	-1	-0.959404	0.00119023
1747	-1	-0.959428	0.00118977
1748	-1	-0.959451	0.00118932
1749	-1	-0.959474	0.00118886
1750	-1	-0.959497	0.00118841
1751	-1	-0.95952	0.00118796
1752	-1	-0.959543	0.0011875
1753	-1	-0.959566	0.00118705
1754	-1	-0.95959	0.0011866
1755	-1	-0.959613	0.00118614
1756	-1	-0.959636	0.00118569
1757	-1	-0.959659	0.00118524
1758	-1	-0.959681	0.00118479
1759	-1	-0.959704	0.00118434
1760	-1	-0.959727	0.00118388
1761	-1	-0.95975	0.00118343
1762	-1	-0.959773	0.00118298
1763	-1	-0.959796	0.00118253
1764	-1	-0.959819	0.00118208
1765	-1	-0.959841	0.00118163
1766	-1	-0.959864	0.00118118
1767	-1	-0.959887	0.00118073
1768	-1	-0.95991	0.00118028
1769	-1	-0.959932	0.00117983
1770	-1	-0.959955	0.00117938
1771	-1	-0.959977	0.00117893
1772	-1	-0.96	0.00117848
1773	-1	-0.960023	0.00117803
1774	-1	-0.960045	0.00117758
1775	-1	-0.960068	0.00117713
1776	-1	-0.96009	0.00117669
1777	-1	-0.960113	0.00117624
1778	-1	-0.960135	0.00117579
1779	-1	-0.960157	0.00117534
1780	-1	-0.96018	0.0011749
1781	-1	-0.960202	0.00117445
1782	-1	-0.960224	0.001174
1783	-0.92	-0.960202	0.00117356
1784	-0.92	-0.960179	0.00117312
1785	-0.92	-0.960157	0.00117268
1786	-0.92	-0.960134	0.00117224
1787	-0.92	-0.960112	0.0011718
1788	-0.92	-0.960089	0.00117135
1789	-0.92	-0.960067	0.00117091
1790	-0.92	-0.960045	0.00117047
1791	-0.92	-0.960022	0.00117003
1792	-0.92	-0.96	0.00116959
1793	-0.92	-0.959978	0.00116915
1794	-0.92	-0.959955	0.00116872
1795	-0.92	-0.959933	0.00116828
1796	-0.92	-0.959911	0.00116784
1797	-0.92	-0.959889	0.0011674
1798	-1	-0.959911	0.00116696
1799	-1	-0.959933	0.00116653
1800	-1	-0.959956	0.00116609
1801	-1	-0.959978	0.00116565
1802	-1	-0.96	0.00116522
1803	-1	-0.960022	0.00116478
1804	-1	-0.960044	0.00116435
1805	-1	-0.960066	0.00116391
1806	-1	-0.960089	0.00116348
1807	-1	-0.960111	0.00116305
1808	-1	-0.960133	0.00116261
1809	-1	-0.960155	0.00116218
1810	-1	-0.960177	0.00116174
1811	-1	-0.960199	0.00116131
1812	-1	-0.960221	0.00116088
1813	-1	-0.960243	0.00116044
1814	-1	-0.960265	0.00116001
1815	-1	-0.960287	0.00115958
1816	-1	-0.960308	0.00115915
1817	-1	-0.96033	0.00115871
1818	-1	-0.960352	0.00115828
1819	-1	-0.960374	0.00115785
1820	-1	-0.960396	0.00115742
1821	-1	-0.960417	0.00115699
1822	-1	-0.960439	0.00115656
1823	-1	-0.960461	0.00115613
1824	-1	-0.960482	0.00115569
1825	-1	-0.960504	0.00115526
1826	-1	-0.960526	0.00115483
1827	-1	-0.960547	0.0011544
1828	-1	-0.960569	0.00115397
1829	-1	-0.96059	0.00115354
1830	-1	-0.960612	0.00115312
1831	-1	-0.960634	0.00115269
1832	-1	-0.960655	0.00115226
1833	-1	-0.960676	0.00115183
1834	-1	-0.960698	0.0011514
1835	-1	-0.960719	0.00115097
1836	-1	-0.960741	0.00115054
1837	-1	-0.960762	0.00115012
1838	-1	-0.960783	0.00114969
1839	-1	-0.960805	0.00114926
1840	-1	-0.960826	0.00114883
1841	-1	-0.960847	0.00114841
1842	-1	-0.960869	0.00114798
1843	-1	-0.96089	0.00114755
1844	-1	-0.960911	0.00114713
1845	-1	-0.960932	0.0011467
1846	-1	-0.960953	0.00114627
1847	-1	-0.960975	0.00114585
1848	-1	-0.960996	0.00114542
1849	-1	-0.961017	0.001145
1850	-1	-0.961038	0.00114457
1851	-1	-0.961059	0.00114415
1852	-1	-0.96108	0.00114372
1853	-1	-0.961101	0.0011433
1854	-1	-0.961122	0.00114287
1855	-1	-0.961143	0.00114245
1856	-1	-0.961164	0.00114203
1857	-1	-0.961185	0.0011416
1858	-1	-0.961206	0.00114118
1859	-1	-0.961226	0.00114076
1860	-1	-0.961247	0.00114033
1861	-1	-0.961268	0.00113991
1862	-1	-0.961289	0.00113949
1863	-1	-0.96131	0.00113907
1864	-1	-0.96133	0.00113864
1865	-1	-0.961351	0.00113822
1866	-1	-0.961372	0.0011378
1867	-1	-0.961393	0.00113738
1868	-1	-0.961413	0.00113696
1869	-1	-0.961434	0.00113654
1870	-1	-0.961455	0.00113612
1871	-1	-0.961475	0.0011357
1872	-1	-0.961496	0.00113528
1873	-1	-0.961516	0.00113486
1874	-1	-0.961537	0.00113444
1875	-1	-0.961557	0.00113402
1876	-1	-0.961578	0.0011336
1877	-1	-0.961598	0.00113318
1878	-1	-0.961619	0.00113276
1879	-1	-0.961639	0.00113234
1880	-1	-0.96166	0.00113192
1881	-1	-0.96168	0.0011315
1882	-1	-0.9617	0.00113108
1883	-1	-0.961721	0.00113067
1884	-1	-0.961741	0.00113025
1885	-1	-0.961761	0.00112983
1886	-1	-0.961782	0.00112941
1887	-1	-0.961802	0.001129
1888	-1	-0.961822	0.00112858
1889	-1	-0.961842	0.00112816
1890	-1	-0.961862	0.00112775
1891	-1	-0.961883	0.00112733
1892	-1	-0.961903	0.00112692
1893	-1	-0.961923	0.0011265
1894	-1	-0.961943	0.00112608
1895	-1	-0.961963	0.00112567
1896	-1	-0.961983	0.00112525
1897	-1	-0.962003	0.00112484
1898	-1	-0.962023	0.00112442
1899	-1	-0.962043	0.00112401
1900	-1	-0.962063	0.0011236
1901	-1	-0.962083	0.00112318
1902	-1	-0.962103	0.00112277
1903	-1	-0.962123	0.00112236
1904	-1	-0.962143	0.00112194
1905	-1	-0.962163	0.00112153
1906	-1	-0.962183	0.00112112
1907	-1	-0.962202	0.0011207
1908	-1	-0.962222	0.00112029
1909	-1	-0.962242	0.00111988
1910	-1	-0.962262	0.00111947
1911	-1	-0.962282	0.00111906
1912	-1	-0.962301	0.00111864
1913	-1	-0.962321	0.00111823
1914	-1	-0.962341	0.00111782
1915	-1	-0.96236	0.00111741
1916	-1	-0.96238	0.001117
1917	-1	-0.9624	0.00111659
1918	-1	-0.962419	0.00111618
1919	-1	-0.962439	0.00111577
1920	-1	-0.962458	0.00111536
1921	-1	-0.962478	0.00111495
1922	-1	-0.962497	0.00111454
1923	-1	-0.962517	0.00111413
1924	-1	-0.962536	0.00111372
1925	-1	-0.962556	0.00111331
1926	-1	-0.962575	0.00111291
1927	-1	-0.962595	0.0011125
1928	-1	-0.962614	0.00111209
1929	-1	-0.962633	0.00111168
1930	-1	-0.962653	0.00111128
1931	-1	-0.962672	0.00111087
1932	-1	-0.962692	0.00111046
1933	-1	-0.962711	0.00111005
1934	-1	-0.96273	0.00110965
1935	-1	-0.962749	0.00110924
1936	-1	-0.962769	0.00110884
1937	-1	-0.962788	0.00110843
1938	-1	-0.962807	0.00110802
1939	-1	-0.962826	0.00110762
1940	-1	-0.962845	0.00110721
1941	-1	-0.962865	0.00110681
1942	-1	-0.962884	0.0011064
1943	-1	-0.962903	0.001106
1944	-1	-0.962922	0.00110559
1945	-1	-0.962941	0.00110519
1946	-1	-0.96296	0.00110479
1947	-1	-0.962979	0.00110438
1948	-1	-0.962998	0.00110398
1949	-1	-0.963017	0.00110358
1950	-1	-0.963036	0.00110317
1951	-1	-0.963055	0.00110277
1952	-1	-0.963074	0.00110237
1953	-1	-0.963093	0.00110196
1954	-1	-0.963112	0.00110156
1955	-1	-0.96313	0.00110116
1956	-1	-0.963149	0.00110076
1957	-1	-0.963168	0.00110036
1958	-1	-0.963187	0.00109996
1959	-1	-0.963206	0.00109955
1960	-1	-0.963224	0.00109915
1961	-1	-0.963243	0.00109875
1962	-1	-0.963262	0.00109835
1963	-1	-0.963281	0.00109795
1964	-1	-0.963299	0.00109755
1965	-1	-0.963318	0.00109715
1966	-1	-0.963337	0.00109675
1967	-1	-0.963355	0.00109635
1968	-1	-0.963374	0.00109596
1969	-1	-0.963393	0.00109556
1970	-1	-0.963411	0.00109516
1971	-1	-0.96343	0.00109476
1972	-1	-0.963448	0.00109436
1973	-1	-0.963467	0.00109396
1974	-1	-0.963485	0.00109357
1975	-1	-0.963504	0.00109317
1976	-1	-0.963522	0.00109277
1977	-1	-0.963541	0.00109237
1978	-1	-0.963559	0.00109198
1979	-1	-0.963578	0.00109158
1980	-1	-0.963596	0.00109118
1981	-1	-0.963614	0.00109079
1982	-1	-0.963633	0.00109039
1983	-0.92	-0.963611	0.00109006
1984	-0.92	-0.963589	0.00108974
1985	-1	-0.963607	0.00108934
1986	-1	-0.963625	0.00108895
1987	-1	-0.963644	0.00108855
1988	-1	-0.963662	0.00108816
1989	-1	-0.96368	0.00108777
1990	-1	-0.963698	0.00108737
1991	-1	-0.963717	0.00108698
1992	-1	-0.963735	0.00108659
1993	-1	-0.963753	0.00108619
1994	-1	-0.963771	0.0010858
1995	-1	-0.963789	0.00108541
1996	-1	-0.963808	0.00108501
1997	-1	-0.963826	0.00108462
1998	-1	-0.963844	0.00108423
1999	-1	-0.963862	0.00108384
2000	-1	-0.96388	0.00108345
