1	-1	-1	0
2	-0.92	-0.96	0.04
3	-0.92	-0.946667	0.0266667
4	-0.92	-0.94	0.02
5	-0.92	-0.936	0.016
6	-0.92	-0.933333	0.0133333
7	-0.92	-0.931429	0.0114286
8	-0.92	-0.93	0.01
9	-0.92	-0.928889	0.00888889
10	-0.92	-0.928	0.008
11	-0.92	-0.927273	0.00727273
12	-0.92	-0.926667	0.00666667
13	-0.92	-0.926154	0.00615385
14	-0.92	-0.925714	0.00571429
15	-0.92	-0.925333	0.00533333
16	-0.92	-0.925	0.005
17	-0.92	-0.924706	0.00470588
18	-0.92	-0.924444	0.00444444
19	-0.92	-0.924211	0.00421053
20	-1	-0.928	0.00550598
21	-1	-0.931429	0.00625969
22	-1	-0.934545	0.00673324
23	-1	-0.937391	0.00703513
24	-1	-0.94	0.00722315
25	-1	-0.9424	0.00733212
26	-1	-0.944615	0.00738462
27	-1	-0.946667	0.007396
28	-1	-0.948571	0.00737711
29	-1	-0.950345	0.00733577
30	-1	-0.952	0.00727774
31	-1	-0.953548	0.00720735
32	-1	-0.955	0.00712786
33	-1	-0.956364	0.00704179
34	-1	-0.957647	0.00695105
35	-1	-0.958857	0.00685714
36	-1	-0.96	0.00676123
37	-1	-0.961081	0.00666423
38	-1	-0.962105	0.00656685
39	-1	-0.963077	0.00646963
40	-1	-0.964	0.00637302
41	-0.92	-0.962927	0.0063076
42	-0.92	-0.961905	0.00623986
43	-0.92	-0.96093	0.00617046
44	-0.92	-0.96	0.00609994
45	-0.92	-0.959111	0.00602874
46	-0.92	-0.958261	0.00595721
47	-0.92	-0.957447	0.00588565
48	-0.92	-0.956667	0.00581431
49	-0.92	-0.955918	0.00574337
50	-0.92	-0.9552	0.00567299
51	-0.92	-0.95451	0.00560332
52	-0.92	-0.953846	0.00553444
53	-0.92	-0.953208	0.00546644
54	-1	-0.954074	0.00543379
55	-1	-0.954909	0.00539904
56	-1	-0.955714	0.00536255
57	-1	-0.956491	0.00532462
58	-1	-0.957241	0.00528551
59	-1	-0.957966	0.00524546
60	-1	-0.958667	0.00520466
61	-1	-0.959344	0.00516328
62	-1	-0.96	0.00512148
63	-1	-0.960635	0.00507937
64	-1	-0.96125	0.00503706
65	-1	-0.961846	0.00499467
66	-1	-0.962424	0.00495227
67	-1	-0.962985	0.00490993
68	-1	-0.963529	0.00486772
69	-1	-0.964058	0.00482569
70	-1	-0.964571	0.00478388
71	-1	-0.96507	0.00474235
72	-1	-0.965556	0.00470112
73	-1	-0.966027	0.00466022
74	-1	-0.966486	0.00461968
75	-1	-0.966933	0.00457952
76	-1	-0.967368	0.00453976
77	-1	-0.967792	0.00450041
78	-1	-0.968205	0.00446149
79	-1	-0.968608	0.004423
80	-1	-0.969	0.00438496
81	-1	-0.969383	0.00434736
82	-1	-0.969756	0.00431022
83	-1	-0.97012	0.00427354
84	-1	-0.970476	0.00423731
85	-1	-0.970824	0.00420155
86	-1	-0.971163	0.00416624
87	-1	-0.971494	0.00413139
88	-1	-0.971818	0.004097
89	-1	-0.972135	0.00406306
90	-1	-0.972444	0.00402958
91	-1	-0.972747	0.00399654
92	-1	-0.973043	0.00396394
93	-1	-0.973333	0.00393179
94	-1	-0.973617	0.00390006
95	-1	-0.973895	0.00386877
96	-1	-0.974167	0.00383791
97	-1	-0.974433	0.00380746
98	-1	-0.974694	0.00377743
99	-1	-0.974949	0.00374781
100	-1	-0.9752	0.00371859
101	-1	-0.975446	0.00368976
102	-1	-0.975686	0.00366133
103	-1	-0.975922	0.00363329
104	-1	-0.976154	0.00360562
105	-1	-0.976381	0.00357833
106	-1	-0.976604	0.00355141
107	-1	-0.976822	0.00352485
108	-1	-0.977037	0.00349865
109	-1	-0.977248	0.0034728
110	-1	-0.977455	0.00344729
111	-1	-0.977658	0.00342213
112	-1	-0.977857	0.0033973
113	-1	-0.978053	0.0033728
114	-1	-0.978246	0.00334862
115	-1	-0.978435	0.00332476
116	-1	-0.978621	0.00330121
117	-1	-0.978803	0.00327797
118	-1	-0.978983	0.00325503
119	-1	-0.97916	0.00323239
120	-1	-0.979333	0.00321004
121	-1	-0.979504	0.00318798
122	-1	-0.979672	0.0031662
123	-1	-0.979837	0.0031447
124	-1	-0.98	0.00312348
125	-1	-0.98016	0.00310252
126	-1	-0.980317	0.00308182
127	-1	-0.980472	0.00306138
128	-1	-0.980625	0.0030412
129	-1	-0.980775	0.00302127
130	-1	-0.980923	0.00300158
131	-1	-0.981069	0.00298214
132	-1	-0.981212	0.00296293
133	-1	-0.981353	0.00294396
134	-1	-0.981493	0.00292522
135	-1	-0.98163	0.00290671
136	-1	-0.981765	0.00288842
137	-1	-0.981898	0.00287034
138	-1	-0.982029	0.00285248
139	-1	-0.982158	0.00283484
140	-1	-0.982286	0.0028174
141	-1	-0.982411	0.00280017
142	-1	-0.982535	0.00278314
143	-1	-0.982657	0.0027663
144	-1	-0.982778	0.00274966
145	-1	-0.982897	0.00273322
146	-1	-0.983014	0.00271696
147	-1	-0.983129	0.00270088
148	-1	-0.983243	0.00268499
149	-1	-0.983356	0.00266928
150	-1	-0.983467	0.00265375
151	-1	-0.983576	0.00263839
152	-1	-0.983684	0.0026232
153	-1	-0.983791	0.00260818
154	-1	-0.983896	0.00259333
155	-1	-0.984	0.00257863
156	-1	-0.984103	0.0025641
157	-1	-0.984204	0.00254973
158	-1	-0.984304	0.00253551
159	-1	-0.984403	0.00252145
160	-1	-0.9845	0.00250754
161	-1	-0.984596	0.00249377
162	-1	-0.984691	0.00248015
163	-1	-0.984785	0.00246668
164	-1	-0.984878	0.00245335
165	-1	-0.98497	0.00244015
166	-1	-0.98506	0.0024271
167	-1	-0.98515	0.00241418
168	-1	-0.985238	0.00240139
169	-1	-0.985325	0.00238874
170	-1	-0.985412	0.00237622
171	-1	-0.985497	0.00236382
172	-1	-0.985581	0.00235155
173	-1	-0.985665	0.0023394
174	-0.92	-0.985287	0.00235633
175	-0.92	-0.984914	0.00237235
176	-1	-0.985	0.00236039
177	-1	-0.985085	0.00234854
178	-1	-0.985169	0.00233681
179	-1	-0.985251	0.0023252
180	-1	-0.985333	0.0023137
181	-1	-0.985414	0.00230231
182	-1	-0.985495	0.00229102
183	-1	-0.985574	0.00227985
184	-1	-0.985652	0.00226878
185	-1	-0.98573	0.00225781
186	-1	-0.985806	0.00224695
187	-1	-0.985882	0.00223619
188	-1	-0.985957	0.00222553
189	-1	-0.986032	0.00221497
190	-1	-0.986105	0.00220451
191	-1	-0.986178	0.00219415
192	-1	-0.98625	0.00218387
193	-1	-0.986321	0.0021737
194	-1	-0.986392	0.00216361
195	-1	-0.986462	0.00215362
196	-1	-0.986531	0.00214372
197	-1	-0.986599	0.0021339
198	-1	-0.986667	0.00212418
199	-1	-0.986734	0.00211454
200	-1	-0.9868	0.00210498
201	-1	-0.986866	0.00209551
202	-1	-0.986931	0.00208613
203	-1	-0.986995	0.00207682
204	-1	-0.987059	0.0020676
205	-1	-0.987122	0.00205846
206	-1	-0.987184	0.0020494
207	-1	-0.987246	0.00204041
208	-1	-0.987308	0.0020315
209	-1	-0.987368	0.00202267
210	-1	-0.987429	0.00201392
211	-1	-0.987488	0.00200523
212	-1	-0.987547	0.00199662
213	-1	-0.987606	0.00198809
214	-1	-0.987664	0.00197962
215	-1	-0.987721	0.00197123
216	-1	-0.987778	0.00196291
217	-1	-0.987834	0.00195465
218	-1	-0.98789	0.00194646
219	-1	-0.987945	0.00193834
220	-1	-0.988	0.00193029
221	-1	-0.988054	0.0019223
222	-1	-0.988108	0.00191438
223	-1	-0.988161	0.00190652
224	-1	-0.988214	0.00189873
225	-1	-0.988267	0.001891
226	-1	-0.988319	0.00188333
227	-1	-0.98837	0.00187572
228	-1	-0.988421	0.00186817
229	-1	-0.988472	0.00186068
230	-1	-0.988522	0.00185325
231	-1	-0.988571	0.00184588
232	-1	-0.988621	0.00183857
233	-1	-0.98867	0.00183131
234	-1	-0.988718	0.00182411
235	-1	-0.988766	0.00181697
236	-1	-0.988814	0.00180988
237	-1	-0.988861	0.00180284
238	-1	-0.988908	0.00179586
239	-1	-0.988954	0.00178893
240	-1	-0.989	0.00178206
241	-1	-0.989046	0.00177524
242	-1	-0.989091	0.00176846
243	-1	-0.989136	0.00176174
244	-1	-0.98918	0.00175507
245	-1	-0.989224	0.00174845
246	-1	-0.989268	0.00174188
247	-1	-0.989312	0.00173536
248	-1	-0.989355	0.00172888
249	-1	-0.989398	0.00172246
250	-1	-0.98944	0.00171608
251	-1	-0.989482	0.00170975
252	-1	-0.989524	0.00170346
253	-1	-0.989565	0.00169722
254	-1	-0.989606	0.00169102
255	-1	-0.989647	0.00168487
256	-1	-0.989688	0.00167876
257	-1	-0.989728	0.0016727
258	-1	-0.989767	0.00166668
259	-1	-0.989807	0.0016607
260	-1	-0.989846	0.00165477
261	-1	-0.989885	0.00164887
262	-1	-0.989924	0.00164302
263	-1	-0.989962	0.00163721
264	-1	-0.99	0.00163144
265	-1	-0.990038	0.00162571
266	-1	-0.990075	0.00162002
267	-1	-0.990112	0.00161437
268	-1	-0.990149	0.00160876
269	-1	-0.990186	0.00160318
270	-1	-0.990222	0.00159765
271	-1	-0.990258	0.00159215
272	-1	-0.990294	0.00158669
273	-1	-0.99033	0.00158127
274	-1	-0.990365	0.00157588
275	-1	-0.9904	0.00157053
276	-1	-0.990435	0.00156522
277	-1	-0.990469	0.00155994
278	-1	-0.990504	0.0015547
279	-1	-0.990538	0.00154949
280	-1	-0.990571	0.00154431
281	-1	-0.990605	0.00153917
282	-1	-0.990638	0.00153407
283	-1	-0.990671	0.00152899
284	-1	-0.990704	0.00152396
285	-1	-0.990737	0.00151895
286	-1	-0.990769	0.00151398
287	-1	-0.990801	0.00150903
288	-1	-0.990833	0.00150412
289	-1	-0.990865	0.00149925
290	-1	-0.990897	0.0014944
291	-1	-0.990928	0.00148958
292	-1	-0.990959	0.0014848
293	-1	-0.99099	0.00148004
294	-1	-0.99102	0.00147532
295	-1	-0.991051	0.00147062
296	-1	-0.991081	0.00146596
297	-1	-0.991111	0.00146132
298	-1	-0.991141	0.00145672
299	-1	-0.991171	0.00145214
300	-1	-0.9912	0.00144759
301	-1	-0.991229	0.00144307
302	-1	-0.991258	0.00143858
303	-1	-0.991287	0.00143411
304	-1	-0.991316	0.00142967
305	-1	-0.991344	0.00142526
306	-1	-0.991373	0.00142088
307	-1	-0.991401	0.00141652
308	-1	-0.991429	0.00141219
309	-1	-0.991456	0.00140789
310	-1	-0.991484	0.00140361
311	-1	-0.991511	0.00139936
312	-1	-0.991538	0.00139513
313	-1	-0.991565	0.00139093
314	-1	-0.991592	0.00138675
315	-1	-0.991619	0.0013826
316	-1	-0.991646	0.00137847
317	-1	-0.991672	0.00137437
318	-1	-0.991698	0.00137029
319	-1	-0.991724	0.00136624
320	-1	-0.99175	0.00136221
321	-1	-0.991776	0.0013582
322	-1	-0.991801	0.00135421
323	-1	-0.991827	0.00135025
324	-1	-0.991852	0.00134632
325	-1	-0.991877	0.0013424
326	-1	-0.991902	0.00133851
327	-1	-0.991927	0.00133464
328	-1	-0.991951	0.00133079
329	-1	-0.991976	0.00132697
330	-1	-0.992	0.00132316
331	-1	-0.992024	0.00131938
332	-1	-0.992048	0.00131562
333	-1	-0.992072	0.00131188
334	-1	-0.992096	0.00130816
335	-1	-0.992119	0.00130446
336	-1	-0.992143	0.00130079
337	-1	-0.992166	0.00129713
338	-1	-0.992189	0.0012935
339	-1	-0.992212	0.00128988
340	-1	-0.992235	0.00128629
341	-1	-0.992258	0.00128271
342	-1	-0.992281	0.00127915
343	-1	-0.992303	0.00127562
344	-1	-0.992326	0.0012721
345	-1	-0.992348	0.0012686
346	-1	-0.99237	0.00126513
347	-1	-0.992392	0.00126167
348	-1	-0.992414	0.00125822
349	-1	-0.992436	0.0012548
350	-1	-0.992457	0.0012514
351	-1	-0.992479	0.00124801
352	-1	-0.9925	0.00124465
353	-1	-0.992521	0.0012413
354	-1	-0.992542	0.00123797
355	-1	-0.992563	0.00123465
356	-1	-0.992584	0.00123136
357	-1	-0.992605	0.00122808
358	-1	-0.992626	0.00122482
359	-1	-0.992646	0.00122157
360	-1	-0.992667	0.00121835
361	-1	-0.992687	0.00121514
362	-1	-0.992707	0.00121194
363	-1	-0.992727	0.00120877
364	-1	-0.992747	0.00120561
365	-1	-0.992767	0.00120246
366	-1	-0.992787	0.00119934
367	-1	-0.992807	0.00119623
368	-1	-0.992826	0.00119313
369	-1	-0.992846	0.00119005
370	-1	-0.992865	0.00118699
371	-1	-0.992884	0.00118394
372	-1	-0.992903	0.00118091
373	-1	-0.992922	0.00117789
374	-1	-0.992941	0.00117489
375	-1	-0.99296	0.00117191
376	-1	-0.992979	0.00116894
377	-1	-0.992997	0.00116598
378	-1	-0.993016	0.00116304
379	-1	-0.993034	0.00116011
380	-1	-0.993053	0.0011572
381	-1	-0.993071	0.0011543
382	-1	-0.993089	0.00115142
383	-1	-0.993107	0.00114855
384	-1	-0.993125	0.0011457
385	-1	-0.993143	0.00114286
386	-1	-0.993161	0.00114003
387	-1	-0.993178	0.00113722
388	-1	-0.993196	0.00113442
389	-1	-0.993213	0.00113164
390	-1	-0.993231	0.00112886
391	-1	-0.993248	0.00112611
392	-1	-0.993265	0.00112336
393	-1	-0.993282	0.00112063
394	-1	-0.993299	0.00111791
395	-1	-0.993316	0.00111521
396	-1	-0.993333	0.00111252
397	-1	-0.99335	0.00110984
398	-1	-0.993367	0.00110717
399	-1	-0.993383	0.00110452
400	-1	-0.9934	0.00110188
401	-1	-0.993416	0.00109925
402	-1	-0.993433	0.00109663
403	-1	-0.993449	0.00109403
404	-1	-0.993465	0.00109144
405	-1	-0.993481	0.00108886
406	-1	-0.993498	0.0010863
407	-1	-0.993514	0.00108374
408	-1	-0.993529	0.0010812
409	-1	-0.993545	0.00107867
410	-1	-0.993561	0.00107615
411	-1	-0.993577	0.00107364
412	-1	-0.993592	0.00107115
413	-1	-0.993608	0.00106866
414	-1	-0.993623	0.00106619
415	-1	-0.993639	0.00106373
416	-1	-0.993654	0.00106128
417	-1	-0.993669	0.00105884
418	-1	-0.993684	0.00105641
419	-1	-0.993699	0.00105399
420	-1	-0.993714	0.00105159
421	-1	-0.993729	0.00104919
422	-1	-0.993744	0.00104681
423	-1	-0.993759	0.00104444
424	-1	-0.993774	0.00104208
425	-1	-0.993788	0.00103972
426	-1	-0.993803	0.00103738
427	-1	-0.993817	0.00103505
428	-1	-0.993832	0.00103273
429	-1	-0.993846	0.00103042
430	-1	-0.99386	0.00102812
431	-1	-0.993875	0.00102583
432	-1	-0.993889	0.00102355
433	-1	-0.993903	0.00102129
434	-1	-0.993917	0.00101903
435	-1	-0.993931	0.00101678
436	-1	-0.993945	0.00101454
437	-1	-0.993959	0.00101231
438	-1	-0.993973	0.00101009
439	-1	-0.993986	0.00100788
440	-1	-0.994	0.00100568
441	-1	-0.994014	0.00100349
442	-1	-0.994027	0.00100131
443	-1	-0.994041	0.000999135
444	-1	-0.994054	0.000996972
445	-1	-0.994067	0.000994819
446	-1	-0.994081	0.000992675
447	-1	-0.994094	0.00099054
448	-1	-0.994107	0.000988415
449	-1	-0.99412	0.000986298
450	-1	-0.994133	0.000984191
451	-1	-0.994146	0.000982092
452	-1	-0.994159	0.000980003
453	-1	-0.994172	0.000977922
454	-1	-0.994185	0.00097585
455	-1	-0.994198	0.000973787
456	-1	-0.994211	0.000971732
457	-1	-0.994223	0.000969686
458	-1	-0.994236	0.000967649
459	-1	-0.994248	0.00096562
460	-1	-0.994261	0.0009636
461	-1	-0.994273	0.000961588
462	-1	-0.994286	0.000959584
463	-1	-0.994298	0.000957589
464	-1	-0.99431	0.000955602
465	-1	-0.994323	0.000953623
466	-1	-0.994335	0.000951653
467	-1	-0.994347	0.00094969
468	-0.92	-0.994188	0.000960882
469	-0.92	-0.99403	0.000971792
470	-0.92	-0.993872	0.00098243
471	-1	-0.993885	0.000980429
472	-1	-0.993898	0.000978435
473	-1	-0.993911	0.00097645
474	-1	-0.993924	0.000974472
475	-1	-0.993937	0.000972502
476	-1	-0.99395	0.000970541
477	-1	-0.993962	0.000968587
478	-1	-0.993975	0.000966641
479	-1	-0.993987	0.000964703
480	-1	-0.994	0.000962773
481	-1	-0.994012	0.00096085
482	-1	-0.994025	0.000958935
483	-1	-0.994037	0.000957027
484	-1	-0.99405	0.000955127
485	-1	-0.994062	0.000953235
486	-1	-0.994074	0.00095135
487	-1	-0.994086	0.000949473
488	-1	-0.994098	0.000947602
489	-1	-0.99411	0.00094574
490	-1	-0.994122	0.000943884
491	-1	-0.994134	0.000942036
492	-1	-0.994146	0.000940195
493	-1	-0.994158	0.000938361
494	-1	-0.99417	0.000936534
495	-1	-0.994182	0.000934714
496	-1	-0.994194	0.000932902
497	-1	-0.994205	0.000931096
498	-1	-0.994217	0.000929297
499	-1	-0.994228	0.000927506
500	-1	-0.99424	0.000925721
501	-1	-0.994251	0.000923943
502	-1	-0.994263	0.000922171
503	-1	-0.994274	0.000920407
504	-1	-0.994286	0.000918649
505	-1	-0.994297	0.000916898
506	-1	-0.994308	0.000915154
507	-1	-0.99432	0.000913416
508	-1	-0.994331	0.000911684
509	-1	-0.994342	0.00090996
510	-1	-0.994353	0.000908241
511	-1	-0.994364	0.00090653
512	-1	-0.994375	0.000904824
513	-1	-0.994386	0.000903125
514	-1	-0.994397	0.000901433
515	-1	-0.994408	0.000899747
516	-1	-0.994419	0.000898067
517	-1	-0.994429	0.000896393
518	-1	-0.99444	0.000894725
519	-1	-0.994451	0.000893064
520	-1	-0.994462	0.000891409
521	-1	-0.994472	0.00088976
522	-1	-0.994483	0.000888117
523	-1	-0.994493	0.00088648
524	-1	-0.994504	0.000884849
525	-1	-0.994514	0.000883224
526	-1	-0.994525	0.000881605
527	-1	-0.994535	0.000879992
528	-1	-0.994545	0.000878384
529	-1	-0.994556	0.000876783
530	-1	-0.994566	0.000875187
531	-1	-0.994576	0.000873597
532	-1	-0.994586	0.000872013
533	-1	-0.994597	0.000870435
534	-1	-0.994607	0.000868862
535	-1	-0.994617	0.000867296
536	-1	-0.994627	0.000865734
537	-1	-0.994637	0.000864178
538	-1	-0.994647	0.000862628
539	-1	-0.994657	0.000861084
540	-1	-0.994667	0.000859544
541	-1	-0.994677	0.000858011
542	-1	-0.994686	0.000856483
543	-1	-0.994696	0.00085496
544	-1	-0.994706	0.000853443
545	-1	-0.994716	0.000851931
546	-1	-0.994725	0.000850424
547	-1	-0.994735	0.000848922
548	-1	-0.994745	0.000847426
549	-1	-0.994754	0.000845936
550	-1	-0.994764	0.00084445
551	-1	-0.994773	0.00084297
552	-1	-0.994783	0.000841494
553	-1	-0.994792	0.000840024
554	-1	-0.994801	0.000838559
555	-1	-0.994811	0.000837099
556	-1	-0.99482	0.000835645
557	-1	-0.994829	0.000834195
558	-1	-0.994839	0.00083275
559	-1	-0.994848	0.00083131
560	-1	-0.994857	0.000829876
561	-1	-0.994866	0.000828446
562	-1	-0.994875	0.000827021
563	-1	-0.994885	0.000825601
564	-1	-0.994894	0.000824185
565	-1	-0.994903	0.000822775
566	-1	-0.994912	0.000821369
567	-1	-0.994921	0.000819969
568	-1	-0.99493	0.000818573
569	-1	-0.994938	0.000817181
570	-1	-0.994947	0.000815795
571	-1	-0.994956	0.000814413
572	-1	-0.994965	0.000813036
573	-1	-0.994974	0.000811663
574	-1	-0.994983	0.000810295
575	-1	-0.994991	0.000808932
576	-1	-0.995	0.000807573
577	-1	-0.995009	0.000806219
578	-1	-0.995017	0.000804869
579	-1	-0.995026	0.000803524
580	-1	-0.995034	0.000802183
581	-1	-0.995043	0.000800847
582	-1	-0.995052	0.000799515
583	-1	-0.99506	0.000798187
584	-1	-0.995068	0.000796864
585	-1	-0.995077	0.000795546
586	-1	-0.995085	0.000794231
587	-1	-0.995094	0.000792921
588	-1	-0.995102	0.000791616
589	-1	-0.99511	0.000790314
590	-1	-0.995119	0.000789017
591	-1	-0.995127	0.000787724
592	-1	-0.995135	0.000786436
593	-1	-0.995143	0.000785151
594	-1	-0.995152	0.000783871
595	-1	-0.99516	0.000782595
596	-1	-0.995168	0.000781323
597	-1	-0.995176	0.000780055
598	-1	-0.995184	0.000778791
599	-1	-0.995192	0.000777532
600	-1	-0.9952	0.000776276
601	-1	-0.995208	0.000775024
602	-1	-0.995216	0.000773777
603	-1	-0.995224	0.000772533
604	-1	-0.995232	0.000771294
605	-1	-0.99524	0.000770058
606	-1	-0.995248	0.000768827
607	-1	-0.995255	0.000767599
608	-1	-0.995263	0.000766375
609	-1	-0.995271	0.000765155
610	-1	-0.995279	0.000763939
611	-1	-0.995286	0.000762727
612	-1	-0.995294	0.000761518
613	-1	-0.995302	0.000760314
614	-1	-0.995309	0.000759113
615	-1	-0.995317	0.000757916
616	-1	-0.995325	0.000756723
617	-1	-0.995332	0.000755534
618	-1	-0.99534	0.000754348
619	-1	-0.995347	0.000753166
620	-1	-0.995355	0.000751988
621	-1	-0.995362	0.000750813
622	-1	-0.99537	0.000749642
623	-1	-0.995377	0.000748475
624	-1	-0.995385	0.000747311
625	-1	-0.995392	0.000746151
626	-1	-0.995399	0.000744994
627	-1	-0.995407	0.000743841
628	-1	-0.995414	0.000742692
629	-1	-0.995421	0.000741546
630	-1	-0.995429	0.000740404
631	-1	-0.995436	0.000739265
632	-1	-0.995443	0.00073813
633	-1	-0.99545	0.000736998
634	-1	-0.995457	0.000735869
635	-1	-0.995465	0.000734744
636	-1	-0.995472	0.000733623
637	-1	-0.995479	0.000732505
638	-1	-0.995486	0.00073139
639	-1	-0.995493	0.000730279
640	-1	-0.9955	0.000729171
641	-1	-0.995507	0.000728066
642	-1	-0.995514	0.000726965
643	-1	-0.995521	0.000725867
644	-1	-0.995528	0.000724772
645	-1	-0.995535	0.000723681
646	-1	-0.995542	0.000722593
647	-1	-0.995549	0.000721508
648	-1	-0.995556	0.000720427
649	-1	-0.995562	0.000719348
650	-1	-0.995569	0.000718273
651	-1	-0.995576	0.000717201
652	-1	-0.995583	0.000716133
653	-1	-0.99559	0.000715067
654	-1	-0.995596	0.000714005
655	-1	-0.995603	0.000712946
656	-1	-0.99561	0.00071189
657	-1	-0.995616	0.000710837
658	-1	-0.995623	0.000709787
659	-1	-0.99563	0.00070874
660	-1	-0.995636	0.000707696
661	-1	-0.995643	0.000706656
662	-1	-0.99565	0.000705618
663	-1	-0.995656	0.000704584
664	-1	-0.995663	0.000703552
665	-1	-0.995669	0.000702524
666	-1	-0.995676	0.000701498
667	-1	-0.995682	0.000700476
668	-1	-0.995689	0.000699456
669	-1	-0.995695	0.000698439
670	-1	-0.995701	0.000697426
671	-1	-0.995708	0.000696415
672	-1	-0.995714	0.000695407
673	-1	-0.995721	0.000694402
674	-1	-0.995727	0.0006934
675	-1	-0.995733	0.000692401
676	-1	-0.99574	0.000691405
677	-1	-0.995746	0.000690412
678	-1	-0.995752	0.000689421
679	-1	-0.995758	0.000688434
680	-1	-0.995765	0.000687449
681	-1	-0.995771	0.000686467
682	-1	-0.995777	0.000685488
683	-1	-0.995783	0.000684511
684	-1	-0.995789	0.000683537
685	-1	-0.995796	0.000682566
686	-1	-0.995802	0.000681598
687	-1	-0.995808	0.000680633
688	-1	-0.995814	0.00067967
689	-1	-0.99582	0.00067871
690	-1	-0.995826	0.000677753
691	-1	-0.995832	0.000676798
692	-1	-0.995838	0.000675846
693	-1	-0.995844	0.000674897
694	-1	-0.99585	0.000673951
695	-1	-0.995856	0.000673007
696	-1	-0.995862	0.000672065
697	-1	-0.995868	0.000671127
698	-1	-0.995874	0.000670191
699	-1	-0.99588	0.000669257
700	-1	-0.995886	0.000668326
701	-1	-0.995892	0.000667398
702	-1	-0.995897	0.000666472
703	-1	-0.995903	0.000665549
704	-1	-0.995909	0.000664629
705	-1	-0.995915	0.000663711
706	-1	-0.995921	0.000662795
707	-1	-0.995926	0.000661882
708	-1	-0.995932	0.000660972
709	-1	-0.995938	0.000660064
710	-1	-0.995944	0.000659158
711	-1	-0.995949	0.000658255
712	-1	-0.995955	0.000657355
713	-1	-0.995961	0.000656457
714	-1	-0.995966	0.000655561
715	-1	-0.995972	0.000654668
716	-1	-0.995978	0.000653777
717	-1	-0.995983	0.000652889
718	-1	-0.995989	0.000652003
719	-1	-0.995994	0.000651119
720	-1	-0.996	0.000650238
721	-1	-0.996006	0.000649359
722	-1	-0.996011	0.000648483
723	-1	-0.996017	0.000647609
724	-1	-0.996022	0.000646737
725	-1	-0.996028	0.000645868
726	-1	-0.996033	0.000645001
727	-1	-0.996039	0.000644136
728	-1	-0.996044	0.000643274
729	-1	-0.996049	0.000642413
730	-1	-0.996055	0.000641556
731	-1	-0.99606	0.0006407
732	-1	-0.996066	0.000639847
733	-1	-0.996071	0.000638996
734	-1	-0.996076	0.000638147
735	-1	-0.996082	0.000637301
736	-1	-0.996087	0.000636457
737	-1	-0.996092	0.000635615
738	-1	-0.996098	0.000634775
739	-1	-0.996103	0.000633937
740	-1	-0.996108	0.000633102
741	-1	-0.996113	0.000632269
742	-1	-0.996119	0.000631438
743	-1	-0.996124	0.000630609
744	-1	-0.996129	0.000629782
745	-1	-0.996134	0.000628958
746	-1	-0.996139	0.000628136
747	-1	-0.996145	0.000627316
748	-1	-0.99615	0.000626497
749	-1	-0.996155	0.000625682
750	-1	-0.99616	0.000624868
751	-1	-0.996165	0.000624056
752	-1	-0.99617	0.000623247
753	-1	-0.996175	0.000622439
754	-1	-0.99618	0.000621634
755	-1	-0.996185	0.000620831
756	-1	-0.99619	0.000620029
757	-1	-0.996196	0.00061923
758	-1	-0.996201	0.000618433
759	-1	-0.996206	0.000617638
760	-1	-0.996211	0.000616845
761	-1	-0.996216	0.000616054
762	-1	-0.99622	0.000615265
763	-1	-0.996225	0.000614478
764	-1	-0.99623	0.000613693
765	-1	-0.996235	0.00061291
766	-1	-0.99624	0.000612129
767	-1	-0.996245	0.00061135
768	-1	-0.99625	0.000610573
769	-1	-0.996255	0.000609798
770	-1	-0.99626	0.000609025
771	-1	-0.996265	0.000608254
772	-1	-0.996269	0.000607485
773	-1	-0.996274	0.000606718
774	-1	-0.996279	0.000605953
775	-1	-0.996284	0.000605189
776	-1	-0.996289	0.000604428
777	-1	-0.996293	0.000603668
778	-1	-0.996298	0.000602911
779	-1	-0.996303	0.000602155
780	-1	-0.996308	0.000601401
781	-1	-0.996312	0.000600649
782	-1	-0.996317	0.000599899
783	-1	-0.996322	0.000599151
784	-1	-0.996327	0.000598405
785	-1	-0.996331	0.00059766
786	-1	-0.996336	0.000596918
787	-1	-0.996341	0.000596177
788	-1	-0.996345	0.000595438
789	-1	-0.99635	0.000594701
790	-1	-0.996354	0.000593966
791	-1	-0.996359	0.000593232
792	-1	-0.996364	0.0005925
793	-1	-0.996368	0.000591771
794	-1	-0.996373	0.000591043
795	-1	-0.996377	0.000590316
796	-1	-0.996382	0.000589592
797	-1	-0.996386	0.000588869
798	-1	-0.996391	0.000588148
799	-1	-0.996395	0.000587429
800	-1	-0.9964	0.000586711
801	-1	-0.996404	0.000585996
802	-1	-0.996409	0.000585282
803	-1	-0.996413	0.00058457
804	-1	-0.996418	0.000583859
805	-1	-0.996422	0.00058315
806	-1	-0.996427	0.000582443
807	-1	-0.996431	0.000581738
808	-1	-0.996436	0.000581034
809	-1	-0.99644	0.000580332
810	-1	-0.996444	0.000579632
811	-1	-0.996449	0.000578934
812	-1	-0.996453	0.000578237
813	-1	-0.996458	0.000577541
814	-1	-0.996462	0.000576848
815	-1	-0.996466	0.000576156
816	-1	-0.996471	0.000575466
817	-1	-0.996475	0.000574777
818	-1	-0.996479	0.00057409
819	-1	-0.996484	0.000573405
820	-1	-0.996488	0.000572721
821	-1	-0.996492	0.000572039
822	-1	-0.996496	0.000571359
823	-1	-0.996501	0.00057068
824	-1	-0.996505	0.000570003
825	-1	-0.996509	0.000569328
826	-1	-0.996513	0.000568654
827	-1	-0.996518	0.000567981
828	-1	-0.996522	0.00056731
829	-1	-0.996526	0.000566641
830	-1	-0.99653	0.000565974
831	-1	-0.996534	0.000565307
832	-1	-0.996538	0.000564643
833	-1	-0.996543	0.00056398
834	-1	-0.996547	0.000563319
835	-1	-0.996551	0.000562659
836	-1	-0.996555	0.000562001
837	-1	-0.996559	0.000561344
838	-1	-0.996563	0.000560689
839	-1	-0.996567	0.000560035
840	-1	-0.996571	0.000559383
841	-1	-0.996576	0.000558732
842	-1	-0.99658	0.000558083
843	-1	-0.996584	0.000557435
844	-1	-0.996588	0.000556789
845	-1	-0.996592	0.000556144
846	-1	-0.996596	0.000555501
847	-1	-0.9966	0.00055486
848	-1	-0.996604	0.000554219
849	-1	-0.996608	0.000553581
850	-1	-0.996612	0.000552943
851	-1	-0.996616	0.000552308
852	-1	-0.99662	0.000551673
853	-1	-0.996624	0.00055104
854	-1	-0.996628	0.000550409
855	-1	-0.996632	0.000549779
856	-1	-0.996636	0.00054915
857	-1	-0.996639	0.000548523
858	-1	-0.996643	0.000547898
859	-1	-0.996647	0.000547273
860	-1	-0.996651	0.000546651
861	-1	-0.996655	0.000546029
862	-1	-0.996659	0.000545409
863	-1	-0.996663	0.000544791
864	-1	-0.996667	0.000544173
865	-1	-0.996671	0.000543558
866	-1	-0.996674	0.000542943
867	-1	-0.996678	0.00054233
868	-1	-0.996682	0.000541718
869	-1	-0.996686	0.000541108
870	-1	-0.99669	0.000540499
871	-1	-0.996693	0.000539892
872	-1	-0.996697	0.000539286
873	-1	-0.996701	0.000538681
874	-1	-0.996705	0.000538077
875	-1	-0.996709	0.000537475
876	-1	-0.996712	0.000536874
877	-1	-0.996716	0.000536275
878	-1	-0.99672	0.000535677
879	-1	-0.996724	0.00053508
880	-1	-0.996727	0.000534485
881	-1	-0.996731	0.000533891
882	-1	-0.996735	0.000533298
883	-1	-0.996738	0.000532706
884	-1	-0.996742	0.000532116
885	-1	-0.996746	0.000531527
886	-1	-0.996749	0.00053094
887	-1	-0.996753	0.000530354
888	-1	-0.996757	0.000529769
889	-1	-0.99676	0.000529185
890	-1	-0.996764	0.000528603
891	-1	-0.996768	0.000528021
892	-1	-0.996771	0.000527442
893	-1	-0.996775	0.000526863
894	-1	-0.996779	0.000526286
895	-1	-0.996782	0.00052571
896	-1	-0.996786	0.000525135
897	-1	-0.996789	0.000524561
898	-1	-0.996793	0.000523989
899	-1	-0.996796	0.000523418
900	-1	-0.9968	0.000522848
901	-1	-0.996804	0.00052228
902	-1	-0.996807	0.000521713
903	-1	-0.996811	0.000521146
904	-1	-0.996814	0.000520582
905	-1	-0.996818	0.000520018
906	-1	-0.996821	0.000519456
907	-1	-0.996825	0.000518894
908	-1	-0.996828	0.000518334
909	-1	-0.996832	0.000517776
910	-1	-0.996835	0.000517218
911	-1	-0.996839	0.000516662
912	-1	-0.996842	0.000516106
913	-1	-0.996846	0.000515552
914	-1	-0.996849	0.000515
915	-1	-0.996852	0.000514448
916	-1	-0.996856	0.000513898
917	-1	-0.996859	0.000513348
918	-1	-0.996863	0.0005128
919	-1	-0.996866	0.000512253
920	-1	-0.99687	0.000511708
921	-1	-0.996873	0.000511163
922	-1	-0.996876	0.000510619
923	-1	-0.99688	0.000510077
924	-1	-0.996883	0.000509536
925	-1	-0.996886	0.000508996
926	-1	-0.99689	0.000508457
927	-1	-0.996893	0.000507919
928	-1	-0.996897	0.000507383
929	-1	-0.9969	0.000506847
930	-1	-0.996903	0.000506313
931	-1	-0.996907	0.00050578
932	-1	-0.99691	0.000505248
933	-1	-0.996913	0.000504717
934	-1	-0.996916	0.000504187
935	-1	-0.99692	0.000503658
936	-1	-0.996923	0.000503131
937	-1	-0.996926	0.000502604
938	-1	-0.99693	0.000502079
939	-1	-0.996933	0.000501554
940	-1	-0.996936	0.000501031
941	-1	-0.996939	0.000500509
942	-1	-0.996943	0.000499988
943	-1	-0.996946	0.000499468
944	-1	-0.996949	0.000498949
945	-1	-0.996952	0.000498431
946	-1	-0.996956	0.000497915
947	-1	-0.996959	0.000497399
948	-1	-0.996962	0.000496884
949	-1	-0.996965	0.000496371
950	-1	-0.996968	0.000495858
951	-1	-0.996972	0.000495347
952	-1	-0.996975	0.000494837
953	-1	-0.996978	0.000494327
954	-1	-0.996981	0.000493819
955	-1	-0.996984	0.000493312
956	-1	-0.996987	0.000492806
957	-1	-0.996991	0.0004923
958	-1	-0.996994	0.000491796
959	-1	-0.996997	0.000491293
960	-1	-0.997	0.000490791
961	-1	-0.997003	0.00049029
962	-1	-0.997006	0.00048979
963	-1	-0.997009	0.000489291
964	-1	-0.997012	0.000488793
965	-1	-0.997016	0.000488296
966	-1	-0.997019	0.0004878
967	-1	-0.997022	0.000487305
968	-1	-0.997025	0.000486811
969	-1	-0.997028	0.000486318
970	-1	-0.997031	0.000485826
971	-1	-0.997034	0.000485335
972	-1	-0.997037	0.000484845
973	-1	-0.99704	0.000484356
974	-1	-0.997043	0.000483868
975	-1	-0.997046	0.000483381
976	-1	-0.997049	0.000482895
977	-1	-0.997052	0.00048241
978	-1	-0.997055	0.000481926
979	-1	-0.997058	0.000481443
980	-1	-0.997061	0.000480961
981	-1	-0.997064	0.00048048
982	-1	-0.997067	0.00048
983	-1	-0.99707	0.00047952
984	-1	-0.997073	0.000479042
985	-1	-0.997076	0.000478565
986	-1	-0.997079	0.000478088
987	-1	-0.997082	0.000477613
988	-1	-0.997085	0.000477138
989	-1	-0.997088	0.000476665
990	-1	-0.997091	0.000476192
991	-1	-0.997094	0.00047572
992	-1	-0.997097	0.00047525
993	-1	-0.9971	0.00047478
994	-1	-0.997103	0.000474311
995	-1	-0.997106	0.000473843
996	-1	-0.997108	0.000473376
997	-1	-0.997111	0.00047291
998	-1	-0.997114	0.000472444
999	-1	-0.997117	0.00047198
1000	-1	-0.99712	0.000471517
1001	-1	-0.997123	0.000471054
1002	-1	-0.997126	0.000470593
1003	-1	-0.997129	0.000470132
1004	-1	-0.997131	0.000469672
1005	-1	-0.997134	0.000469213
1006	-1	-0.997137	0.000468755
1007	-1	-0.99714	0.000468298
1008	-1	-0.997143	0.000467842
1009	-1	-0.997146	0.000467387
1010	-1	-0.997149	0.000466932
1011	-1	-0.997151	0.000466479
1012	-1	-0.997154	0.000466026
1013	-1	-0.997157	0.000465574
1014	-1	-0.99716	0.000465123
1015	-1	-0.997163	0.000464673
1016	-1	-0.997165	0.000464224
1017	-1	-0.997168	0.000463776
1018	-1	-0.997171	0.000463328
1019	-1	-0.997174	0.000462882
1020	-1	-0.997176	0.000462436
1021	-1	-0.997179	0.000461991
1022	-1	-0.997182	0.000461547
1023	-1	-0.997185	0.000461104
1024	-1	-0.997188	0.000460662
1025	-1	-0.99719	0.00046022
1026	-1	-0.997193	0.000459779
1027	-1	-0.997196	0.00045934
1028	-1	-0.997198	0.000458901
1029	-1	-0.997201	0.000458463
1030	-1	-0.997204	0.000458025
1031	-1	-0.997207	0.000457589
1032	-1	-0.997209	0.000457153
1033	-1	-0.997212	0.000456719
1034	-1	-0.997215	0.000456285
1035	-1	-0.997217	0.000455851
1036	-1	-0.99722	0.000455419
1037	-1	-0.997223	0.000454988
1038	-1	-0.997225	0.000454557
1039	-1	-0.997228	0.000454127
1040	-1	-0.997231	0.000453698
1041	-1	-0.997233	0.00045327
1042	-1	-0.997236	0.000452842
1043	-1	-0.997239	0.000452416
1044	-1	-0.997241	0.00045199
1045	-1	-0.997244	0.000451565
1046	-1	-0.997247	0.000451141
1047	-1	-0.997249	0.000450717
1048	-1	-0.997252	0.000450295
1049	-1	-0.997255	0.000449873
1050	-1	-0.997257	0.000449452
1051	-1	-0.99726	0.000449032
1052	-1	-0.997262	0.000448612
1053	-1	-0.997265	0.000448193
1054	-1	-0.997268	0.000447776
1055	-1	-0.99727	0.000447358
1056	-1	-0.997273	0.000446942
1057	-1	-0.997275	0.000446526
1058	-1	-0.997278	0.000446112
1059	-1	-0.99728	0.000445698
1060	-1	-0.997283	0.000445284
1061	-1	-0.997286	0.000444872
1062	-1	-0.997288	0.00044446
1063	-1	-0.997291	0.000444049
1064	-1	-0.997293	0.000443639
1065	-1	-0.997296	0.000443229
1066	-1	-0.997298	0.000442821
1067	-1	-0.997301	0.000442413
1068	-1	-0.997303	0.000442005
1069	-1	-0.997306	0.000441599
1070	-1	-0.997308	0.000441193
1071	-1	-0.997311	0.000440788
1072	-1	-0.997313	0.000440384
1073	-1	-0.997316	0.000439981
1074	-1	-0.997318	0.000439578
1075	-1	-0.997321	0.000439176
1076	-1	-0.997323	0.000438775
1077	-1	-0.997326	0.000438374
1078	-1	-0.997328	0.000437974
1079	-1	-0.997331	0.000437575
1080	-1	-0.997333	0.000437177
1081	-1	-0.997336	0.000436779
1082	-1	-0.997338	0.000436382
1083	-1	-0.997341	0.000435986
1084	-1	-0.997343	0.00043559
1085	-1	-0.997346	0.000435196
1086	-1	-0.997348	0.000434802
1087	-1	-0.997351	0.000434408
1088	-1	-0.997353	0.000434016
1089	-1	-0.997355	0.000433624
1090	-1	-0.997358	0.000433233
1091	-1	-0.99736	0.000432842
1092	-1	-0.997363	0.000432452
1093	-1	-0.997365	0.000432063
1094	-1	-0.997367	0.000431675
1095	-1	-0.99737	0.000431287
1096	-1	-0.997372	0.0004309
1097	-1	-0.997375	0.000430514
1098	-1	-0.997377	0.000430128
1099	-1	-0.997379	0.000429743
1100	-1	-0.997382	0.000429359
1101	-1	-0.997384	0.000428975
1102	-1	-0.997387	0.000428593
1103	-1	-0.997389	0.00042821
1104	-1	-0.997391	0.000427829
1105	-1	-0.997394	0.000427448
1106	-1	-0.997396	0.000427068
1107	-1	-0.997398	0.000426688
1108	-1	-0.997401	0.00042631
1109	-1	-0.997403	0.000425931
1110	-1	-0.997405	0.000425554
1111	-1	-0.997408	0.000425177
1112	-1	-0.99741	0.000424801
1113	-1	-0.997412	0.000424426
1114	-1	-0.997415	0.000424051
1115	-1	-0.997417	0.000423677
1116	-1	-0.997419	0.000423303
1117	-1	-0.997422	0.00042293
1118	-1	-0.997424	0.000422558
1119	-1	-0.997426	0.000422187
1120	-1	-0.997429	0.000421816
1121	-1	-0.997431	0.000421446
1122	-1	-0.997433	0.000421076
1123	-1	-0.997435	0.000420707
1124	-1	-0.997438	0.000420339
1125	-1	-0.99744	0.000419971
1126	-1	-0.997442	0.000419604
1127	-1	-0.997445	0.000419238
1128	-1	-0.997447	0.000418872
1129	-1	-0.997449	0.000418507
1130	-1	-0.997451	0.000418143
1131	-1	-0.997454	0.000417779
1132	-1	-0.997456	0.000417416
1133	-1	-0.997458	0.000417053
1134	-1	-0.99746	0.000416691
1135	-1	-0.997463	0.00041633
1136	-1	-0.997465	0.000415969
1137	-1	-0.997467	0.000415609
1138	-1	-0.997469	0.00041525
1139	-1	-0.997471	0.000414891
1140	-1	-0.997474	0.000414533
1141	-1	-0.997476	0.000414175
1142	-1	-0.997478	0.000413818
1143	-1	-0.99748	0.000413462
1144	-1	-0.997483	0.000413106
1145	-1	-0.997485	0.000412751
1146	-1	-0.997487	0.000412397
1147	-1	-0.997489	0.000412043
1148	-1	-0.997491	0.00041169
1149	-1	-0.997493	0.000411337
1150	-0.92	-0.997426	0.000416467
1151	-1	-0.997428	0.000416111
1152	-1	-0.997431	0.000415756
1153	-1	-0.997433	0.000415401
1154	-1	-0.997435	0.000415047
1155	-1	-0.997437	0.000414693
1156	-1	-0.997439	0.00041434
1157	-1	-0.997442	0.000413988
1158	-1	-0.997444	0.000413636
1159	-1	-0.997446	0.000413285
1160	-1	-0.997448	0.000412934
1161	-1	-0.99745	0.000412584
1162	-1	-0.997453	0.000412235
1163	-1	-0.997455	0.000411886
1164	-1	-0.997457	0.000411538
1165	-1	-0.997459	0.00041119
1166	-1	-0.997461	0.000410843
1167	-1	-0.997464	0.000410497
1168	-1	-0.997466	0.000410151
1169	-1	-0.997468	0.000409806
1170	-1	-0.99747	0.000409461
1171	-1	-0.997472	0.000409117
1172	-1	-0.997474	0.000408773
1173	-1	-0.997477	0.000408431
1174	-1	-0.997479	0.000408088
1175	-1	-0.997481	0.000407746
1176	-1	-0.997483	0.000407405
1177	-1	-0.997485	0.000407064
1178	-1	-0.997487	0.000406724
1179	-1	-0.997489	0.000406385
1180	-1	-0.997492	0.000406046
1181	-1	-0.997494	0.000405707
1182	-1	-0.997496	0.00040537
1183	-1	-0.997498	0.000405032
1184	-1	-0.9975	0.000404696
1185	-1	-0.997502	0.000404359
1186	-1	-0.997504	0.000404024
1187	-1	-0.997506	0.000403689
1188	-1	-0.997508	0.000403354
1189	-1	-0.997511	0.00040302
1190	-1	-0.997513	0.000402687
1191	-1	-0.997515	0.000402354
1192	-1	-0.997517	0.000402022
1193	-1	-0.997519	0.00040169
1194	-1	-0.997521	0.000401359
1195	-1	-0.997523	0.000401028
1196	-1	-0.997525	0.000400698
1197	-1	-0.997527	0.000400369
1198	-1	-0.997529	0.00040004
1199	-1	-0.997531	0.000399711
1200	-1	-0.997533	0.000399383
1201	-1	-0.997535	0.000399056
1202	-1	-0.997537	0.000398729
1203	-1	-0.997539	0.000398403
1204	-1	-0.997542	0.000398077
1205	-1	-0.997544	0.000397752
1206	-1	-0.997546	0.000397427
1207	-1	-0.997548	0.000397103
1208	-1	-0.99755	0.000396779
1209	-1	-0.997552	0.000396456
1210	-1	-0.997554	0.000396133
1211	-1	-0.997556	0.000395811
1212	-1	-0.997558	0.00039549
1213	-1	-0.99756	0.000395169
1214	-1	-0.997562	0.000394848
1215	-1	-0.997564	0.000394528
1216	-1	-0.997566	0.000394209
1217	-1	-0.997568	0.00039389
1218	-1	-0.99757	0.000393571
1219	-1	-0.997572	0.000393253
1220	-1	-0.997574	0.000392936
1221	-1	-0.997576	0.000392619
1222	-1	-0.997578	0.000392302
1223	-1	-0.99758	0.000391987
1224	-1	-0.997582	0.000391671
1225	-1	-0.997584	0.000391356
1226	-1	-0.997586	0.000391042
1227	-1	-0.997588	0.000390728
1228	-1	-0.99759	0.000390415
1229	-1	-0.997592	0.000390102
1230	-1	-0.997593	0.000389789
1231	-1	-0.997595	0.000389478
1232	-1	-0.997597	0.000389166
1233	-1	-0.997599	0.000388855
1234	-1	-0.997601	0.000388545
1235	-1	-0.997603	0.000388235
1236	-1	-0.997605	0.000387926
1237	-1	-0.997607	0.000387617
1238	-1	-0.997609	0.000387308
1239	-1	-0.997611	0.000387
1240	-1	-0.997613	0.000386693
1241	-1	-0.997615	0.000386386
1242	-1	-0.997617	0.00038608
1243	-1	-0.997619	0.000385774
1244	-1	-0.997621	0.000385468
1245	-1	-0.997622	0.000385163
1246	-1	-0.997624	0.000384859
1247	-1	-0.997626	0.000384555
1248	-1	-0.997628	0.000384251
1249	-1	-0.99763	0.000383948
1250	-1	-0.997632	0.000383645
1251	-1	-0.997634	0.000383343
1252	-1	-0.997636	0.000383042
1253	-1	-0.997638	0.00038274
1254	-1	-0.99764	0.00038244
1255	-1	-0.997641	0.00038214
1256	-1	-0.997643	0.00038184
1257	-1	-0.997645	0.000381541
1258	-1	-0.997647	0.000381242
1259	-1	-0.997649	0.000380943
1260	-1	-0.997651	0.000380645
1261	-1	-0.997653	0.000380348
1262	-1	-0.997655	0.000380051
1263	-1	-0.997656	0.000379755
1264	-1	-0.997658	0.000379459
1265	-1	-0.99766	0.000379163
1266	-1	-0.997662	0.000378868
1267	-1	-0.997664	0.000378573
1268	-1	-0.997666	0.000378279
1269	-1	-0.997667	0.000377985
1270	-1	-0.997669	0.000377692
1271	-1	-0.997671	0.000377399
1272	-1	-0.997673	0.000377107
1273	-1	-0.997675	0.000376815
1274	-1	-0.997677	0.000376523
1275	-1	-0.997678	0.000376232
1276	-1	-0.99768	0.000375942
1277	-1	-0.997682	0.000375652
1278	-1	-0.997684	0.000375362
1279	-1	-0.997686	0.000375073
1280	-1	-0.997688	0.000374784
1281	-1	-0.997689	0.000374496
1282	-1	-0.997691	0.000374208
1283	-1	-0.997693	0.00037392
1284	-1	-0.997695	0.000373633
1285	-1	-0.997696	0.000373347
1286	-1	-0.997698	0.000373061
1287	-1	-0.9977	0.000372775
1288	-1	-0.997702	0.00037249
1289	-1	-0.997704	0.000372205
1290	-1	-0.997705	0.000371921
1291	-1	-0.997707	0.000371637
1292	-1	-0.997709	0.000371353
1293	-1	-0.997711	0.00037107
1294	-1	-0.997713	0.000370787
1295	-1	-0.997714	0.000370505
1296	-0.92	-0.997654	0.000375044
1297	-0.92	-0.997594	0.000379507
1298	-0.92	-0.997535	0.000383898
1299	-0.92	-0.997475	0.000388218
1300	-0.92	-0.997415	0.000392471
1301	-0.92	-0.997356	0.000396657
1302	-0.92	-0.997296	0.000400781
1303	-0.92	-0.997237	0.000404843
1304	-0.92	-0.997178	0.000408846
1305	-0.92	-0.997119	0.000412791
1306	-0.92	-0.99706	0.00041668
1307	-0.92	-0.997001	0.000420515
1308	-1	-0.997003	0.000420199
1309	-1	-0.997005	0.000419884
1310	-1	-0.997008	0.00041957
1311	-1	-0.99701	0.000419256
1312	-1	-0.997012	0.000418943
1313	-1	-0.997014	0.00041863
1314	-1	-0.997017	0.000418317
1315	-1	-0.997019	0.000418005
1316	-1	-0.997021	0.000417693
1317	-1	-0.997024	0.000417382
1318	-1	-0.997026	0.000417072
1319	-1	-0.997028	0.000416761
1320	-1	-0.99703	0.000416452
1321	-1	-0.997033	0.000416142
1322	-1	-0.997035	0.000415833
1323	-1	-0.997037	0.000415525
1324	-1	-0.997039	0.000415217
1325	-1	-0.997042	0.00041491
1326	-1	-0.997044	0.000414603
1327	-1	-0.997046	0.000414296
1328	-1	-0.997048	0.00041399
1329	-1	-0.99705	0.000413684
1330	-1	-0.997053	0.000413379
1331	-1	-0.997055	0.000413074
1332	-1	-0.997057	0.00041277
1333	-1	-0.997059	0.000412466
1334	-1	-0.997061	0.000412163
1335	-1	-0.997064	0.00041186
1336	-1	-0.997066	0.000411557
1337	-1	-0.997068	0.000411255
1338	-1	-0.99707	0.000410953
1339	-1	-0.997072	0.000410652
1340	-1	-0.997075	0.000410352
1341	-1	-0.997077	0.000410051
1342	-1	-0.997079	0.000409751
1343	-1	-0.997081	0.000409452
1344	-1	-0.997083	0.000409153
1345	-1	-0.997086	0.000408854
1346	-1	-0.997088	0.000408556
1347	-1	-0.99709	0.000408259
1348	-1	-0.997092	0.000407961
1349	-1	-0.997094	0.000407664
1350	-1	-0.997096	0.000407368
1351	-1	-0.997098	0.000407072
1352	-1	-0.997101	0.000406777
1353	-1	-0.997103	0.000406481
1354	-1	-0.997105	0.000406187
1355	-1	-0.997107	0.000405892
1356	-1	-0.997109	0.000405599
1357	-1	-0.997111	0.000405305
1358	-1	-0.997113	0.000405012
1359	-1	-0.997116	0.00040472
1360	-1	-0.997118	0.000404428
1361	-1	-0.99712	0.000404136
1362	-1	-0.997122	0.000403845
1363	-1	-0.997124	0.000403554
1364	-1	-0.997126	0.000403263
1365	-1	-0.997128	0.000402973
1366	-1	-0.99713	0.000402684
1367	-1	-0.997132	0.000402394
1368	-1	-0.997135	0.000402106
1369	-1	-0.997137	0.000401817
1370	-1	-0.997139	0.000401529
1371	-1	-0.997141	0.000401242
1372	-1	-0.997143	0.000400955
1373	-1	-0.997145	0.000400668
1374	-1	-0.997147	0.000400381
1375	-1	-0.997149	0.000400096
1376	-1	-0.997151	0.00039981
1377	-1	-0.997153	0.000399525
1378	-1	-0.997155	0.00039924
1379	-1	-0.997157	0.000398956
1380	-1	-0.997159	0.000398672
1381	-1	-0.997161	0.000398389
1382	-1	-0.997164	0.000398106
1383	-1	-0.997166	0.000397823
1384	-1	-0.997168	0.000397541
1385	-1	-0.99717	0.000397259
1386	-1	-0.997172	0.000396977
1387	-1	-0.997174	0.000396696
1388	-1	-0.997176	0.000396415
1389	-1	-0.997178	0.000396135
1390	-1	-0.99718	0.000395855
1391	-1	-0.997182	0.000395576
1392	-1	-0.997184	0.000395297
1393	-1	-0.997186	0.000395018
1394	-1	-0.997188	0.00039474
1395	-1	-0.99719	0.000394462
1396	-1	-0.997192	0.000394184
1397	-1	-0.997194	0.000393907
1398	-1	-0.997196	0.00039363
1399	-1	-0.997198	0.000393354
1400	-1	-0.9972	0.000393078
1401	-1	-0.997202	0.000392802
1402	-0.92	-0.997147	0.000396366
1403	-1	-0.997149	0.000396088
1404	-1	-0.997151	0.000395811
1405	-1	-0.997153	0.000395535
1406	-1	-0.997155	0.000395259
1407	-1	-0.997157	0.000394983
1408	-1	-0.997159	0.000394707
1409	-1	-0.997161	0.000394432
1410	-1	-0.997163	0.000394158
1411	-1	-0.997165	0.000393883
1412	-1	-0.997167	0.000393609
1413	-0.92	-0.997113	0.000397104
1414	-0.92	-0.997058	0.000400553
1415	-0.92	-0.997004	0.000403957
1416	-0.92	-0.996949	0.000407318
1417	-0.92	-0.996895	0.000410637
1418	-0.92	-0.996841	0.000413915
1419	-0.92	-0.996786	0.000417153
1420	-0.92	-0.996732	0.000420352
1421	-0.92	-0.996678	0.000423513
1422	-0.92	-0.996624	0.000426636
1423	-1	-0.996627	0.000426343
1424	-1	-0.996629	0.00042605
1425	-1	-0.996632	0.000425757
1426	-1	-0.996634	0.000425465
1427	-1	-0.996636	0.000425173
1428	-1	-0.996639	0.000424882
1429	-1	-0.996641	0.000424591
1430	-1	-0.996643	0.000424301
1431	-1	-0.996646	0.000424011
1432	-1	-0.996648	0.000423721
1433	-1	-0.99665	0.000423432
1434	-1	-0.996653	0.000423143
1435	-1	-0.996655	0.000422854
1436	-1	-0.996657	0.000422566
1437	-1	-0.99666	0.000422278
1438	-1	-0.996662	0.000421991
1439	-1	-0.996664	0.000421704
1440	-1	-0.996667	0.000421417
1441	-1	-0.996669	0.000421131
1442	-1	-0.996671	0.000420845
1443	-1	-0.996674	0.00042056
1444	-1	-0.996676	0.000420275
1445	-1	-0.996678	0.00041999
1446	-1	-0.99668	0.000419706
1447	-1	-0.996683	0.000419422
1448	-1	-0.996685	0.000419138
1449	-1	-0.996687	0.000418855
1450	-1	-0.99669	0.000418573
1451	-1	-0.996692	0.00041829
1452	-1	-0.996694	0.000418008
1453	-1	-0.996696	0.000417727
1454	-1	-0.996699	0.000417446
1455	-1	-0.996701	0.000417165
1456	-1	-0.996703	0.000416884
1457	-1	-0.996706	0.000416604
1458	-1	-0.996708	0.000416324
1459	-1	-0.99671	0.000416045
1460	-1	-0.996712	0.000415766
1461	-1	-0.996715	0.000415488
1462	-1	-0.996717	0.000415209
1463	-1	-0.996719	0.000414932
1464	-1	-0.996721	0.000414654
1465	-1	-0.996724	0.000414377
1466	-1	-0.996726	0.0004141
1467	-1	-0.996728	0.000413824
1468	-1	-0.99673	0.000413548
1469	-1	-0.996732	0.000413272
1470	-1	-0.996735	0.000412997
1471	-1	-0.996737	0.000412722
1472	-1	-0.996739	0.000412448
1473	-1	-0.996741	0.000412173
1474	-1	-0.996744	0.0004119
1475	-1	-0.996746	0.000411626
1476	-1	-0.996748	0.000411353
1477	-1	-0.99675	0.00041108
1478	-1	-0.996752	0.000410808
1479	-1	-0.996755	0.000410536
1480	-1	-0.996757	0.000410265
1481	-1	-0.996759	0.000409993
1482	-1	-0.996761	0.000409722
1483	-1	-0.996763	0.000409452
1484	-1	-0.996765	0.000409182
1485	-1	-0.996768	0.000408912
1486	-1	-0.99677	0.000408642
1487	-1	-0.996772	0.000408373
1488	-1	-0.996774	0.000408104
1489	-1	-0.996776	0.000407836
1490	-1	-0.996779	0.000407568
1491	-1	-0.996781	0.0004073
1492	-1	-0.996783	0.000407033
1493	-1	-0.996785	0.000406766
1494	-1	-0.996787	0.000406499
1495	-1	-0.996789	0.000406233
1496	-1	-0.996791	0.000405967
1497	-1	-0.996794	0.000405701
1498	-1	-0.996796	0.000405436
1499	-1	-0.996798	0.000405171
1500	-1	-0.9968	0.000404907
1501	-1	-0.996802	0.000404642
1502	-1	-0.996804	0.000404378
1503	-1	-0.996806	0.000404115
1504	-1	-0.996809	0.000403852
1505	-1	-0.996811	0.000403589
1506	-1	-0.996813	0.000403326
1507	-1	-0.996815	0.000403064
1508	-1	-0.996817	0.000402802
1509	-1	-0.996819	0.000402541
1510	-1	-0.996821	0.00040228
1511	-1	-0.996823	0.000402019
1512	-1	-0.996825	0.000401758
1513	-1	-0.996827	0.000401498
1514	-1	-0.99683	0.000401238
1515	-1	-0.996832	0.000400979
1516	-1	-0.996834	0.00040072
1517	-1	-0.996836	0.000400461
1518	-1	-0.996838	0.000400203
1519	-1	-0.99684	0.000399944
1520	-1	-0.996842	0.000399687
1521	-1	-0.996844	0.000399429
1522	-1	-0.996846	0.000399172
1523	-1	-0.996848	0.000398915
1524	-1	-0.99685	0.000398659
1525	-1	-0.996852	0.000398403
1526	-1	-0.996855	0.000398147
1527	-1	-0.996857	0.000397891
1528	-1	-0.996859	0.000397636
1529	-1	-0.996861	0.000397381
1530	-1	-0.996863	0.000397127
1531	-1	-0.996865	0.000396873
1532	-1	-0.996867	0.000396619
1533	-1	-0.996869	0.000396365
1534	-1	-0.996871	0.000396112
1535	-1	-0.996873	0.000395859
1536	-1	-0.996875	0.000395606
1537	-1	-0.996877	0.000395354
1538	-1	-0.996879	0.000395102
1539	-1	-0.996881	0.000394851
1540	-1	-0.996883	0.000394599
1541	-1	-0.996885	0.000394348
1542	-1	-0.996887	0.000394098
1543	-1	-0.996889	0.000393847
1544	-1	-0.996891	0.000393597
1545	-1	-0.996893	0.000393348
1546	-1	-0.996895	0.000393098
1547	-1	-0.996897	0.000392849
1548	-1	-0.996899	0.000392601
1549	-1	-0.996901	0.000392352
1550	-1	-0.996903	0.000392104
1551	-1	-0.996905	0.000391856
1552	-1	-0.996907	0.000391609
1553	-1	-0.996909	0.000391362
1554	-1	-0.996911	0.000391115
1555	-1	-0.996913	0.000390868
1556	-1	-0.996915	0.000390622
1557	-1	-0.996917	0.000390376
1558	-1	-0.996919	0.00039013
1559	-1	-0.996921	0.000389885
1560	-1	-0.996923	0.00038964
1561	-1	-0.996925	0.000389395
1562	-1	-0.996927	0.000389151
1563	-1	-0.996929	0.000388907
1564	-0.92	-0.99688	0.000391758
1565	-1	-0.996882	0.000391513
1566	-1	-0.996884	0.000391268
1567	-1	-0.996886	0.000391023
1568	-1	-0.996888	0.000390779
1569	-1	-0.99689	0.000390535
1570	-1	-0.996892	0.000390291
1571	-1	-0.996894	0.000390047
1572	-1	-0.996896	0.000389804
1573	-1	-0.996898	0.000389561
1574	-1	-0.9969	0.000389319
1575	-1	-0.996902	0.000389076
1576	-1	-0.996904	0.000388834
1577	-1	-0.996906	0.000388593
1578	-1	-0.996907	0.000388351
1579	-1	-0.996909	0.00038811
1580	-1	-0.996911	0.00038787
1581	-1	-0.996913	0.000387629
1582	-1	-0.996915	0.000387389
1583	-1	-0.996917	0.000387149
1584	-1	-0.996919	0.000386909
1585	-1	-0.996921	0.00038667
1586	-1	-0.996923	0.000386431
1587	-0.92	-0.996875	0.000389217
1588	-0.92	-0.996826	0.000391973
1589	-0.92	-0.996778	0.000394699
1590	-0.92	-0.99673	0.000397395
1591	-0.92	-0.996681	0.000400063
1592	-0.92	-0.996633	0.000402702
1593	-0.92	-0.996585	0.000405314
1594	-0.92	-0.996537	0.0004079
1595	-0.92	-0.996489	0.000410458
1596	-0.92	-0.996441	0.000412991
1597	-0.84	-0.996343	0.000424198
1598	-0.84	-0.996245	0.000435076
1599	-0.84	-0.996148	0.000445648
1600	-0.84	-0.99605	0.000455937
1601	-0.84	-0.995953	0.00046596
1602	-0.84	-0.995855	0.000475736
1603	-0.84	-0.995758	0.000485279
1604	-0.92	-0.995711	0.000487271
1605	-0.92	-0.995664	0.000489246
1606	-0.92	-0.995616	0.000491206
1607	-0.92	-0.995569	0.00049315
1608	-0.92	-0.995522	0.000495079
1609	-0.92	-0.995475	0.000496993
1610	-0.92	-0.995429	0.000498892
1611	-0.92	-0.995382	0.000500775
1612	-0.92	-0.995335	0.000502645
1613	-0.92	-0.995288	0.000504499
1614	-0.92	-0.995242	0.00050634
1615	-0.92	-0.995195	0.000508167
1616	-0.92	-0.995149	0.000509979
1617	-0.92	-0.995102	0.000511778
1618	-0.92	-0.995056	0.000513564
1619	-0.92	-0.995009	0.000515336
1620	-0.92	-0.994963	0.000517095
1621	-0.92	-0.994917	0.000518841
1622	-0.84	-0.994821	0.000527244
1623	-0.84	-0.994726	0.000535484
1624	-0.84	-0.994631	0.000543569
1625	-0.84	-0.994535	0.000551506
1626	-0.92	-0.99449	0.000553069
1627	-0.92	-0.994444	0.000554622
1628	-0.92	-0.994398	0.000556164
1629	-0.92	-0.994352	0.000557696
1630	-0.92	-0.994307	0.000559217
1631	-0.92	-0.994261	0.000560728
1632	-0.92	-0.994216	0.000562229
1633	-0.92	-0.99417	0.00056372
1634	-0.92	-0.994125	0.0005652
1635	-0.92	-0.99408	0.000566671
1636	-0.92	-0.994034	0.000568132
1637	-0.92	-0.993989	0.000569583
1638	-0.92	-0.993944	0.000571024
1639	-0.92	-0.993899	0.000572456
1640	-0.92	-0.993854	0.000573879
1641	-0.92	-0.993809	0.000575292
1642	-0.92	-0.993764	0.000576696
1643	-0.92	-0.993719	0.000578091
1644	-0.92	-0.993674	0.000579477
1645	-0.92	-0.993629	0.000580854
1646	-0.92	-0.993584	0.000582222
1647	-0.92	-0.99354	0.000583581
1648	-0.92	-0.993495	0.000584931
1649	-0.92	-0.993451	0.000586273
1650	-0.92	-0.993406	0.000587606
1651	-0.92	-0.993362	0.000588931
1652	-0.92	-0.993317	0.000590247
1653	-0.92	-0.993273	0.000591555
1654	-0.92	-0.993229	0.000592855
1655	-0.92	-0.993184	0.000594146
1656	-0.92	-0.99314	0.00059543
1657	-0.92	-0.993096	0.000596705
1658	-0.92	-0.993052	0.000597973
1659	-0.92	-0.993008	0.000599232
1660	-0.92	-0.992964	0.000600484
1661	-0.92	-0.99292	0.000601728
1662	-0.92	-0.992876	0.000602964
1663	-0.92	-0.992832	0.000604193
1664	-0.92	-0.992788	0.000605414
1665	-0.92	-0.992745	0.000606627
1666	-0.92	-0.992701	0.000607833
1667	-0.92	-0.992657	0.000609032
1668	-0.92	-0.992614	0.000610224
1669	-0.92	-0.99257	0.000611408
1670	-0.92	-0.992527	0.000612585
1671	-0.92	-0.992484	0.000613755
1672	-0.92	-0.99244	0.000614918
1673	-0.92	-0.992397	0.000616073
1674	-0.92	-0.992354	0.000617222
1675	-0.92	-0.99231	0.000618364
1676	-0.92	-0.992267	0.000619499
1677	-0.92	-0.992224	0.000620628
1678	-0.92	-0.992181	0.000621749
1679	-0.92	-0.992138	0.000622864
1680	-0.92	-0.992095	0.000623973
1681	-0.92	-0.992052	0.000625075
1682	-0.92	-0.99201	0.00062617
1683	-0.92	-0.991967	0.000627259
1684	-0.92	-0.991924	0.000628341
1685	-0.92	-0.991881	0.000629417
1686	-0.92	-0.991839	0.000630487
1687	-0.92	-0.991796	0.00063155
1688	-0.92	-0.991754	0.000632607
1689	-0.92	-0.991711	0.000633658
1690	-0.92	-0.991669	0.000634703
1691	-0.92	-0.991626	0.000635742
1692	-0.92	-0.991584	0.000636775
1693	-0.84	-0.991494	0.000642666
1694	-0.84	-0.991405	0.000648483
1695	-0.92	-0.991363	0.000649468
1696	-0.92	-0.991321	0.000650447
1697	-0.92	-0.991279	0.000651421
1698	-0.92	-0.991237	0.000652389
1699	-0.92	-0.991195	0.000653352
1700	-0.92	-0.991153	0.000654309
1701	-0.92	-0.991111	0.000655261
1702	-0.92	-0.991069	0.000656207
1703	-0.92	-0.991028	0.000657148
1704	-0.92	-0.990986	0.000658084
1705	-0.92	-0.990944	0.000659014
1706	-0.92	-0.990903	0.000659939
1707	-0.92	-0.990861	0.000660859
1708	-0.92	-0.99082	0.000661774
1709	-0.84	-0.990731	0.000667248
1710	-0.84	-0.990643	0.000672659
1711	-0.84	-0.990555	0.000678006
1712	-0.84	-0.990467	0.000683293
1713	-0.84	-0.990379	0.00068852
1714	-0.84	-0.990292	0.000693689
1715	-0.84	-0.990204	0.000698801
1716	-0.84	-0.990117	0.000703857
1717	-0.84	-0.990029	0.00070886
1718	-0.84	-0.989942	0.000713809
1719	-0.84	-0.989855	0.000718706
1720	-0.84	-0.989767	0.000723553
1721	-0.84	-0.98968	0.00072835
1722	-0.84	-0.989593	0.000733098
1723	-0.84	-0.989507	0.000737799
1724	-0.84	-0.98942	0.000742453
1725	-0.84	-0.989333	0.000747061
1726	-0.84	-0.989247	0.000751624
1727	-0.84	-0.98916	0.000756144
1728	-0.84	-0.989074	0.00076062
1729	-0.84	-0.988988	0.000765054
1730	-0.92	-0.988948	0.00076565
1731	-0.92	-0.988908	0.000766244
1732	-0.92	-0.988868	0.000766834
1733	-0.92	-0.988829	0.000767421
1734	-0.92	-0.988789	0.000768005
1735	-0.92	-0.988749	0.000768585
1736	-0.92	-0.98871	0.000769163
1737	-0.92	-0.98867	0.000769737
1738	-0.92	-0.988631	0.000770308
1739	-0.92	-0.988591	0.000770876
1740	-0.92	-0.988552	0.00077144
1741	-0.92	-0.988512	0.000772002
1742	-0.92	-0.988473	0.00077256
1743	-0.92	-0.988434	0.000773116
1744	-0.92	-0.988394	0.000773668
1745	-0.92	-0.988355	0.000774217
1746	-0.92	-0.988316	0.000774763
1747	-0.92	-0.988277	0.000775307
1748	-0.92	-0.988238	0.000775847
1749	-0.92	-0.988199	0.000776384
1750	-0.92	-0.98816	0.000776918
1751	-0.92	-0.988121	0.00077745
1752	-0.92	-0.988082	0.000777978
1753	-0.92	-0.988043	0.000778503
1754	-0.92	-0.988005	0.000779026
1755	-0.84	-0.98792	0.000783136
1756	-0.84	-0.987836	0.00078721
1757	-0.84	-0.987752	0.000791248
1758	-0.84	-0.987668	0.000795252
1759	-0.84	-0.987584	0.000799221
1760	-0.84	-0.9875	0.000803156
1761	-0.92	-0.987462	0.000803614
1762	-0.92	-0.987423	0.00080407
1763	-0.92	-0.987385	0.000804523
1764	-0.92	-0.987347	0.000804974
1765	-0.92	-0.987309	0.000805422
1766	-0.92	-0.987271	0.000805868
1767	-0.92	-0.987233	0.000806311
1768	-0.92	-0.987195	0.000806751
1769	-0.84	-0.987111	0.000810577
1770	-0.92	-0.987073	0.000811006
1771	-0.92	-0.987036	0.000811432
1772	-0.92	-0.986998	0.000811856
1773	-0.92	-0.98696	0.000812278
1774	-0.92	-0.986922	0.000812697
1775	-0.92	-0.986885	0.000813113
1776	-0.92	-0.986847	0.000813527
1777	-0.92	-0.986809	0.000813939
1778	-0.92	-0.986772	0.000814349
1779	-0.92	-0.986734	0.000814756
1780	-0.92	-0.986697	0.00081516
1781	-0.92	-0.986659	0.000815563
1782	-0.92	-0.986622	0.000815963
1783	-0.92	-0.986584	0.000816361
1784	-0.92	-0.986547	0.000816756
1785	-0.92	-0.98651	0.000817149
1786	-0.92	-0.986473	0.00081754
1787	-0.92	-0.986435	0.000817929
1788	-0.92	-0.986398	0.000818315
1789	-0.92	-0.986361	0.0008187
1790	-0.92	-0.986324	0.000819081
1791	-0.92	-0.986287	0.000819461
1792	-0.92	-0.98625	0.000819839
1793	-0.92	-0.986213	0.000820214
1794	-0.92	-0.986176	0.000820587
1795	-0.92	-0.986139	0.000820958
1796	-0.92	-0.986102	0.000821327
1797	-0.92	-0.986066	0.000821693
1798	-0.92	-0.986029	0.000822058
1799	-0.92	-0.985992	0.00082242
1800	-0.92	-0.985956	0.00082278
1801	-0.92	-0.985919	0.000823138
1802	-0.92	-0.985882	0.000823494
1803	-0.84	-0.985801	0.000827005
1804	-0.84	-0.985721	0.000830489
1805	-0.84	-0.98564	0.000833945
1806	-0.84	-0.985559	0.000837375
1807	-0.84	-0.985479	0.00084078
1808	-0.84	-0.985398	0.000844158
1809	-0.84	-0.985318	0.000847511
1810	-0.84	-0.985238	0.000850839
1811	-0.84	-0.985157	0.000854143
1812	-0.84	-0.985077	0.000857421
1813	-0.84	-0.984997	0.000860676
1814	-0.84	-0.984917	0.000863908
1815	-0.84	-0.984837	0.000867115
1816	-0.84	-0.984758	0.0008703
1817	-0.84	-0.984678	0.000873462
1818	-0.84	-0.984598	0.000876601
1819	-0.84	-0.984519	0.000879718
1820	-0.84	-0.98444	0.000882813
1821	-0.84	-0.98436	0.000885886
1822	-0.84	-0.984281	0.000888938
1823	-0.92	-0.984246	0.000889149
1824	-0.92	-0.984211	0.000889359
1825	-0.92	-0.984175	0.000889568
1826	-0.92	-0.98414	0.000889775
1827	-0.92	-0.984105	0.000889981
1828	-0.92	-0.98407	0.000890185
1829	-0.92	-0.984035	0.000890387
1830	-0.92	-0.984	0.000890588
1831	-0.92	-0.983965	0.000890788
1832	-0.92	-0.98393	0.000890986
1833	-0.92	-0.983895	0.000891182
1834	-0.92	-0.98386	0.000891377
1835	-0.92	-0.983826	0.000891571
1836	-0.92	-0.983791	0.000891763
1837	-0.92	-0.983756	0.000891954
1838	-0.92	-0.983721	0.000892143
1839	-0.92	-0.983687	0.000892331
1840	-0.92	-0.983652	0.000892517
1841	-0.92	-0.983618	0.000892702
1842	-0.92	-0.983583	0.000892885
1843	-0.92	-0.983549	0.000893067
1844	-0.92	-0.983514	0.000893248
1845	-0.92	-0.98348	0.000893427
1846	-0.92	-0.983445	0.000893605
1847	-0.92	-0.983411	0.000893781
1848	-0.92	-0.983377	0.000893956
1849	-0.92	-0.983342	0.00089413
1850	-0.92	-0.983308	0.000894302
1851	-0.92	-0.983274	0.000894473
1852	-0.92	-0.98324	0.000894642
1853	-0.92	-0.983206	0.000894811
1854	-0.92	-0.983172	0.000894977
1855	-0.92	-0.983137	0.000895143
1856	-0.92	-0.983103	0.000895307
1857	-0.92	-0.983069	0.00089547
1858	-0.92	-0.983036	0.000895631
1859	-0.92	-0.983002	0.000895791
1860	-0.92	-0.982968	0.00089595
1861	-0.92	-0.982934	0.000896107
1862	-0.92	-0.9829	0.000896263
1863	-0.92	-0.982866	0.000896418
1864	-0.92	-0.982833	0.000896572
1865	-0.92	-0.982799	0.000896724
1866	-0.92	-0.982765	0.000896875
1867	-0.92	-0.982732	0.000897025
1868	-0.92	-0.982698	0.000897173
1869	-0.92	-0.982665	0.00089732
1870	-0.84	-0.982588	0.000900079
1871	-0.84	-0.982512	0.00090282
1872	-0.84	-0.982436	0.000905544
1873	-0.92	-0.982403	0.000905674
1874	-0.92	-0.982369	0.000905803
1875	-0.92	-0.982336	0.00090593
1876	-0.92	-0.982303	0.000906057
1877	-0.92	-0.98227	0.000906182
1878	-0.92	-0.982236	0.000906306
1879	-0.92	-0.982203	0.000906429
1880	-0.92	-0.98217	0.000906551
1881	-0.92	-0.982137	0.000906671
1882	-0.92	-0.982104	0.000906791
1883	-0.92	-0.982071	0.000906909
1884	-0.92	-0.982038	0.000907026
1885	-0.92	-0.982005	0.000907142
1886	-0.92	-0.981972	0.000907257
1887	-0.92	-0.98194	0.00090737
1888	-0.92	-0.981907	0.000907483
1889	-0.92	-0.981874	0.000907594
1890	-0.92	-0.981841	0.000907704
1891	-0.92	-0.981809	0.000907813
1892	-0.92	-0.981776	0.000907921
1893	-0.92	-0.981743	0.000908028
1894	-0.92	-0.981711	0.000908134
1895	-0.92	-0.981678	0.000908239
1896	-0.92	-0.981646	0.000908342
1897	-0.92	-0.981613	0.000908445
1898	-0.92	-0.981581	0.000908546
1899	-0.92	-0.981548	0.000908646
1900	-0.92	-0.981516	0.000908745
1901	-0.92	-0.981483	0.000908843
1902	-0.92	-0.981451	0.000908941
1903	-0.92	-0.981419	0.000909036
1904	-0.92	-0.981387	0.000909131
1905	-0.92	-0.981354	0.000909225
1906	-0.92	-0.981322	0.000909318
1907	-0.92	-0.98129	0.00090941
1908	-0.92	-0.981258	0.0009095
1909	-0.92	-0.981226	0.00090959
1910	-0.92	-0.981194	0.000909679
1911	-0.92	-0.981162	0.000909766
1912	-0.92	-0.98113	0.000909853
1913	-0.92	-0.981098	0.000909938
1914	-0.92	-0.981066	0.000910023
1915	-0.92	-0.981034	0.000910106
1916	-0.92	-0.981002	0.000910189
1917	-0.92	-0.98097	0.00091027
1918	-0.92	-0.980938	0.000910351
1919	-0.92	-0.980907	0.00091043
1920	-0.92	-0.980875	0.000910509
1921	-0.92	-0.980843	0.000910586
1922	-0.92	-0.980812	0.000910663
1923	-0.92	-0.98078	0.000910738
1924	-0.92	-0.980748	0.000910813
1925	-0.92	-0.980717	0.000910886
1926	-0.92	-0.980685	0.000910959
1927	-0.92	-0.980654	0.00091103
1928	-0.92	-0.980622	0.000911101
1929	-0.92	-0.980591	0.000911171
1930	-0.92	-0.98056	0.000911239
1931	-0.92	-0.980528	0.000911307
1932	-0.92	-0.980497	0.000911374
1933	-1	-0.980507	0.000910958
1934	-1	-0.980517	0.000910543
1935	-1	-0.980527	0.000910128
1936	-1	-0.980537	0.000909713
1937	-1	-0.980547	0.000909299
1938	-1	-0.980557	0.000908885
1939	-1	-0.980567	0.000908472
1940	-1	-0.980577	0.000908059
1941	-1	-0.980587	0.000907646
1942	-1	-0.980597	0.000907233
1943	-1	-0.980607	0.000906821
1944	-1	-0.980617	0.00090641
1945	-1	-0.980627	0.000905998
1946	-1	-0.980637	0.000905587
1947	-1	-0.980647	0.000905177
1948	-1	-0.980657	0.000904766
1949	-1	-0.980667	0.000904357
1950	-1	-0.980677	0.000903947
1951	-1	-0.980687	0.000903538
1952	-1	-0.980697	0.000903129
1953	-1	-0.980707	0.000902721
1954	-1	-0.980716	0.000902313
1955	-1	-0.980726	0.000901905
1956	-1	-0.980736	0.000901497
1957	-1	-0.980746	0.00090109
1958	-1	-0.980756	0.000900684
1959	-1	-0.980766	0.000900278
1960	-1	-0.980776	0.000899872
1961	-1	-0.980785	0.000899466
1962	-1	-0.980795	0.000899061
1963	-1	-0.980805	0.000898656
1964	-1	-0.980815	0.000898251
1965	-1	-0.980824	0.000897847
1966	-1	-0.980834	0.000897444
1967	-1	-0.980844	0.00089704
1968	-1	-0.980854	0.000896637
1969	-1	-0.980863	0.000896234
1970	-1	-0.980873	0.000895832
1971	-1	-0.980883	0.00089543
1972	-1	-0.980892	0.000895028
1973	-1	-0.980902	0.000894627
1974	-1	-0.980912	0.000894226
1975	-1	-0.980922	0.000893825
1976	-1	-0.980931	0.000893425
1977	-1	-0.980941	0.000893025
1978	-1	-0.98095	0.000892625
1979	-1	-0.98096	0.000892226
1980	-1	-0.98097	0.000891827
1981	-1	-0.980979	0.000891429
1982	-1	-0.980989	0.000891031
1983	-1	-0.980998	0.000890633
1984	-1	-0.981008	0.000890235
1985	-1	-0.981018	0.000889838
1986	-1	-0.981027	0.000889441
1987	-1	-0.981037	0.000889045
1988	-1	-0.981046	0.000888649
1989	-1	-0.981056	0.000888253
1990	-1	-0.981065	0.000887857
1991	-1	-0.981075	0.000887462
1992	-1	-0.981084	0.000887068
1993	-1	-0.981094	0.000886673
1994	-1	-0.981103	0.000886279
1995	-1	-0.981113	0.000885885
1996	-1	-0.981122	0.000885492
1997	-1	-0.981132	0.000885099
1998	-1	-0.981141	0.000884706
1999	-1	-0.981151	0.000884314
2000	-1	-0.98116	0.000883922
