1	-0.68	-0.68	0
2	-0.44	-0.56	0.12
3	-0.44	-0.52	0.08
4	-0.6	-0.54	0.06
5	-0.52	-0.536	0.0466476
6	-0.52	-0.533333	0.0381809
7	-0.6	-0.542857	0.0336448
8	-0.6	-0.55	0.03
9	-0.6	-0.555556	0.0270345
10	-0.44	-0.544	0.0267997
11	-0.36	-0.527273	0.0294523
12	-0.52	-0.526667	0.026893
13	-0.52	-0.526154	0.0247433
14	-0.6	-0.531429	0.0235072
15	-0.52	-0.530667	0.0218973
16	-0.28	-0.515	0.0257876
17	-0.44	-0.510588	0.0246217
18	-0.52	-0.511111	0.0232195
19	-0.44	-0.507368	0.02228
20	-0.6	-0.512	0.0216382
21	-0.6	-0.51619	0.0210043
22	-0.6	-0.52	0.0203859
23	-0.6	-0.523478	0.0197875
24	-0.6	-0.526667	0.0192115
25	-0.68	-0.5328	0.019421
26	-0.6	-0.535385	0.0188372
27	-0.76	-0.543704	0.019944
28	-0.6	-0.545714	0.0193234
29	-0.52	-0.544828	0.0186662
30	-0.68	-0.549333	0.0185877
31	-0.6	-0.550968	0.0180522
32	-0.52	-0.55	0.0175058
33	-0.44	-0.546667	0.0172913
34	-0.68	-0.550588	0.0172273
35	-0.6	-0.552	0.0167874
36	-0.52	-0.551111	0.0163386
37	-0.44	-0.548108	0.0161721
38	-0.52	-0.547368	0.0157581
39	-0.68	-0.550769	0.015721
40	-0.68	-0.554	0.0156598
41	-0.76	-0.559024	0.0160783
42	-0.6	-0.56	0.0157211
43	-0.6	-0.56093	0.0153793
44	-0.52	-0.56	0.0150545
45	-0.28	-0.553778	0.0159775
46	-0.44	-0.551304	0.0158209
47	-0.44	-0.548936	0.0156607
48	-0.36	-0.545	0.0158282
49	-0.76	-0.549388	0.0161108
50	-0.76	-0.5536	0.0163377
51	-0.76	-0.557647	0.0165176
52	-0.68	-0.56	0.0163668
53	-0.6	-0.560755	0.0160728
54	-0.68	-0.562963	0.0159262
55	-0.52	-0.562182	0.0156534
56	-0.68	-0.564286	0.0155147
57	-0.68	-0.566316	0.0153747
58	-0.68	-0.568276	0.0152339
59	-0.6	-0.568814	0.0149831
60	-0.6	-0.569333	0.0147404
61	-0.44	-0.567213	0.014651
62	-0.52	-0.566452	0.0144329
63	-0.52	-0.565714	0.0142211
64	-0.68	-0.5675	0.0141105
65	-0.68	-0.569231	0.0139992
66	-0.52	-0.568485	0.0138056
67	-0.6	-0.568955	0.0136061
68	-0.6	-0.569412	0.0134123
69	-0.6	-0.569855	0.0132239
70	-0.68	-0.571429	0.0131283
71	-0.68	-0.572958	0.0130321
72	-0.44	-0.571111	0.0129818
73	-0.36	-0.568219	0.0131253
74	-0.36	-0.565405	0.0132489
75	-0.44	-0.563733	0.0131776
76	-0.68	-0.565263	0.0130928
77	-0.68	-0.566753	0.0130072
78	-0.68	-0.568205	0.0129212
79	-0.6	-0.568608	0.012763
80	-0.68	-0.57	0.0126791
81	-0.6	-0.57037	0.0125271
82	-0.52	-0.569756	0.0123886
83	-0.6	-0.57012	0.0122438
84	-0.52	-0.569524	0.0121119
85	-0.6	-0.569882	0.0119739
86	-0.6	-0.570233	0.0118391
87	-0.44	-0.568736	0.0117975
88	-0.52	-0.568182	0.0116759
89	-0.6	-0.568539	0.0115495
90	-0.36	-0.566222	0.0116531
91	-0.6	-0.566593	0.0115303
92	-0.6	-0.566957	0.0114101
93	-0.44	-0.565591	0.011369
94	-0.52	-0.565106	0.0112578
95	-0.6	-0.565474	0.0111447
96	-0.52	-0.565	0.0110382
97	-0.6	-0.565361	0.0109298
98	-0.44	-0.564082	0.010893
99	-0.52	-0.563636	0.0107916
100	-0.52	-0.5632	0.0106921
101	-0.44	-0.56198	0.0106557
102	-0.6	-0.562353	0.0105573
103	-0.6	-0.562718	0.0104607
104	-0.6	-0.563077	0.0103659
105	-0.84	-0.565714	0.0106
106	-0.68	-0.566792	0.0105547
107	-0.84	-0.569346	0.0107629
108	-0.76	-0.571111	0.0108079
109	-0.68	-0.57211	0.0107548
110	-0.6	-0.572364	0.0106596
111	-0.68	-0.573333	0.0106075
112	-0.68	-0.574286	0.0105555
113	-0.6	-0.574513	0.0104641
114	-0.68	-0.575439	0.0104131
115	-0.6	-0.575652	0.0103244
116	-0.44	-0.574483	0.0103016
117	-0.44	-0.573333	0.0102776
118	-0.6	-0.573559	0.0101926
119	-0.6	-0.573782	0.0101091
120	-0.68	-0.574667	0.0100635
121	-0.68	-0.575537	0.0100179
122	-0.76	-0.577049	0.0100498
123	-0.44	-0.575935	0.0100298
124	-0.6	-0.576129	0.00995051
125	-0.36	-0.5744	0.0100209
126	-0.52	-0.573968	0.0099504
127	-0.6	-0.574173	0.00987387
128	-0.76	-0.575625	0.00990342
129	-0.68	-0.576434	0.0098596
130	-0.6	-0.576615	0.00978514
131	-0.6	-0.576794	0.0097118
132	-0.6	-0.57697	0.00963955
133	-0.6	-0.577143	0.00956836
134	-0.6	-0.577313	0.00949822
135	-0.68	-0.578074	0.00945824
136	-0.76	-0.579412	0.00948325
137	-0.68	-0.580146	0.00944237
138	-0.68	-0.58087	0.00940158
139	-0.76	-0.582158	0.00942224
140	-0.68	-0.582857	0.00938077
141	-0.6	-0.582979	0.00931479
142	-0.52	-0.582535	0.00925959
143	-0.36	-0.580979	0.00932537
144	-0.6	-0.581111	0.00926133
145	-0.44	-0.580138	0.00924858
146	-0.52	-0.579726	0.00919425
147	-0.52	-0.57932	0.00914052
148	-0.68	-0.58	0.009104
149	-0.76	-0.581208	0.00912303
150	-0.6	-0.581333	0.00906288
151	-0.36	-0.579868	0.0091212
152	-0.44	-0.578947	0.0091076
153	-0.52	-0.578562	0.00905608
154	-0.44	-0.577662	0.00904196
155	-0.68	-0.578323	0.00900766
156	-0.6	-0.578462	0.00895081
157	-0.68	-0.579108	0.0089171
158	-0.68	-0.579747	0.00888347
159	-0.6	-0.579874	0.00882834
160	-0.68	-0.5805	0.00879528
161	-0.44	-0.579627	0.00878394
162	-0.52	-0.579259	0.0087373
163	-0.36	-0.577914	0.0087871
164	-0.52	-0.577561	0.00874049
165	-0.68	-0.578182	0.00870952
166	-0.6	-0.578313	0.00865789
167	-0.6	-0.578443	0.00860687
168	-0.6	-0.578571	0.00855645
169	-0.68	-0.579172	0.00852681
170	-0.6	-0.579294	0.00847739
171	-0.6	-0.579415	0.00842854
172	-0.44	-0.578605	0.00841851
173	-0.52	-0.578266	0.00837656
174	-0.52	-0.577931	0.008335
175	-0.6	-0.578057	0.0082882
176	-0.6	-0.578182	0.00824191
177	-0.76	-0.579209	0.00825935
178	-0.76	-0.580225	0.00827538
179	-0.44	-0.579441	0.00826622
180	-0.68	-0.58	0.00823913
181	-0.68	-0.580552	0.00821209
182	-0.68	-0.581099	0.0081851
183	-0.76	-0.582077	0.00819875
184	-0.6	-0.582174	0.00815465
185	-0.6	-0.58227	0.00811102
186	-0.52	-0.581935	0.00807424
187	-0.6	-0.582032	0.00803153
188	-0.6	-0.582128	0.00798926
189	-0.6	-0.582222	0.00794744
190	-0.52	-0.581895	0.00791228
191	-0.44	-0.581152	0.00790573
192	-0.68	-0.581667	0.00788128
193	-0.52	-0.581347	0.00784685
194	-0.68	-0.581856	0.00782284
195	-0.84	-0.583179	0.00789441
196	-0.76	-0.584082	0.00790567
197	-0.76	-0.584975	0.00791597
198	-0.6	-0.585051	0.00787625
199	-0.44	-0.584322	0.0078704
200	-0.6	-0.5844	0.00783134
201	-0.76	-0.585274	0.0078411
202	-0.76	-0.586139	0.00784999
203	-0.6	-0.586207	0.00781152
204	-0.52	-0.585882	0.00777991
205	-0.52	-0.585561	0.00774853
206	-0.68	-0.586019	0.00772444
207	-0.6	-0.586087	0.00768733
208	-0.44	-0.585385	0.00768245
209	-0.52	-0.585072	0.00765201
210	-0.52	-0.584762	0.00762178
211	-0.44	-0.584076	0.00761654
212	-0.44	-0.583396	0.00761093
213	-0.76	-0.584225	0.00762035
214	-0.76	-0.585047	0.007629
215	-0.68	-0.585488	0.00760627
216	-0.68	-0.585926	0.00758361
217	-0.68	-0.586359	0.00756102
218	-0.68	-0.586789	0.0075385
219	-0.6	-0.586849	0.00750424
220	-0.6	-0.586909	0.00747029
221	-0.44	-0.586244	0.00746607
222	-0.44	-0.585586	0.0074615
223	-0.44	-0.584933	0.0074566
224	-0.52	-0.584643	0.00742889
225	-0.44	-0.584	0.00742369
226	-0.52	-0.583717	0.00739619
227	-0.52	-0.583436	0.00736888
228	-0.44	-0.582807	0.00736341
229	-0.44	-0.582183	0.00735766
230	-0.6	-0.582261	0.00732601
231	-0.68	-0.582684	0.00730649
232	-0.76	-0.583448	0.00731497
233	-0.76	-0.584206	0.00732281
234	-0.6	-0.584274	0.00729177
235	-0.6	-0.58434	0.00726098
236	-0.52	-0.584068	0.00723529
237	-0.68	-0.584473	0.00721605
238	-0.76	-0.58521	0.00722342
239	-0.76	-0.585941	0.00723021
240	-0.6	-0.586	0.00720026
241	-0.68	-0.58639	0.00718093
242	-0.76	-0.587107	0.00718708
243	-0.68	-0.58749	0.00716765
244	-0.68	-0.587869	0.00714827
245	-0.52	-0.587592	0.00712442
246	-0.44	-0.586992	0.00712073
247	-0.52	-0.586721	0.00709702
248	-0.44	-0.586129	0.00709306
249	-0.52	-0.585863	0.00706951
250	-0.52	-0.5856	0.0070461
251	-0.68	-0.585976	0.00702804
252	-0.68	-0.586349	0.00701004
253	-0.52	-0.586087	0.0069872
254	-0.68	-0.586457	0.00696945
255	-0.6	-0.58651	0.00694227
256	-0.6	-0.586563	0.0069153
257	-0.44	-0.585992	0.0069119
258	-0.36	-0.585116	0.00694056
259	-0.52	-0.584865	0.00691828
260	-0.52	-0.584615	0.00689613
261	-0.6	-0.584674	0.00686991
262	-0.6	-0.584733	0.00684389
263	-0.68	-0.585095	0.00682743
264	-0.76	-0.585758	0.00683371
265	-0.6	-0.585811	0.00680809
266	-0.68	-0.586165	0.00679168
267	-0.6	-0.586217	0.0067664
268	-0.68	-0.586567	0.00675018
269	-0.6	-0.586617	0.00672522
270	-0.68	-0.586963	0.00670919
271	-0.76	-0.587601	0.00671481
272	-0.6	-0.587647	0.00669024
273	-0.36	-0.586813	0.00671764
274	-0.6	-0.586861	0.00669325
275	-0.52	-0.586618	0.0066733
276	-0.52	-0.586377	0.00665346
277	-0.36	-0.58556	0.00667958
278	-0.76	-0.586187	0.00668502
279	-0.68	-0.586523	0.0066695
280	-0.68	-0.586857	0.00665401
281	-0.68	-0.587189	0.00663857
282	-0.6	-0.587234	0.00661515
283	-0.68	-0.587562	0.00659987
284	-0.68	-0.587887	0.00658464
285	-0.68	-0.588211	0.00656945
286	-0.76	-0.588811	0.00657394
287	-0.68	-0.589129	0.0065587
288	-0.6	-0.589167	0.00653599
289	-0.6	-0.589204	0.00651345
290	-0.52	-0.588966	0.00649533
291	-0.6	-0.589003	0.00647309
292	-0.52	-0.588767	0.00645521
293	-0.36	-0.587986	0.00648034
294	-0.44	-0.587483	0.00647785
295	-0.44	-0.586983	0.00647518
296	-0.6	-0.587027	0.00645342
297	-0.52	-0.586801	0.00643561
298	-0.36	-0.58604	0.00645898
299	-0.52	-0.585819	0.00644113
300	-0.36	-0.585067	0.0064636
301	-0.36	-0.584319	0.00648534
302	-0.44	-0.583841	0.00648147
303	-0.52	-0.58363	0.00646348
304	-0.36	-0.582895	0.00648405
305	-0.52	-0.582689	0.00646604
306	-0.6	-0.582745	0.00644512
307	-0.44	-0.58228	0.0064409
308	-0.68	-0.582597	0.00642779
309	-0.44	-0.582136	0.00642355
310	-0.6	-0.582194	0.00640306
311	-0.52	-0.581994	0.00638557
312	-0.6	-0.582051	0.00636533
313	-0.68	-0.582364	0.00635267
314	-0.6	-0.58242	0.00633266
315	-0.6	-0.582476	0.00631277
316	-0.52	-0.582278	0.00629587
317	-0.6	-0.582334	0.00627622
318	-0.68	-0.582642	0.00626399
319	-0.6	-0.582696	0.00624456
320	-0.52	-0.5825	0.0062281
321	-0.52	-0.582305	0.00621172
322	-0.68	-0.582609	0.00619982
323	-0.44	-0.582167	0.00619635
324	-0.6	-0.582222	0.00617744
325	-0.68	-0.582523	0.00616575
326	-0.6	-0.582577	0.00614704
327	-0.6	-0.58263	0.00612844
328	-0.44	-0.582195	0.00612519
329	-0.68	-0.582492	0.00611377
330	-0.6	-0.582545	0.00609545
331	-0.52	-0.582356	0.00607994
332	-0.52	-0.582169	0.00606451
333	-0.76	-0.582703	0.00606981
334	-0.6	-0.582754	0.00605183
335	-0.6	-0.582806	0.00603396
336	-0.52	-0.582619	0.00601888
337	-0.68	-0.582908	0.00600794
338	-0.6	-0.582959	0.00599035
339	-0.6	-0.583009	0.00597287
340	-0.6	-0.583059	0.00595549
341	-0.36	-0.582405	0.00597392
342	-0.36	-0.581754	0.00599182
343	-0.36	-0.581108	0.0060092
344	-0.44	-0.580698	0.00600573
345	-0.44	-0.58029	0.00600217
346	-0.44	-0.579884	0.00599852
347	-0.52	-0.579712	0.00598369
348	-0.6	-0.57977	0.00596676
349	-0.6	-0.579828	0.00594992
350	-0.68	-0.580114	0.0059398
351	-0.76	-0.580627	0.00594498
352	-0.6	-0.580682	0.00592832
353	-0.52	-0.58051	0.005914
354	-0.36	-0.579887	0.00593008
355	-0.44	-0.579493	0.00592647
356	-0.68	-0.579775	0.00591654
357	-0.44	-0.579384	0.00591292
358	-0.68	-0.579665	0.00590307
359	-0.6	-0.579721	0.00588688
360	-0.52	-0.579556	0.00587285
361	-0.68	-0.579834	0.00586316
362	-0.52	-0.579669	0.00584928
363	-0.68	-0.579945	0.00583969
364	-0.68	-0.58022	0.0058301
365	-0.44	-0.579836	0.00582679
366	-0.36	-0.579235	0.00584181
367	-0.6	-0.579292	0.00582614
368	-0.76	-0.579783	0.005831
369	-0.6	-0.579837	0.00581544
370	-0.76	-0.580324	0.0058201
371	-0.84	-0.581024	0.00584644
372	-0.6	-0.581075	0.00583093
373	-0.68	-0.58134	0.00582132
374	-0.68	-0.581604	0.00581172
375	-0.52	-0.58144	0.00579853
376	-0.52	-0.581277	0.0057854
377	-0.68	-0.581538	0.00577597
378	-0.68	-0.581799	0.00576656
379	-0.84	-0.58248	0.00579153
380	-0.84	-0.583158	0.00581589
381	-0.6	-0.583202	0.00580077
382	-0.68	-0.583455	0.00579111
383	-0.6	-0.583499	0.00577613
384	-0.68	-0.58375	0.00576655
385	-0.76	-0.584208	0.00576974
386	-0.76	-0.584663	0.00577277
387	-0.68	-0.58491	0.0057631
388	-0.68	-0.585155	0.00575345
389	-0.36	-0.584576	0.00576776
390	-0.68	-0.584821	0.00575815
391	-0.6	-0.584859	0.00574353
392	-0.76	-0.585306	0.00574626
393	-0.6	-0.585344	0.00573174
394	-0.52	-0.585178	0.00571958
395	-0.44	-0.58481	0.00571691
396	-0.52	-0.584646	0.0057048
397	-0.6	-0.584685	0.00569054
398	-0.52	-0.584523	0.00567855
399	-0.68	-0.584762	0.00566936
400	-0.6	-0.5848	0.00565529
401	-0.76	-0.585237	0.00565807
402	-0.76	-0.585672	0.00566069
403	-0.28	-0.584913	0.00569734
404	-0.68	-0.585149	0.0056881
405	-0.68	-0.585383	0.00567887
406	-0.52	-0.585222	0.00566715
407	-0.28	-0.584472	0.00570273
408	-0.44	-0.584118	0.00569975
409	-0.52	-0.583961	0.00568796
410	-0.68	-0.584195	0.0056789
411	-0.76	-0.584623	0.00568119
412	-0.44	-0.584272	0.00567825
413	-0.44	-0.583923	0.00567524
414	-0.52	-0.583768	0.00566362
415	-0.52	-0.583614	0.00565205
416	-0.52	-0.583462	0.00564052
417	-0.6	-0.583501	0.00562711
418	-0.52	-0.583349	0.00561569
419	-0.36	-0.582816	0.00562757
420	-0.68	-0.583048	0.00561893
421	-0.52	-0.582898	0.00560756
422	-0.44	-0.582559	0.0056045
423	-0.6	-0.5826	0.00559139
424	-0.44	-0.582264	0.00558831
425	-0.68	-0.582494	0.00557989
426	-0.68	-0.582723	0.00557148
427	-0.6	-0.582763	0.00555856
428	-0.52	-0.582617	0.0055475
429	-0.52	-0.582471	0.00553648
430	-0.6	-0.582512	0.00552374
431	-0.6	-0.582552	0.00551106
432	-0.68	-0.582778	0.00550291
433	-0.68	-0.583002	0.00549477
434	-0.6	-0.583041	0.00548224
435	-0.6	-0.58308	0.00546976
436	-0.68	-0.583303	0.00546173
437	-0.52	-0.583158	0.00545114
438	-0.52	-0.583014	0.00544059
439	-0.6	-0.583052	0.00542832
440	-0.6	-0.583091	0.00541611
441	-0.44	-0.582766	0.00541354
442	-0.36	-0.582262	0.00542475
443	-0.52	-0.582122	0.00541431
444	-0.52	-0.581982	0.00540391
445	-0.52	-0.581843	0.00539356
446	-0.6	-0.581883	0.0053816
447	-0.6	-0.581924	0.0053697
448	-0.6	-0.581964	0.00535786
449	-0.6	-0.582004	0.00534606
450	-0.52	-0.581867	0.00533595
451	-0.52	-0.581729	0.00532587
452	-0.76	-0.582124	0.00532869
453	-0.68	-0.58234	0.0053213
454	-0.6	-0.582379	0.00530971
455	-0.44	-0.582066	0.00530726
456	-0.44	-0.581754	0.00530476
457	-0.68	-0.581969	0.00529751
458	-0.6	-0.582009	0.00528608
459	-0.68	-0.582222	0.00527886
460	-0.6	-0.582261	0.00526752
461	-0.6	-0.582299	0.00525622
462	-0.6	-0.582338	0.00524497
463	-0.68	-0.582549	0.00523788
464	-0.68	-0.582759	0.0052308
465	-0.76	-0.58314	0.00523343
466	-0.52	-0.583004	0.00522395
467	-0.6	-0.583041	0.00521288
468	-0.52	-0.582906	0.00520347
469	-0.52	-0.582772	0.0051941
470	-0.44	-0.582468	0.00519193
471	-0.52	-0.582335	0.00518259
472	-0.52	-0.582203	0.00517328
473	-0.44	-0.581903	0.00517108
474	-0.6	-0.581941	0.0051603
475	-0.6	-0.581979	0.00514957
476	-0.84	-0.582521	0.00516725
477	-0.68	-0.582725	0.00516045
478	-0.6	-0.582762	0.00514977
479	-0.52	-0.58263	0.00514068
480	-0.52	-0.5825	0.00513162
481	-0.36	-0.582037	0.00514179
482	-0.52	-0.581909	0.00513272
483	-0.44	-0.581615	0.00513051
484	-0.52	-0.581488	0.00512148
485	-0.52	-0.581361	0.00511248
486	-0.68	-0.581564	0.00510598
487	-0.68	-0.581766	0.0050995
488	-0.6	-0.581803	0.00508917
489	-0.68	-0.582004	0.00508272
490	-0.6	-0.582041	0.00507247
491	-0.68	-0.58224	0.00506606
492	-0.52	-0.582114	0.00505734
493	-0.6	-0.58215	0.0050472
494	-0.52	-0.582024	0.00503854
495	-0.44	-0.581737	0.00503653
496	-0.52	-0.581613	0.00502791
497	-0.6	-0.58165	0.00501792
498	-0.68	-0.581847	0.00501172
499	-0.52	-0.581723	0.00500321
500	-0.6	-0.58176	0.00499332
501	-0.52	-0.581637	0.00498487
502	-0.52	-0.581514	0.00497645
503	-0.52	-0.581392	0.00496805
504	-0.52	-0.58127	0.00495968
505	-0.52	-0.581149	0.00495133
506	-0.68	-0.581344	0.0049454
507	-0.76	-0.581696	0.0049482
508	-0.68	-0.58189	0.00494224
509	-0.68	-0.582083	0.00493628
510	-0.68	-0.582275	0.00493033
511	-0.6	-0.582309	0.0049208
512	-0.68	-0.5825	0.00491488
513	-0.6	-0.582534	0.00490541
514	-0.52	-0.582412	0.00489737
515	-0.44	-0.582136	0.00489567
516	-0.44	-0.58186	0.00489393
517	-0.68	-0.58205	0.00488814
518	-0.68	-0.582239	0.00488236
519	-0.68	-0.582428	0.00487658
520	-0.6	-0.582462	0.00486731
521	-0.68	-0.582649	0.00486157
522	-0.44	-0.582375	0.00485993
523	-0.6	-0.582409	0.00485075
524	-0.68	-0.582595	0.00484506
525	-0.84	-0.583086	0.00486062
526	-0.92	-0.583726	0.00489347
527	-0.68	-0.583909	0.00488759
528	-0.6	-0.583939	0.00487842
529	-0.68	-0.584121	0.00487257
530	-0.68	-0.584302	0.00486673
531	-0.68	-0.584482	0.0048609
532	-0.76	-0.584812	0.00486296
533	-0.76	-0.585141	0.00486494
534	-0.68	-0.585318	0.00485907
535	-0.36	-0.584897	0.00486823
536	-0.52	-0.584776	0.00486065
537	-0.52	-0.584655	0.00485309
538	-0.52	-0.584535	0.00484555
539	-0.68	-0.584712	0.0048398
540	-0.68	-0.584889	0.00483405
541	-0.76	-0.585213	0.00483595
542	-0.68	-0.585387	0.00483018
543	-0.52	-0.585267	0.00482278
544	-0.6	-0.585294	0.00481399
545	-0.52	-0.585174	0.00480664
546	-0.68	-0.585348	0.00480097
547	-0.6	-0.585375	0.00479226
548	-0.36	-0.584964	0.00480115
549	-0.6	-0.584991	0.00479248
550	-0.52	-0.584873	0.00478522
551	-0.44	-0.58461	0.00478376
552	-0.6	-0.584638	0.00477516
553	-0.76	-0.584955	0.00477706
554	-0.52	-0.584838	0.00476987
555	-0.68	-0.585009	0.00476435
556	-0.52	-0.584892	0.00475721
557	-0.6	-0.584919	0.00474874
558	-0.52	-0.584803	0.00474165
559	-0.76	-0.585116	0.00474353
560	-0.76	-0.585429	0.00474533
561	-0.68	-0.585597	0.00473987
562	-0.52	-0.58548	0.00473286
563	-0.44	-0.585222	0.00473151
564	-0.52	-0.585106	0.00472453
565	-0.68	-0.585274	0.00471915
566	-0.6	-0.5853	0.00471088
567	-0.52	-0.585185	0.00470397
568	-0.52	-0.58507	0.00469709
569	-0.52	-0.584956	0.00469022
570	-0.52	-0.584842	0.00468337
571	-0.6	-0.584869	0.00467523
572	-0.52	-0.584755	0.00466843
573	-0.44	-0.584503	0.00466712
574	-0.6	-0.58453	0.00465906
575	-0.52	-0.584417	0.0046523
576	-0.52	-0.584306	0.00464557
577	-0.6	-0.584333	0.00463759
578	-0.6	-0.58436	0.00462964
579	-0.68	-0.584525	0.00462458
580	-0.68	-0.58469	0.00461954
581	-0.68	-0.584854	0.0046145
582	-0.76	-0.585155	0.00461638
583	-0.52	-0.585043	0.00460981
584	-0.52	-0.584932	0.00460326
585	-0.6	-0.584957	0.00459545
586	-0.44	-0.58471	0.00459427
587	-0.6	-0.584736	0.00458651
588	-0.36	-0.584354	0.00459463
589	-0.44	-0.584109	0.00459336
590	-0.68	-0.584271	0.00458845
591	-0.52	-0.584162	0.00458197
592	-0.6	-0.584189	0.0045743
593	-0.68	-0.584351	0.00456944
594	-0.76	-0.584646	0.00457132
595	-0.76	-0.584941	0.00457313
596	-0.84	-0.585369	0.00458547
597	-0.76	-0.585662	0.00458712
598	-0.76	-0.585953	0.00458871
599	-0.76	-0.586244	0.00459025
600	-0.76	-0.586533	0.00459173
601	-0.44	-0.58629	0.00459056
602	-0.68	-0.586445	0.00458558
603	-0.52	-0.586335	0.00457929
604	-0.52	-0.586225	0.00457302
605	-0.52	-0.586116	0.00456677
606	-0.52	-0.586007	0.00456053
607	-0.52	-0.585898	0.00455431
608	-0.44	-0.585658	0.00455314
609	-0.44	-0.585419	0.00455195
610	-0.44	-0.58518	0.00455073
611	-0.6	-0.585205	0.00454334
612	-0.6	-0.585229	0.00453597
613	-0.68	-0.585383	0.0045312
614	-0.6	-0.585407	0.00452388
615	-0.68	-0.585561	0.00451914
616	-0.68	-0.585714	0.0045144
617	-0.44	-0.585478	0.00451326
618	-0.6	-0.585502	0.00450601
619	-0.68	-0.585654	0.00450132
620	-0.6	-0.585677	0.00449411
621	-0.6	-0.5857	0.00448693
622	-0.6	-0.585723	0.00447977
623	-0.68	-0.585875	0.00447513
624	-0.52	-0.585769	0.0044692
625	-0.6	-0.585792	0.0044621
626	-0.68	-0.585942	0.00445751
627	-0.84	-0.586348	0.0044688
628	-0.68	-0.586497	0.00446417
629	-0.68	-0.586645	0.00445955
630	-0.68	-0.586794	0.00445493
631	-0.68	-0.586941	0.00445031
632	-0.52	-0.586835	0.00444453
633	-0.6	-0.586856	0.00443755
634	-0.36	-0.586498	0.00444497
635	-0.52	-0.586394	0.0044392
636	-0.52	-0.586289	0.00443344
637	-0.68	-0.586436	0.00442892
638	-0.92	-0.586959	0.00445278
639	-0.84	-0.587355	0.0044634
640	-0.52	-0.58725	0.00445767
641	-0.52	-0.587145	0.00445194
642	-0.52	-0.58704	0.00444623
643	-0.68	-0.587185	0.00444167
644	-0.6	-0.587205	0.00443481
645	-0.76	-0.587473	0.00443603
646	-0.68	-0.587616	0.00443147
647	-0.68	-0.587759	0.00442692
648	-0.6	-0.587778	0.00442012
649	-0.68	-0.58792	0.00441559
650	-0.6	-0.587938	0.00440883
651	-0.68	-0.58808	0.00440433
652	-0.68	-0.588221	0.00439982
653	-0.76	-0.588484	0.00440095
654	-0.68	-0.588624	0.00439644
655	-0.6	-0.588641	0.00438976
656	-0.52	-0.588537	0.00438431
657	-0.52	-0.588432	0.00437888
658	-0.6	-0.58845	0.00437225
659	-0.52	-0.588346	0.00436685
660	-0.44	-0.588121	0.00436602
661	-0.6	-0.588139	0.00435944
662	-0.6	-0.588157	0.00435289
663	-0.6	-0.588175	0.00434636
664	-0.76	-0.588434	0.00434751
665	-0.6	-0.588451	0.00434101
666	-0.6	-0.588468	0.00433452
667	-0.52	-0.588366	0.00432923
668	-0.52	-0.588263	0.00432396
669	-0.6	-0.588281	0.00431752
670	-0.6	-0.588299	0.00431111
671	-0.52	-0.588197	0.00430588
672	-0.52	-0.588095	0.00430067
673	-0.52	-0.587994	0.00429547
674	-0.36	-0.587656	0.00430241
675	-0.6	-0.587674	0.00429607
676	-0.68	-0.587811	0.00429188
677	-0.36	-0.587474	0.00429873
678	-0.44	-0.587257	0.00429789
679	-0.44	-0.58704	0.00429703
680	-0.6	-0.587059	0.00429075
681	-0.44	-0.586843	0.00428988
682	-0.52	-0.586745	0.00428471
683	-0.52	-0.586647	0.00427955
684	-0.68	-0.586784	0.00427547
685	-0.6	-0.586803	0.00426926
686	-0.52	-0.586706	0.00426415
687	-0.6	-0.586725	0.00425798
688	-0.68	-0.58686	0.00425395
689	-0.52	-0.586763	0.00424888
690	-0.52	-0.586667	0.00424382
691	-0.6	-0.586686	0.00423772
692	-0.52	-0.58659	0.00423269
693	-0.36	-0.586263	0.0042392
694	-0.52	-0.586167	0.00423417
695	-0.6	-0.586187	0.00422812
696	-0.68	-0.586322	0.00422419
697	-0.76	-0.586571	0.00422548
698	-0.6	-0.58659	0.00421946
699	-0.6	-0.586609	0.00421346
700	-0.52	-0.586514	0.00420852
701	-0.68	-0.586648	0.00420462
702	-0.6	-0.586667	0.00419867
703	-0.36	-0.586344	0.00420508
704	-0.52	-0.58625	0.00420016
705	-0.6	-0.58627	0.00419424
706	-0.76	-0.586516	0.00419552
707	-0.44	-0.586308	0.0041947
708	-0.44	-0.586102	0.00419387
709	-0.44	-0.585896	0.00419301
710	-0.36	-0.585577	0.00419918
711	-0.36	-0.58526	0.00420525
712	-0.44	-0.585056	0.00420429
713	-0.28	-0.584628	0.00422014
714	-0.44	-0.584426	0.00421909
715	-0.44	-0.584224	0.00421802
716	-0.6	-0.584246	0.00421218
717	-0.68	-0.584379	0.00420842
718	-0.68	-0.584513	0.00420467
719	-0.68	-0.584645	0.00420092
720	-0.6	-0.584667	0.00419513
721	-0.6	-0.584688	0.00418936
722	-0.44	-0.584488	0.00418835
723	-0.44	-0.584288	0.00418733
724	-0.52	-0.584199	0.00418248
725	-0.52	-0.58411	0.00417765
726	-0.6	-0.584132	0.00417195
727	-0.52	-0.584044	0.00416714
728	-0.44	-0.583846	0.00416611
729	-0.52	-0.583759	0.00416132
730	-0.76	-0.584	0.00416262
731	-0.6	-0.584022	0.00415698
732	-0.68	-0.584153	0.00415337
733	-0.68	-0.584284	0.00414976
734	-0.6	-0.584305	0.00414415
735	-0.6	-0.584327	0.00413857
736	-0.6	-0.584348	0.00413299
737	-0.6	-0.584369	0.00412744
738	-0.52	-0.584282	0.00412276
739	-0.44	-0.584087	0.00412181
740	-0.52	-0.584	0.00411715
741	-0.6	-0.584022	0.00411164
742	-0.44	-0.583827	0.00411068
743	-0.36	-0.583526	0.00411618
744	-0.68	-0.583656	0.00411269
745	-0.52	-0.58357	0.00410806
746	-0.44	-0.583378	0.00410706
747	-0.44	-0.583186	0.00410604
748	-0.76	-0.583422	0.00410736
749	-0.68	-0.583551	0.0041039
750	-0.68	-0.58368	0.00410044
751	-0.68	-0.583808	0.00409698
752	-0.68	-0.583936	0.00409353
753	-0.68	-0.584064	0.00409008
754	-0.76	-0.584297	0.00409131
755	-0.68	-0.584424	0.00408786
756	-0.6	-0.584444	0.0040825
757	-0.68	-0.584571	0.00407905
758	-0.68	-0.584697	0.00407561
759	-0.68	-0.584822	0.00407218
760	-0.6	-0.584842	0.00406686
761	-0.6	-0.584862	0.00406157
762	-0.6	-0.584882	0.00405628
763	-0.68	-0.585007	0.00405288
764	-0.6	-0.585026	0.00404762
765	-0.52	-0.584941	0.00404322
766	-0.52	-0.584856	0.00403883
767	-0.6	-0.584876	0.0040336
768	-0.68	-0.585	0.00403025
769	-0.68	-0.585124	0.0040269
770	-0.68	-0.585247	0.00402356
771	-0.52	-0.585162	0.00401923
772	-0.6	-0.585181	0.00401406
773	-0.52	-0.585097	0.00400975
774	-0.52	-0.585013	0.00400545
775	-0.6	-0.585032	0.00400033
776	-0.36	-0.584742	0.00400568
777	-0.44	-0.584556	0.00400486
778	-0.52	-0.584473	0.00400057
779	-0.6	-0.584493	0.00399548
780	-0.6	-0.584513	0.0039904
781	-0.6	-0.584533	0.00398534
782	-0.52	-0.58445	0.00398109
783	-0.52	-0.584368	0.00397686
784	-0.68	-0.58449	0.00397365
785	-0.68	-0.584611	0.00397045
786	-0.76	-0.584835	0.00397167
787	-0.76	-0.585057	0.00397286
788	-0.68	-0.585178	0.00396965
789	-0.6	-0.585196	0.00396466
790	-0.52	-0.585114	0.00396049
791	-0.6	-0.585133	0.00395553
792	-0.76	-0.585354	0.0039567
793	-0.6	-0.585372	0.00395175
794	-0.6	-0.58539	0.00394681
795	-0.68	-0.585509	0.00394364
796	-0.84	-0.585829	0.00395164
797	-0.76	-0.586048	0.00395272
798	-0.76	-0.586266	0.00395378
799	-0.68	-0.586383	0.00395057
800	-0.76	-0.5866	0.00395159
801	-0.68	-0.586717	0.00394838
802	-0.76	-0.586933	0.00394936
803	-0.6	-0.586949	0.00394448
804	-0.76	-0.587164	0.00394544
805	-0.68	-0.58728	0.00394223
806	-0.68	-0.587395	0.00393901
807	-0.52	-0.587311	0.00393501
808	-0.44	-0.587129	0.00393437
809	-0.6	-0.587145	0.00392953
810	-0.6	-0.58716	0.00392471
811	-0.6	-0.587176	0.0039199
812	-0.6	-0.587192	0.0039151
813	-0.52	-0.587109	0.00391116
814	-0.6	-0.587125	0.00390638
815	-0.6	-0.587141	0.00390162
816	-0.6	-0.587157	0.00389687
817	-0.36	-0.586879	0.00390201
818	-0.52	-0.586797	0.0038981
819	-0.44	-0.586618	0.00389746
820	-0.6	-0.586634	0.00389273
821	-0.52	-0.586553	0.00388884
822	-0.52	-0.586472	0.00388495
823	-0.44	-0.586294	0.0038843
824	-0.68	-0.586408	0.00388125
825	-0.6	-0.586424	0.00387658
826	-0.6	-0.586441	0.00387192
827	-0.6	-0.586457	0.00386727
828	-0.52	-0.586377	0.00386343
829	-0.52	-0.586297	0.0038596
830	-0.52	-0.586217	0.00385577
831	-0.44	-0.586041	0.00385515
832	-0.68	-0.586154	0.00385217
833	-0.6	-0.58617	0.00384757
834	-0.68	-0.586283	0.0038446
835	-0.68	-0.586395	0.00384164
836	-0.76	-0.586603	0.00384265
837	-0.76	-0.58681	0.00384365
838	-0.76	-0.587017	0.00384462
839	-0.68	-0.587128	0.00384163
840	-0.6	-0.587143	0.00383709
841	-0.52	-0.587063	0.00383335
842	-0.52	-0.586983	0.00382963
843	-0.6	-0.586999	0.00382511
844	-0.68	-0.587109	0.00382216
845	-0.76	-0.587314	0.00382312
846	-0.76	-0.587518	0.00382405
847	-0.68	-0.587627	0.00382109
848	-0.6	-0.587642	0.00381661
849	-0.52	-0.587562	0.00381294
850	-0.44	-0.587388	0.00381241
851	-0.44	-0.587215	0.00381186
852	-0.44	-0.587042	0.00381131
853	-0.52	-0.586964	0.00380765
854	-0.44	-0.586792	0.00380708
855	-0.52	-0.586713	0.00380342
856	-0.52	-0.586636	0.00379978
857	-0.52	-0.586558	0.00379614
858	-0.52	-0.58648	0.0037925
859	-0.52	-0.586403	0.00378888
860	-0.52	-0.586326	0.00378526
861	-0.2	-0.585877	0.00380739
862	-0.44	-0.585708	0.00380673
863	-0.44	-0.585539	0.00380607
864	-0.6	-0.585556	0.00380169
865	-0.6	-0.585572	0.00379733
866	-0.6	-0.585589	0.00379298
867	-0.68	-0.585698	0.00379017
868	-0.76	-0.585899	0.00379112
869	-0.6	-0.585915	0.00378679
870	-0.52	-0.585839	0.0037832
871	-0.6	-0.585855	0.00377889
872	-0.6	-0.585872	0.00377458
873	-0.52	-0.585796	0.00377101
874	-0.68	-0.585904	0.00376824
875	-0.52	-0.585829	0.00376468
876	-0.36	-0.585571	0.00376921
877	-0.6	-0.585587	0.00376494
878	-0.6	-0.585604	0.00376069
879	-0.68	-0.585711	0.00375794
880	-0.52	-0.585636	0.00375441
881	-0.68	-0.585743	0.00375168
882	-0.6	-0.58576	0.00374746
883	-0.36	-0.585504	0.00375193
884	-0.52	-0.58543	0.00374842
885	-0.52	-0.585356	0.00374491
886	-0.6	-0.585372	0.00374072
887	-0.6	-0.585389	0.00373653
888	-0.76	-0.585586	0.0037375
889	-0.68	-0.585692	0.0037348
890	-0.84	-0.585978	0.00374153
891	-0.92	-0.586352	0.00375609
892	-0.68	-0.586457	0.00375334
893	-0.52	-0.586383	0.00374987
894	-0.76	-0.586577	0.00375071
895	-0.68	-0.586682	0.00374797
896	-0.76	-0.586875	0.00374878
897	-0.6	-0.58689	0.00374462
898	-0.68	-0.586993	0.00374189
899	-0.68	-0.587097	0.00373916
900	-0.68	-0.5872	0.00373643
901	-0.68	-0.587303	0.0037337
902	-0.6	-0.587317	0.00372958
903	-0.76	-0.587508	0.00373035
904	-0.84	-0.587788	0.00373668
905	-0.68	-0.58789	0.00373394
906	-0.6	-0.587903	0.00372984
907	-0.68	-0.588004	0.00372711
908	-0.68	-0.588106	0.00372438
909	-0.6	-0.588119	0.0037203
910	-0.6	-0.588132	0.00371623
911	-0.68	-0.588233	0.00371352
912	-0.68	-0.588333	0.00371081
913	-0.6	-0.588346	0.00370677
914	-0.76	-0.588534	0.00370747
915	-0.68	-0.588634	0.00370477
916	-0.76	-0.588821	0.00370544
917	-0.68	-0.58892	0.00370274
918	-0.52	-0.588845	0.00369946
919	-0.52	-0.58877	0.00369619
920	-0.36	-0.588522	0.00370054
921	-0.6	-0.588534	0.00369654
922	-0.6	-0.588547	0.00369255
923	-0.44	-0.588386	0.00369206
924	-0.44	-0.588225	0.00369155
925	-0.6	-0.588238	0.00368758
926	-0.44	-0.588078	0.00368707
927	-0.44	-0.587918	0.00368656
928	-0.36	-0.587672	0.00369076
929	-0.6	-0.587686	0.00368681
930	-0.52	-0.587613	0.00368356
931	-0.52	-0.58754	0.00368032
932	-0.84	-0.587811	0.00368634
933	-0.84	-0.588081	0.00369229
934	-0.68	-0.58818	0.00368965
935	-0.68	-0.588278	0.00368701
936	-0.68	-0.588376	0.00368437
937	-0.44	-0.588218	0.00368384
938	-0.44	-0.58806	0.0036833
939	-0.52	-0.587987	0.00368009
940	-0.6	-0.588	0.0036762
941	-0.36	-0.587758	0.00368027
942	-0.68	-0.587856	0.00367767
943	-0.6	-0.587869	0.00367379
944	-0.6	-0.587881	0.00366992
945	-0.6	-0.587894	0.00366605
946	-0.6	-0.587907	0.0036622
947	-0.68	-0.588004	0.00365962
948	-0.6	-0.588017	0.00365578
949	-0.44	-0.587861	0.00365526
950	-0.52	-0.587789	0.00365211
951	-0.76	-0.587971	0.00365275
952	-0.76	-0.588151	0.00365339
953	-0.76	-0.588332	0.003654
954	-0.6	-0.588344	0.00365019
955	-0.68	-0.58844	0.00364763
956	-0.6	-0.588452	0.00364383
957	-0.68	-0.588548	0.00364128
958	-0.6	-0.588559	0.0036375
959	-0.6	-0.588571	0.00363372
960	-0.44	-0.588417	0.00363323
961	-0.6	-0.588429	0.00362947
962	-0.6	-0.588441	0.00362571
963	-0.44	-0.588287	0.00362523
964	-0.52	-0.588216	0.00362216
965	-0.36	-0.587979	0.00362612
966	-0.52	-0.587909	0.00362305
967	-0.52	-0.587839	0.00361998
968	-0.68	-0.587934	0.00361749
969	-0.6	-0.587946	0.00361378
970	-0.6	-0.587959	0.00361007
971	-0.52	-0.587889	0.00360703
972	-0.44	-0.587737	0.00360653
973	-0.44	-0.587585	0.00360602
974	-0.68	-0.58768	0.00360357
975	-0.68	-0.587774	0.00360111
976	-0.52	-0.587705	0.00359809
977	-0.6	-0.587718	0.00359443
978	-0.68	-0.587812	0.00359199
979	-0.44	-0.587661	0.00359149
980	-0.52	-0.587592	0.00358849
981	-0.6	-0.587604	0.00358485
982	-0.52	-0.587536	0.00358186
983	-0.44	-0.587386	0.00358136
984	-0.44	-0.587236	0.00358086
985	-0.52	-0.587168	0.00357787
986	-0.52	-0.587099	0.00357489
987	-0.52	-0.587031	0.00357191
988	-0.44	-0.586883	0.0035714
989	-0.44	-0.586734	0.00357087
990	-0.28	-0.586424	0.0035807
991	-0.36	-0.586196	0.00358437
992	-0.52	-0.586129	0.00358138
993	-0.68	-0.586224	0.00357902
994	-0.52	-0.586157	0.00357604
995	-0.76	-0.586332	0.00357671
996	-0.68	-0.586426	0.00357435
997	-0.68	-0.58652	0.003572
998	-0.68	-0.586613	0.00356965
999	-0.68	-0.586707	0.0035673
1000	-0.68	-0.5868	0.00356495
1001	-0.68	-0.586893	0.0035626
1002	-0.52	-0.586826	0.00355967
1003	-0.52	-0.58676	0.00355675
1004	-0.6	-0.586773	0.00355323
1005	-0.68	-0.586866	0.0035509
1006	-0.44	-0.58672	0.00355037
1007	-0.44	-0.586574	0.00354984
1008	-0.6	-0.586587	0.00354634
1009	-0.52	-0.586521	0.00354344
1010	-0.68	-0.586614	0.00354114
1011	-0.68	-0.586706	0.00353884
1012	-0.6	-0.586719	0.00353536
1013	-0.52	-0.586654	0.00353248
1014	-0.6	-0.586667	0.00352902
1015	-0.52	-0.586601	0.00352616
1016	-0.44	-0.586457	0.00352564
1017	-0.52	-0.586391	0.00352278
1018	-0.44	-0.586248	0.00352225
1019	-0.52	-0.586183	0.00351939
1020	-0.6	-0.586196	0.00351597
1021	-0.44	-0.586053	0.00351544
1022	-0.28	-0.585753	0.00352474
1023	-0.44	-0.585611	0.00352418
1024	-0.44	-0.585469	0.0035236
1025	-0.36	-0.585249	0.00352703
1026	-0.2	-0.584873	0.00354354
1027	-0.28	-0.584576	0.00355251
1028	-0.44	-0.584436	0.00355184
1029	-0.44	-0.584295	0.00355116
1030	-0.44	-0.584155	0.00355048
1031	-0.44	-0.584016	0.00354979
1032	-0.6	-0.584031	0.00354638
1033	-0.6	-0.584046	0.00354298
1034	-0.76	-0.584217	0.00354364
1035	-0.68	-0.584309	0.00354142
1036	-0.76	-0.584479	0.00354207
1037	-0.52	-0.584417	0.00353919
1038	-0.68	-0.584509	0.00353698
1039	-0.52	-0.584447	0.00353412
1040	-0.52	-0.584385	0.00353127
1041	-0.44	-0.584246	0.0035306
1042	-0.68	-0.584338	0.0035284
1043	-0.6	-0.584353	0.00352505
1044	-0.6	-0.584368	0.00352171
1045	-0.6	-0.584383	0.00351837
1046	-0.44	-0.584245	0.00351771
1047	-0.44	-0.584107	0.00351705
1048	-0.52	-0.584046	0.00351422
1049	-0.6	-0.584061	0.0035109
1050	-0.52	-0.584	0.00350809
1051	-0.52	-0.583939	0.00350528
1052	-0.6	-0.583954	0.00350198
1053	-0.6	-0.58397	0.00349868
1054	-0.6	-0.583985	0.0034954
1055	-0.36	-0.583773	0.00349853
1056	-0.44	-0.583636	0.00349787
1057	-0.52	-0.583576	0.00349507
1058	-0.52	-0.583516	0.00349228
1059	-0.52	-0.583456	0.0034895
1060	-0.52	-0.583396	0.00348672
1061	-0.6	-0.583412	0.00348347
1062	-0.6	-0.583427	0.00348022
1063	-0.52	-0.583368	0.00347746
1064	-0.52	-0.583308	0.0034747
1065	-0.52	-0.583249	0.00347194
1066	-0.68	-0.58334	0.00346987
1067	-0.68	-0.58343	0.0034678
1068	-0.52	-0.583371	0.00346506
1069	-0.68	-0.583461	0.003463
1070	-0.36	-0.583252	0.00346606
1071	-0.52	-0.583193	0.00346333
1072	-0.52	-0.583134	0.0034606
1073	-0.6	-0.58315	0.0034574
1074	-0.6	-0.583166	0.00345422
1075	-0.52	-0.583107	0.0034515
1076	-0.44	-0.582974	0.00345086
1077	-0.6	-0.58299	0.00344769
1078	-0.68	-0.58308	0.00344567
1079	-0.6	-0.583095	0.00344251
1080	-0.52	-0.583037	0.00343981
1081	-0.52	-0.582979	0.00343713
1082	-0.44	-0.582847	0.00343649
1083	-0.44	-0.582715	0.00343585
1084	-0.28	-0.582435	0.00344402
1085	-0.44	-0.582304	0.00344334
1086	-0.6	-0.58232	0.00344021
1087	-0.52	-0.582263	0.00343752
1088	-0.52	-0.582206	0.00343484
1089	-0.6	-0.582222	0.00343172
1090	-0.68	-0.582312	0.00342974
1091	-0.76	-0.582475	0.00343047
1092	-0.68	-0.582564	0.00342849
1093	-0.44	-0.582434	0.00342783
1094	-0.76	-0.582596	0.00342854
1095	-0.76	-0.582758	0.00342924
1096	-0.76	-0.58292	0.00342992
1097	-0.84	-0.583154	0.0034348
1098	-0.68	-0.583242	0.0034328
1099	-0.68	-0.58333	0.00343081
1100	-0.44	-0.5832	0.00343016
1101	-0.44	-0.58307	0.00342951
1102	-0.44	-0.58294	0.00342886
1103	-0.44	-0.582811	0.0034282
1104	-0.68	-0.582899	0.00342622
1105	-0.68	-0.582986	0.00342425
1106	-0.6	-0.583002	0.00342119
1107	-0.68	-0.583089	0.00341922
1108	-0.52	-0.583032	0.0034166
1109	-0.6	-0.583048	0.00341356
1110	-0.68	-0.583135	0.0034116
1111	-0.68	-0.583222	0.00340964
1112	-0.68	-0.583309	0.00340768
1113	-0.68	-0.583396	0.00340573
1114	-0.6	-0.583411	0.0034027
1115	-0.76	-0.58357	0.00340334
1116	-0.6	-0.583584	0.00340032
1117	-0.68	-0.583671	0.00339837
1118	-0.6	-0.583685	0.00339536
1119	-0.76	-0.583843	0.00339598
1120	-0.68	-0.583929	0.00339403
1121	-0.6	-0.583943	0.00339103
1122	-0.68	-0.584029	0.00338909
1123	-0.68	-0.584114	0.00338715
1124	-0.76	-0.58427	0.00338775
1125	-0.76	-0.584427	0.00338834
1126	-0.68	-0.584512	0.0033864
1127	-0.68	-0.584596	0.00338445
1128	-0.84	-0.584823	0.00338902
1129	-0.84	-0.585049	0.00339355
1130	-0.68	-0.585133	0.00339159
1131	-0.76	-0.585287	0.00339212
1132	-0.68	-0.585371	0.00339015
1133	-0.52	-0.585313	0.00338765
1134	-0.68	-0.585397	0.00338569
1135	-0.6	-0.58541	0.00338273
1136	-0.52	-0.585352	0.00338024
1137	-0.52	-0.585295	0.00337776
1138	-0.6	-0.585308	0.00337481
1139	-0.76	-0.585461	0.00337533
1140	-0.68	-0.585544	0.00337339
1141	-0.6	-0.585557	0.00337046
1142	-0.6	-0.585569	0.00336753
1143	-0.6	-0.585582	0.0033646
1144	-0.76	-0.585734	0.00336512
1145	-0.68	-0.585817	0.00336318
1146	-0.68	-0.585899	0.00336125
1147	-0.44	-0.585772	0.00336073
1148	-0.36	-0.585575	0.00336355
1149	-0.28	-0.585309	0.00337113
1150	-0.28	-0.585043	0.00337865
1151	-0.36	-0.584848	0.00338137
1152	-0.52	-0.584792	0.0033789
1153	-0.52	-0.584735	0.00337644
1154	-0.52	-0.584679	0.00337398
1155	-0.44	-0.584554	0.00337338
1156	-0.6	-0.584567	0.00337049
1157	-0.6	-0.584581	0.0033676
1158	-0.6	-0.584594	0.00336472
1159	-0.6	-0.584607	0.00336184
1160	-0.68	-0.58469	0.00335994
1161	-0.52	-0.584634	0.00335751
1162	-0.44	-0.584509	0.00335693
1163	-0.6	-0.584523	0.00335407
1164	-0.44	-0.584399	0.00335348
1165	-0.44	-0.584275	0.0033529
1166	-0.6	-0.584288	0.00335005
1167	-0.76	-0.584439	0.00335056
1168	-0.52	-0.584384	0.00334814
1169	-0.44	-0.58426	0.00334756
1170	-0.44	-0.584137	0.00334697
1171	-0.44	-0.584014	0.00334637
1172	-0.52	-0.583959	0.00334396
1173	-0.52	-0.583905	0.00334156
1174	-0.68	-0.583986	0.00333971
1175	-0.6	-0.584	0.0033369
1176	-0.6	-0.584014	0.00333408
1177	-0.52	-0.583959	0.00333169
1178	-0.52	-0.583905	0.00332931
1179	-0.52	-0.583851	0.00332692
1180	-0.68	-0.583932	0.0033251
1181	-0.6	-0.583946	0.00332231
1182	-0.44	-0.583824	0.00332173
1183	-0.52	-0.58377	0.00331936
1184	-0.68	-0.583851	0.00331756
1185	-0.76	-0.584	0.00331809
1186	-0.76	-0.584148	0.00331861
1187	-0.68	-0.584229	0.00331679
1188	-0.6	-0.584242	0.00331403
1189	-0.52	-0.584188	0.00331168
1190	-0.68	-0.584269	0.00330987
1191	-0.68	-0.584349	0.00330807
1192	-0.68	-0.58443	0.00330627
1193	-0.68	-0.58451	0.00330447
1194	-0.52	-0.584456	0.00330214
1195	-0.68	-0.584536	0.00330034
1196	-0.68	-0.584615	0.00329855
1197	-0.6	-0.584628	0.00329582
1198	-0.84	-0.584841	0.00329996
1199	-0.68	-0.584921	0.00329816
1200	-0.76	-0.585067	0.00329864
1201	-0.76	-0.585212	0.00329911
1202	-0.52	-0.585158	0.00329681
1203	-0.6	-0.58517	0.00329409
1204	-0.6	-0.585183	0.00329137
1205	-0.52	-0.585129	0.00328909
1206	-0.36	-0.584942	0.00329166
1207	-0.6	-0.584954	0.00328895
1208	-0.44	-0.584834	0.00328842
1209	-0.6	-0.584847	0.00328572
1210	-0.76	-0.584992	0.00328619
1211	-0.6	-0.585004	0.0032835
1212	-0.36	-0.584818	0.00328604
1213	-0.52	-0.584765	0.00328377
1214	-0.44	-0.584646	0.00328323
1215	-0.52	-0.584593	0.00328095
1216	-0.6	-0.584605	0.00327828
1217	-0.44	-0.584486	0.00327774
1218	-0.6	-0.584499	0.00327507
1219	-0.52	-0.584446	0.00327281
1220	-0.52	-0.584393	0.00327055
1221	-0.52	-0.584341	0.0032683
1222	-0.76	-0.584484	0.00326879
1223	-0.68	-0.584563	0.00326705
1224	-0.6	-0.584575	0.0032644
1225	-0.68	-0.584653	0.00326266
1226	-0.68	-0.584731	0.00326093
1227	-0.76	-0.584874	0.0032614
1228	-0.76	-0.585016	0.00326186
1229	-0.68	-0.585094	0.00326012
1230	-0.68	-0.585171	0.00325839
1231	-0.6	-0.585183	0.00325576
1232	-0.6	-0.585195	0.00325314
1233	-0.52	-0.585142	0.00325093
1234	-0.6	-0.585154	0.00324832
1235	-0.6	-0.585166	0.00324571
1236	-0.68	-0.585243	0.00324399
1237	-0.6	-0.585255	0.00324139
1238	-0.52	-0.585202	0.00323919
1239	-0.76	-0.585343	0.00323965
1240	-0.76	-0.585484	0.0032401
1241	-0.76	-0.585624	0.00324054
1242	-0.76	-0.585765	0.00324098
1243	-0.84	-0.585969	0.00324482
1244	-0.52	-0.585916	0.00324264
1245	-0.6	-0.585928	0.00324006
1246	-0.44	-0.585811	0.00323957
1247	-0.52	-0.585758	0.00323741
1248	-0.44	-0.585641	0.00323692
1249	-0.52	-0.585588	0.00323475
1250	-0.52	-0.585536	0.00323259
1251	-0.6	-0.585548	0.00323002
1252	-0.44	-0.585431	0.00322954
1253	-0.52	-0.585379	0.00322738
1254	-0.44	-0.585263	0.00322689
1255	-0.52	-0.585211	0.00322474
1256	-0.6	-0.585223	0.00322219
1257	-0.52	-0.585171	0.00322004
1258	-0.6	-0.585183	0.0032175
1259	-0.44	-0.585068	0.00321702
1260	-0.36	-0.584889	0.00321942
1261	-0.36	-0.584711	0.00322181
1262	-0.44	-0.584596	0.00322129
1263	-0.44	-0.584481	0.00322078
1264	-0.52	-0.58443	0.00321863
1265	-0.44	-0.584316	0.00321811
1266	-0.44	-0.584202	0.00321759
1267	-0.44	-0.584088	0.00321706
1268	-0.52	-0.584038	0.00321492
1269	-0.6	-0.58405	0.00321241
1270	-0.6	-0.584063	0.00320991
1271	-0.52	-0.584013	0.00320778
1272	-0.68	-0.584088	0.00320614
1273	-0.44	-0.583975	0.00320562
1274	-0.6	-0.583987	0.00320313
1275	-0.52	-0.583937	0.00320101
1276	-0.52	-0.583887	0.00319889
1277	-0.52	-0.583837	0.00319678
1278	-0.52	-0.583787	0.00319467
1279	-0.6	-0.5838	0.00319219
1280	-0.6	-0.583813	0.00318972
1281	-0.44	-0.5837	0.00318921
1282	-0.44	-0.583588	0.00318869
1283	-0.44	-0.583476	0.00318817
1284	-0.6	-0.583489	0.00318571
1285	-0.6	-0.583502	0.00318326
1286	-0.52	-0.583453	0.00318116
1287	-0.6	-0.583465	0.00317872
1288	-0.36	-0.583292	0.00318098
1289	-0.68	-0.583367	0.0031794
1290	-0.68	-0.583442	0.00317782
1291	-0.52	-0.583393	0.00317573
1292	-0.76	-0.583529	0.00317622
1293	-0.68	-0.583604	0.00317464
1294	-0.6	-0.583617	0.00317221
1295	-0.52	-0.583568	0.00317014
1296	-0.52	-0.583519	0.00316807
1297	-0.6	-0.583531	0.00316565
1298	-0.52	-0.583482	0.00316359
1299	-0.52	-0.583433	0.00316153
1300	-0.6	-0.583446	0.00315913
1301	-0.6	-0.583459	0.00315672
1302	-0.52	-0.58341	0.00315467
1303	-0.76	-0.583546	0.00315516
1304	-0.68	-0.58362	0.00315361
1305	-0.76	-0.583755	0.00315409
1306	-0.68	-0.583828	0.00315254
1307	-0.52	-0.58378	0.0031505
1308	-0.68	-0.583853	0.00314895
1309	-0.68	-0.583927	0.0031474
1310	-0.76	-0.584061	0.00314787
1311	-0.68	-0.584134	0.00314632
1312	-0.68	-0.584207	0.00314477
1313	-0.68	-0.58428	0.00314322
1314	-0.6	-0.584292	0.00314085
1315	-0.52	-0.584243	0.00313884
1316	-0.6	-0.584255	0.00313648
1317	-0.6	-0.584267	0.00313412
1318	-0.52	-0.584219	0.00313212
1319	-0.68	-0.584291	0.00313059
1320	-0.68	-0.584364	0.00312905
1321	-0.76	-0.584497	0.00312951
1322	-0.6	-0.584508	0.00312716
1323	-0.6	-0.58452	0.00312482
1324	-0.6	-0.584532	0.00312248
1325	-0.6	-0.584543	0.00312015
1326	-0.52	-0.584495	0.00311817
1327	-0.52	-0.584446	0.0031162
1328	-0.6	-0.584458	0.00311387
1329	-0.68	-0.58453	0.00311236
1330	-0.6	-0.584541	0.00311004
1331	-0.52	-0.584493	0.00310808
1332	-0.76	-0.584625	0.00310854
1333	-0.6	-0.584636	0.00310623
1334	-0.52	-0.584588	0.00310428
1335	-0.44	-0.584479	0.00310384
1336	-0.44	-0.584371	0.0031034
1337	-0.6	-0.584383	0.0031011
1338	-0.6	-0.584395	0.00309881
1339	-0.6	-0.584406	0.00309651
1340	-0.52	-0.584358	0.00309458
1341	-0.44	-0.584251	0.00309414
1342	-0.36	-0.584083	0.00309635
1343	-0.36	-0.583917	0.00309854
1344	-0.36	-0.58375	0.00310071
1345	-0.52	-0.583703	0.00309876
1346	-0.52	-0.583655	0.00309682
1347	-0.68	-0.583727	0.00309535
1348	-0.6	-0.583739	0.00309308
1349	-0.6	-0.583751	0.00309081
1350	-0.6	-0.583763	0.00308854
1351	-0.6	-0.583775	0.00308628
1352	-0.52	-0.583728	0.00308435
1353	-0.68	-0.583799	0.00308289
1354	-0.76	-0.583929	0.00308336
1355	-0.68	-0.584	0.0030819
1356	-0.76	-0.58413	0.00308236
1357	-0.6	-0.584141	0.00308011
1358	-0.52	-0.584094	0.00307821
1359	-0.68	-0.584165	0.00307675
1360	-0.68	-0.584235	0.00307529
1361	-0.44	-0.584129	0.00307486
1362	-0.52	-0.584082	0.00307296
1363	-0.52	-0.584035	0.00307107
1364	-0.6	-0.584047	0.00306884
1365	-0.44	-0.583941	0.0030684
1366	-0.44	-0.583836	0.00306797
1367	-0.36	-0.583672	0.00307009
1368	-0.52	-0.583626	0.0030682
1369	-0.52	-0.583579	0.00306631
1370	-0.52	-0.583533	0.00306442
1371	-0.44	-0.583428	0.00306397
1372	-0.44	-0.583324	0.00306352
1373	-0.76	-0.583452	0.003064
1374	-0.52	-0.583406	0.00306211
1375	-0.52	-0.58336	0.00306023
1376	-0.68	-0.58343	0.00305881
1377	-0.6	-0.583442	0.00305662
1378	-0.6	-0.583454	0.00305442
1379	-0.36	-0.583292	0.0030565
1380	-0.6	-0.583304	0.00305431
1381	-0.52	-0.583259	0.00305244
1382	-0.6	-0.583271	0.00305026
1383	-0.76	-0.583398	0.00305073
1384	-0.68	-0.583468	0.00304932
1385	-0.36	-0.583307	0.00305139
1386	-0.44	-0.583203	0.00305094
1387	-0.52	-0.583158	0.00304908
1388	-0.44	-0.583055	0.00304863
1389	-0.44	-0.582952	0.00304817
1390	-0.6	-0.582964	0.003046
1391	-0.44	-0.582861	0.00304555
1392	-0.36	-0.582701	0.00304757
1393	-0.52	-0.582656	0.00304571
1394	-0.44	-0.582554	0.00304525
1395	-0.52	-0.582509	0.00304339
1396	-0.52	-0.582464	0.00304154
1397	-0.52	-0.582419	0.00303969
1398	-0.44	-0.582318	0.00303922
1399	-0.76	-0.582445	0.00303971
1400	-0.76	-0.582571	0.00304018
1401	-0.84	-0.582755	0.00304356
1402	-0.6	-0.582767	0.00304141
1403	-0.68	-0.582837	0.00304004
1404	-0.68	-0.582906	0.00303866
1405	-0.52	-0.582861	0.00303682
1406	-0.44	-0.58276	0.00303636
1407	-0.6	-0.582772	0.00303423
1408	-0.6	-0.582784	0.0030321
1409	-0.44	-0.582683	0.00303164
1410	-0.6	-0.582695	0.00302951
1411	-0.68	-0.582764	0.00302815
1412	-0.6	-0.582776	0.00302603
1413	-0.52	-0.582732	0.00302422
1414	-0.36	-0.582574	0.00302618
1415	-0.44	-0.582473	0.00302572
1416	-0.36	-0.582316	0.00302766
1417	-0.44	-0.582216	0.00302719
1418	-0.6	-0.582228	0.00302508
1419	-0.6	-0.582241	0.00302297
1420	-0.52	-0.582197	0.00302116
1421	-0.6	-0.58221	0.00301906
1422	-0.6	-0.582222	0.00301696
1423	-0.44	-0.582122	0.0030165
1424	-0.52	-0.582079	0.00301469
1425	-0.68	-0.582147	0.00301336
1426	-0.68	-0.582216	0.00301203
1427	-0.6	-0.582228	0.00300994
1428	-0.36	-0.582073	0.00301186
1429	-0.28	-0.581861	0.00301716
1430	-0.28	-0.58165	0.00302243
1431	-0.6	-0.581663	0.00302035
1432	-0.52	-0.58162	0.00301854
1433	-0.6	-0.581633	0.00301646
1434	-0.68	-0.581702	0.00301514
1435	-0.68	-0.58177	0.00301382
1436	-0.68	-0.581838	0.00301249
1437	-0.68	-0.581907	0.00301117
1438	-0.44	-0.581808	0.0030107
1439	-0.44	-0.58171	0.00301022
1440	-0.52	-0.581667	0.00300843
1441	-0.6	-0.581679	0.00300637
1442	-0.28	-0.58147	0.00301156
1443	-0.44	-0.581372	0.00301107
1444	-0.44	-0.581274	0.00301057
1445	-0.36	-0.581121	0.00301238
1446	-0.52	-0.581079	0.0030106
1447	-0.6	-0.581092	0.00300854
1448	-0.68	-0.58116	0.00300724
1449	-0.68	-0.581228	0.00300594
1450	-0.6	-0.581241	0.00300389
1451	-0.68	-0.581309	0.00300259
1452	-0.6	-0.581322	0.00300055
1453	-0.68	-0.58139	0.00299926
1454	-0.76	-0.581513	0.00299971
1455	-0.6	-0.581526	0.00299767
1456	-0.68	-0.581593	0.00299638
1457	-0.68	-0.581661	0.00299508
1458	-0.52	-0.581619	0.00299333
1459	-0.44	-0.581522	0.00299285
1460	-0.44	-0.581425	0.00299237
1461	-0.6	-0.581437	0.00299035
1462	-0.44	-0.581341	0.00298987
1463	-0.6	-0.581353	0.00298785
1464	-0.28	-0.581148	0.00299289
1465	-0.52	-0.581106	0.00299114
1466	-0.44	-0.58101	0.00299065
1467	-0.68	-0.581077	0.00298937
1468	-0.44	-0.580981	0.00298888
1469	-0.28	-0.580776	0.00299386
1470	-0.44	-0.58068	0.00299336
1471	-0.6	-0.580693	0.00299135
1472	-0.52	-0.580652	0.0029896
1473	-0.52	-0.580611	0.00298786
1474	-0.44	-0.580516	0.00298735
1475	-0.6	-0.580529	0.00298536
1476	-0.68	-0.580596	0.00298409
1477	-0.52	-0.580555	0.00298236
1478	-0.6	-0.580568	0.00298037
1479	-0.68	-0.580636	0.00297911
1480	-0.36	-0.580486	0.00298083
1481	-0.44	-0.580392	0.00298032
1482	-0.44	-0.580297	0.00297982
1483	-0.52	-0.580256	0.00297808
1484	-0.52	-0.580216	0.00297635
1485	-0.52	-0.580175	0.00297462
1486	-0.52	-0.580135	0.0029729
1487	-0.44	-0.58004	0.00297239
1488	-0.36	-0.579892	0.00297407
1489	-0.44	-0.579799	0.00297356
1490	-0.6	-0.579812	0.00297159
1491	-0.68	-0.579879	0.00297036
1492	-0.68	-0.579946	0.00296913
1493	-0.52	-0.579906	0.00296741
1494	-0.44	-0.579813	0.0029669
1495	-0.6	-0.579826	0.00296495
1496	-0.6	-0.57984	0.00296299
1497	-0.52	-0.5798	0.00296128
1498	-0.52	-0.57976	0.00295958
1499	-0.52	-0.57972	0.00295787
1500	-0.6	-0.579733	0.00295593
1501	-0.6	-0.579747	0.00295399
1502	-0.6	-0.57976	0.00295205
1503	-0.52	-0.579721	0.00295036
1504	-0.68	-0.579787	0.00294915
1505	-0.6	-0.579801	0.00294722
1506	-0.6	-0.579814	0.00294529
1507	-0.68	-0.579881	0.00294409
1508	-0.6	-0.579894	0.00294216
1509	-0.44	-0.579801	0.00294167
1510	-0.52	-0.579762	0.00293999
1511	-0.36	-0.579616	0.00294164
1512	-0.68	-0.579683	0.00294045
1513	-0.68	-0.579749	0.00293925
1514	-0.6	-0.579762	0.00293734
1515	-0.6	-0.579776	0.00293543
1516	-0.6	-0.579789	0.00293352
1517	-0.52	-0.57975	0.00293185
1518	-0.36	-0.579605	0.0029335
1519	-0.6	-0.579618	0.00293159
1520	-0.44	-0.579526	0.00293111
1521	-0.76	-0.579645	0.00293158
1522	-0.44	-0.579553	0.00293109
1523	-0.6	-0.579567	0.00292919
1524	-0.68	-0.579633	0.00292801
1525	-0.76	-0.579751	0.00292848
1526	-0.76	-0.579869	0.00292895
1527	-0.6	-0.579882	0.00292706
1528	-0.68	-0.579948	0.00292587
1529	-0.52	-0.579908	0.00292422
1530	-0.68	-0.579974	0.00292304
1531	-0.84	-0.580144	0.00292607
1532	-0.84	-0.580313	0.00292907
1533	-0.76	-0.580431	0.00292951
1534	-0.68	-0.580495	0.00292831
1535	-0.84	-0.580664	0.00293129
1536	-0.68	-0.580729	0.00293009
1537	-0.68	-0.580794	0.0029289
1538	-0.6	-0.580806	0.00292702
1539	-0.6	-0.580819	0.00292514
1540	-0.6	-0.580831	0.00292327
1541	-0.68	-0.580896	0.00292208
1542	-0.52	-0.580856	0.00292045
1543	-0.6	-0.580868	0.00291858
1544	-0.6	-0.580881	0.00291672
1545	-0.68	-0.580945	0.00291554
1546	-0.68	-0.581009	0.00291435
1547	-0.52	-0.58097	0.00291274
1548	-0.68	-0.581034	0.00291156
1549	-0.6	-0.581046	0.0029097
1550	-0.6	-0.581058	0.00290785
1551	-0.52	-0.581019	0.00290624
1552	-0.68	-0.581082	0.00290507
1553	-0.6	-0.581095	0.00290322
1554	-0.84	-0.581261	0.00290613
1555	-0.68	-0.581325	0.00290496
1556	-0.68	-0.581388	0.00290378
1557	-0.68	-0.581452	0.00290261
1558	-0.76	-0.581566	0.00290301
1559	-0.68	-0.581629	0.00290183
1560	-0.68	-0.581692	0.00290066
1561	-0.6	-0.581704	0.00289882
1562	-0.68	-0.581767	0.00289765
1563	-0.52	-0.581727	0.00289606
1564	-0.44	-0.581637	0.00289563
1565	-0.52	-0.581597	0.00289405
1566	-0.52	-0.581558	0.00289247
1567	-0.68	-0.581621	0.0028913
1568	-0.6	-0.581633	0.00288948
1569	-0.6	-0.581644	0.00288766
1570	-0.68	-0.581707	0.0028865
1571	-0.76	-0.58182	0.0028869
1572	-0.36	-0.581679	0.00288851
1573	-0.44	-0.581589	0.00288808
1574	-0.6	-0.581601	0.00288627
1575	-0.44	-0.581511	0.00288583
1576	-0.44	-0.581421	0.0028854
1577	-0.6	-0.581433	0.00288359
1578	-0.6	-0.581445	0.00288179
1579	-0.68	-0.581507	0.00288064
1580	-0.76	-0.58162	0.00288103
1581	-0.6	-0.581632	0.00287923
1582	-0.68	-0.581694	0.00287808
1583	-0.76	-0.581807	0.00287847
1584	-0.68	-0.581869	0.00287732
1585	-0.68	-0.581931	0.00287617
1586	-0.68	-0.581992	0.00287502
1587	-0.6	-0.582004	0.00287323
1588	-0.52	-0.581965	0.00287169
1589	-0.76	-0.582077	0.00287206
1590	-0.68	-0.582138	0.00287092
1591	-0.76	-0.58225	0.00287129
1592	-0.76	-0.582362	0.00287166
1593	-0.6	-0.582373	0.00286988
1594	-0.68	-0.582434	0.00286873
1595	-0.6	-0.582445	0.00286695
1596	-0.68	-0.582506	0.00286581
1597	-0.6	-0.582517	0.00286403
1598	-0.68	-0.582578	0.00286289
1599	-0.6	-0.582589	0.00286112
1600	-0.68	-0.58265	0.00285998
1601	-0.44	-0.582561	0.00285958
1602	-0.44	-0.582472	0.00285918
1603	-0.52	-0.582433	0.00285766
1604	-0.6	-0.582444	0.0028559
1605	-0.52	-0.582405	0.00285438
1606	-0.6	-0.582416	0.00285263
1607	-0.68	-0.582477	0.0028515
1608	-0.68	-0.582537	0.00285037
1609	-0.76	-0.582648	0.00285073
1610	-0.76	-0.582758	0.00285109
1611	-0.76	-0.582868	0.00285144
1612	-0.68	-0.582928	0.00285031
1613	-0.6	-0.582939	0.00284856
1614	-0.68	-0.582999	0.00284743
1615	-0.6	-0.583009	0.00284569
1616	-0.44	-0.582921	0.0028453
1617	-0.36	-0.582783	0.00284688
1618	-0.44	-0.582695	0.00284649
1619	-0.52	-0.582656	0.002845
1620	-0.52	-0.582617	0.0028435
1621	-0.6	-0.582628	0.00284177
1622	-0.6	-0.582639	0.00284004
1623	-0.68	-0.582699	0.00283892
1624	-0.68	-0.582759	0.0028378
1625	-0.52	-0.58272	0.00283632
1626	-0.6	-0.582731	0.00283459
1627	-0.52	-0.582692	0.00283311
1628	-0.6	-0.582703	0.00283139
1629	-0.6	-0.582713	0.00282967
1630	-0.6	-0.582724	0.00282796
1631	-0.76	-0.582833	0.00282831
1632	-0.6	-0.582843	0.0028266
1633	-0.68	-0.582903	0.00282549
1634	-0.6	-0.582913	0.00282378
1635	-0.36	-0.582777	0.00282535
1636	-0.6	-0.582787	0.00282364
1637	-0.6	-0.582798	0.00282193
1638	-0.52	-0.582759	0.00282047
1639	-0.52	-0.582721	0.00281901
1640	-0.52	-0.582683	0.00281755
1641	-0.36	-0.582547	0.0028191
1642	-0.76	-0.582655	0.00281945
1643	-0.6	-0.582666	0.00281776
1644	-0.76	-0.582774	0.00281811
1645	-0.76	-0.582881	0.00281845
1646	-0.84	-0.583038	0.00282107
1647	-0.68	-0.583097	0.00281997
1648	-0.6	-0.583107	0.00281828
1649	-0.68	-0.583166	0.00281718
1650	-0.52	-0.583127	0.00281573
1651	-0.52	-0.583089	0.00281429
1652	-0.6	-0.583099	0.0028126
1653	-0.44	-0.583013	0.00281223
1654	-0.44	-0.582926	0.00281186
1655	-0.44	-0.58284	0.00281149
1656	-0.52	-0.582802	0.00281005
1657	-0.68	-0.582861	0.00280896
1658	-0.76	-0.582967	0.0028093
1659	-0.6	-0.582978	0.00280763
1660	-0.6	-0.582988	0.00280595
1661	-0.6	-0.582998	0.00280428
1662	-0.68	-0.583057	0.0028032
1663	-0.6	-0.583067	0.00280153
1664	-0.76	-0.583173	0.00280187
1665	-0.6	-0.583183	0.0028002
1666	-0.36	-0.583049	0.00280173
1667	-0.36	-0.582915	0.00280324
1668	-0.36	-0.582782	0.00280474
1669	-0.28	-0.5826	0.00280893
1670	-0.44	-0.582515	0.00280854
1671	-0.36	-0.582382	0.00281002
1672	-0.6	-0.582392	0.00280836
1673	-0.68	-0.582451	0.00280728
1674	-0.44	-0.582366	0.0028069
1675	-0.36	-0.582233	0.00280836
1676	-0.36	-0.5821	0.00280982
1677	-0.44	-0.582016	0.00280942
1678	-0.76	-0.582122	0.00280975
1679	-0.76	-0.582228	0.00281007
1680	-0.52	-0.58219	0.00280864
1681	-0.68	-0.582249	0.00280757
1682	-0.84	-0.582402	0.00281008
1683	-0.84	-0.582555	0.00281258
1684	-0.52	-0.582518	0.00281116
1685	-0.6	-0.582528	0.00280951
1686	-0.44	-0.582444	0.00280911
1687	-0.6	-0.582454	0.00280747
1688	-0.52	-0.582417	0.00280605
1689	-0.36	-0.582285	0.00280747
1690	-0.44	-0.582201	0.00280708
1691	-0.12	-0.581928	0.0028187
1692	-0.44	-0.581844	0.00281828
1693	-0.52	-0.581807	0.00281685
1694	-0.44	-0.581724	0.00281643
1695	-0.52	-0.581687	0.00281501
1696	-0.6	-0.581698	0.00281337
1697	-0.36	-0.581567	0.00281474
1698	-0.36	-0.581437	0.00281611
1699	-0.52	-0.581401	0.00281468
1700	-0.44	-0.581318	0.00281426
1701	-0.44	-0.581235	0.00281383
1702	-0.52	-0.581199	0.0028124
1703	-0.44	-0.581116	0.00281198
1704	-0.52	-0.58108	0.00281055
1705	-0.28	-0.580903	0.00281445
1706	-0.44	-0.580821	0.00281401
1707	-0.52	-0.580785	0.00281259
1708	-0.52	-0.580749	0.00281117
1709	-0.6	-0.580761	0.00280954
1710	-0.6	-0.580772	0.00280792
1711	-0.6	-0.580783	0.0028063
1712	-0.6	-0.580794	0.00280469
1713	-0.52	-0.580759	0.00280327
1714	-0.52	-0.580723	0.00280186
1715	-0.6	-0.580735	0.00280025
1716	-0.36	-0.580606	0.00280157
1717	-0.6	-0.580617	0.00279996
1718	-0.6	-0.580629	0.00279836
1719	-0.52	-0.580593	0.00279695
1720	-0.44	-0.580512	0.00279652
1721	-0.36	-0.580383	0.00279783
1722	-0.44	-0.580302	0.00279739
1723	-0.52	-0.580267	0.00279599
1724	-0.68	-0.580325	0.00279496
1725	-0.68	-0.580383	0.00279394
1726	-0.76	-0.580487	0.00279426
1727	-0.68	-0.580544	0.00279323
1728	-0.44	-0.580463	0.0027928
1729	-0.52	-0.580428	0.00279141
1730	-0.6	-0.580439	0.00278981
1731	-0.6	-0.580451	0.00278823
1732	-0.52	-0.580416	0.00278683
1733	-0.52	-0.580381	0.00278544
1734	-0.68	-0.580438	0.00278443
1735	-0.68	-0.580496	0.00278342
1736	-0.68	-0.580553	0.0027824
1737	-0.68	-0.58061	0.00278139
1738	-0.36	-0.580483	0.00278268
1739	-0.52	-0.580449	0.0027813
1740	-0.52	-0.580414	0.00277992
1741	-0.52	-0.580379	0.00277854
1742	-0.44	-0.580299	0.00277811
1743	-0.52	-0.580264	0.00277673
1744	-0.52	-0.580229	0.00277536
1745	-0.52	-0.580195	0.00277398
1746	-0.52	-0.58016	0.00277261
1747	-0.52	-0.580126	0.00277123
1748	-0.36	-0.58	0.00277251
1749	-0.6	-0.580011	0.00277095
1750	-0.68	-0.580069	0.00276995
1751	-0.44	-0.579989	0.00276952
1752	-0.6	-0.58	0.00276797
1753	-0.52	-0.579966	0.0027666
1754	-0.36	-0.57984	0.00276786
1755	-0.6	-0.579852	0.00276631
1756	-0.6	-0.579863	0.00276476
1757	-0.52	-0.579829	0.00276339
1758	-0.52	-0.579795	0.00276203
1759	-0.68	-0.579852	0.00276105
1760	-0.6	-0.579864	0.0027595
1761	-0.52	-0.57983	0.00275814
1762	-0.6	-0.579841	0.0027566
1763	-0.6	-0.579853	0.00275506
1764	-0.6	-0.579864	0.00275352
1765	-0.6	-0.579875	0.00275199
1766	-0.68	-0.579932	0.00275101
1767	-0.6	-0.579943	0.00274948
1768	-0.52	-0.57991	0.00274813
1769	-0.76	-0.580011	0.00274846
1770	-0.68	-0.580068	0.00274749
1771	-0.6	-0.580079	0.00274596
1772	-0.6	-0.58009	0.00274444
1773	-0.68	-0.580147	0.00274347
1774	-0.68	-0.580203	0.0027425
1775	-0.6	-0.580214	0.00274097
1776	-0.6	-0.580225	0.00273945
1777	-0.52	-0.580191	0.00273812
1778	-0.52	-0.580157	0.00273679
1779	-0.68	-0.580214	0.00273583
1780	-0.6	-0.580225	0.00273431
1781	-0.6	-0.580236	0.0027328
1782	-0.68	-0.580292	0.00273184
1783	-0.68	-0.580348	0.00273088
1784	-0.52	-0.580314	0.00272956
1785	-0.52	-0.58028	0.00272824
1786	-0.76	-0.580381	0.00272856
1787	-0.68	-0.580436	0.00272761
1788	-0.76	-0.580537	0.00272793
1789	-0.68	-0.580593	0.00272697
1790	-0.52	-0.580559	0.00272566
1791	-0.68	-0.580614	0.0027247
1792	-0.6	-0.580625	0.0027232
1793	-0.6	-0.580636	0.0027217
1794	-0.6	-0.580647	0.00272021
1795	-0.52	-0.580613	0.0027189
1796	-0.6	-0.580624	0.00271741
1797	-0.52	-0.58059	0.00271611
1798	-0.36	-0.580467	0.00271737
1799	-0.44	-0.580389	0.00271698
1800	-0.44	-0.580311	0.00271659
1801	-0.52	-0.580278	0.00271529
1802	-0.52	-0.580244	0.00271398
1803	-0.68	-0.5803	0.00271304
1804	-0.68	-0.580355	0.0027121
1805	-0.6	-0.580366	0.00271062
1806	-0.6	-0.580377	0.00270914
1807	-0.6	-0.580387	0.00270766
1808	-0.68	-0.580442	0.00270673
1809	-0.68	-0.580498	0.00270579
1810	-0.76	-0.580597	0.00270611
1811	-0.52	-0.580563	0.00270482
1812	-0.68	-0.580618	0.00270389
1813	-0.6	-0.580629	0.00270242
1814	-0.6	-0.580639	0.00270095
1815	-0.52	-0.580606	0.00269967
1816	-0.44	-0.580529	0.00269929
1817	-0.52	-0.580495	0.00269801
1818	-0.52	-0.580462	0.00269673
1819	-0.44	-0.580385	0.00269635
1820	-0.52	-0.580352	0.00269508
1821	-0.28	-0.580187	0.00269864
1822	-0.36	-0.580066	0.00269986
1823	-0.44	-0.579989	0.00269948
1824	-0.44	-0.579912	0.00269909
1825	-0.6	-0.579923	0.00269763
1826	-0.6	-0.579934	0.00269618
1827	-0.44	-0.579858	0.00269579
1828	-0.52	-0.579825	0.00269451
1829	-0.6	-0.579836	0.00269306
1830	-0.52	-0.579803	0.00269179
1831	-0.6	-0.579814	0.00269034
1832	-0.6	-0.579825	0.00268889
1833	-0.52	-0.579793	0.00268762
1834	-0.6	-0.579804	0.00268618
1835	-0.52	-0.579771	0.00268491
1836	-0.68	-0.579826	0.00268401
1837	-0.6	-0.579837	0.00268257
1838	-0.44	-0.579761	0.00268219
1839	-0.44	-0.579685	0.00268181
1840	-0.52	-0.579652	0.00268054
1841	-0.52	-0.57962	0.00267928
1842	-0.52	-0.579587	0.00267802
1843	-0.52	-0.579555	0.00267677
1844	-0.6	-0.579566	0.00267534
1845	-0.44	-0.579491	0.00267496
1846	-0.6	-0.579502	0.00267353
1847	-0.68	-0.579556	0.00267264
1848	-0.68	-0.57961	0.00267174
1849	-0.68	-0.579665	0.00267085
1850	-0.84	-0.579805	0.00267311
1851	-0.84	-0.579946	0.00267536
1852	-0.68	-0.58	0.00267446
1853	-0.76	-0.580097	0.00267478
1854	-0.68	-0.580151	0.00267388
1855	-0.6	-0.580162	0.00267246
1856	-0.76	-0.580259	0.00267278
1857	-0.76	-0.580355	0.00267309
1858	-0.6	-0.580366	0.00267167
1859	-0.52	-0.580334	0.00267043
1860	-0.44	-0.580258	0.00267006
1861	-0.68	-0.580312	0.00266917
1862	-0.68	-0.580365	0.00266827
1863	-0.84	-0.580505	0.00267048
1864	-0.68	-0.580558	0.00266958
1865	-0.6	-0.580568	0.00266817
1866	-0.6	-0.580579	0.00266676
1867	-0.52	-0.580546	0.00266553
1868	-0.52	-0.580514	0.0026643
1869	-0.52	-0.580482	0.00266307
1870	-0.6	-0.580492	0.00266166
1871	-0.76	-0.580588	0.00266197
1872	-0.6	-0.580598	0.00266057
1873	-0.52	-0.580566	0.00265934
1874	-0.52	-0.580534	0.00265812
1875	-0.52	-0.580501	0.0026569
1876	-0.36	-0.580384	0.00265808
1877	-0.6	-0.580394	0.00265668
1878	-0.6	-0.580405	0.00265529
1879	-0.6	-0.580415	0.0026539
1880	-0.6	-0.580426	0.00265251
1881	-0.68	-0.580478	0.00265162
1882	-0.6	-0.580489	0.00265023
1883	-0.6	-0.580499	0.00264885
1884	-0.6	-0.58051	0.00264746
1885	-0.68	-0.580562	0.00264658
1886	-0.6	-0.580573	0.0026452
1887	-0.44	-0.580498	0.00264485
1888	-0.68	-0.580551	0.00264397
1889	-0.76	-0.580646	0.00264428
1890	-0.76	-0.580741	0.00264458
1891	-0.76	-0.580836	0.00264488
1892	-0.6	-0.580846	0.0026435
1893	-0.44	-0.580771	0.00264315
1894	-0.6	-0.580781	0.00264178
1895	-0.6	-0.580792	0.0026404
1896	-0.52	-0.580759	0.0026392
1897	-0.76	-0.580854	0.0026395
1898	-0.44	-0.58078	0.00263916
1899	-0.76	-0.580874	0.00263945
1900	-0.6	-0.580884	0.00263808
1901	-0.6	-0.580894	0.00263671
1902	-0.6	-0.580904	0.00263535
1903	-0.52	-0.580872	0.00263416
1904	-0.6	-0.580882	0.00263279
1905	-0.36	-0.580766	0.00263396
1906	-0.28	-0.580609	0.00263731
1907	-0.52	-0.580577	0.00263611
1908	-0.52	-0.580545	0.00263492
1909	-0.44	-0.580471	0.00263457
1910	-0.6	-0.580482	0.00263321
1911	-0.6	-0.580492	0.00263185
1912	-0.6	-0.580502	0.0026305
1913	-0.76	-0.580596	0.00263079
1914	-0.76	-0.58069	0.00263109
1915	-0.76	-0.580783	0.00263138
1916	-0.68	-0.580835	0.00263052
1917	-0.76	-0.580929	0.00263081
1918	-0.6	-0.580938	0.00262945
1919	-0.76	-0.581032	0.00262974
1920	-0.68	-0.581083	0.00262887
1921	-0.68	-0.581135	0.00262801
1922	-0.6	-0.581145	0.00262666
1923	-0.6	-0.581154	0.00262531
1924	-0.68	-0.581206	0.00262445
1925	-0.36	-0.581091	0.0026256
1926	-0.6	-0.581101	0.00262426
1927	-0.36	-0.580986	0.0026254
1928	-0.36	-0.580871	0.00262654
1929	-0.76	-0.580964	0.00262682
1930	-0.68	-0.581016	0.00262596
1931	-0.52	-0.580984	0.00262479
1932	-0.6	-0.580994	0.00262345
1933	-0.76	-0.581086	0.00262373
1934	-0.6	-0.581096	0.00262239
1935	-0.44	-0.581023	0.00262205
1936	-0.44	-0.58095	0.00262171
1937	-0.68	-0.581002	0.00262085
1938	-0.6	-0.581011	0.00261952
1939	-0.52	-0.58098	0.00261836
1940	-0.52	-0.580948	0.00261719
1941	-0.36	-0.580835	0.00261832
1942	-0.6	-0.580844	0.00261699
1943	-0.52	-0.580813	0.00261583
1944	-0.6	-0.580823	0.0026145
1945	-0.36	-0.58071	0.00261562
1946	-0.52	-0.580678	0.00261447
1947	-0.44	-0.580606	0.00261412
1948	-0.68	-0.580657	0.00261328
1949	-0.6	-0.580667	0.00261196
1950	-0.6	-0.580677	0.00261063
1951	-0.76	-0.580769	0.00261091
1952	-0.76	-0.580861	0.00261119
1953	-0.68	-0.580911	0.00261035
1954	-0.6	-0.580921	0.00260903
1955	-0.6	-0.580931	0.00260771
1956	-0.52	-0.5809	0.00260657
1957	-0.68	-0.58095	0.00260573
1958	-0.68	-0.581001	0.00260489
1959	-0.6	-0.581011	0.00260357
1960	-0.68	-0.581061	0.00260273
1961	-0.76	-0.581152	0.00260301
1962	-0.76	-0.581244	0.00260328
1963	-0.76	-0.581335	0.00260354
1964	-0.6	-0.581344	0.00260223
1965	-0.76	-0.581435	0.0026025
1966	-0.68	-0.581485	0.00260166
1967	-0.52	-0.581454	0.00260052
1968	-0.44	-0.581382	0.00260019
1969	-0.44	-0.58131	0.00259986
1970	-0.52	-0.581279	0.00259873
1971	-0.52	-0.581248	0.0025976
1972	-0.44	-0.581176	0.00259727
1973	-0.6	-0.581186	0.00259597
1974	-0.68	-0.581236	0.00259514
1975	-0.52	-0.581205	0.00259401
1976	-0.52	-0.581174	0.00259288
1977	-0.6	-0.581184	0.00259159
1978	-0.6	-0.581193	0.00259029
1979	-0.68	-0.581243	0.00258946
1980	-0.76	-0.581333	0.00258973
1981	-0.68	-0.581383	0.0025889
1982	-0.68	-0.581433	0.00258807
1983	-0.76	-0.581523	0.00258834
1984	-0.52	-0.581492	0.00258722
1985	-0.44	-0.581421	0.00258689
1986	-0.6	-0.58143	0.00258561
1987	-0.68	-0.58148	0.00258478
1988	-0.68	-0.581529	0.00258396
1989	-0.84	-0.581659	0.00258593
1990	-0.92	-0.581829	0.00259021
1991	-0.6	-0.581838	0.00258893
1992	-0.44	-0.581767	0.00258861
1993	-0.6	-0.581776	0.00258732
1994	-0.68	-0.581825	0.00258649
1995	-0.76	-0.581915	0.00258674
1996	-0.44	-0.581844	0.00258642
1997	-0.52	-0.581813	0.00258531
1998	-0.84	-0.581942	0.00258725
1999	-0.84	-0.582071	0.00258917
2000	-0.6	-0.58208	0.00258789
