1	-0.84	-0.84	0
2	-0.68	-0.76	0.08
3	-0.68	-0.733333	0.0533333
4	-0.84	-0.76	0.046188
5	-0.76	-0.76	0.0357771
6	-0.84	-0.773333	0.0321109
7	-0.84	-0.782857	0.0287613
8	-0.92	-0.8	0.0302372
9	-0.76	-0.795556	0.0270345
10	-0.84	-0.8	0.0245855
11	-0.76	-0.796364	0.0225337
12	-0.6	-0.78	0.0262851
13	-0.68	-0.772308	0.025373
14	-0.92	-0.782857	0.0257509
15	-0.84	-0.786667	0.0242736
16	-0.76	-0.785	0.0227669
17	-0.76	-0.783529	0.0214363
18	-0.84	-0.786667	0.0204524
19	-0.76	-0.785263	0.0193969
20	-0.84	-0.788	0.0186039
21	-0.76	-0.786667	0.017746
22	-0.84	-0.789091	0.0170929
23	-0.76	-0.787826	0.0163818
24	-0.84	-0.79	0.0158343
25	-0.92	-0.7952	0.0160532
26	-0.76	-0.793846	0.0154828
27	-0.84	-0.795556	0.014996
28	-0.84	-0.797143	0.0145375
29	-0.68	-0.793103	0.0145972
30	-0.84	-0.794667	0.0141887
31	-0.84	-0.796129	0.013801
32	-0.76	-0.795	0.0134104
33	-0.68	-0.791515	0.0134567
34	-0.68	-0.788235	0.0134606
35	-0.76	-0.787429	0.0130953
36	-0.84	-0.788889	0.0128098
37	-0.84	-0.79027	0.0125352
38	-0.84	-0.791579	0.0122708
39	-0.84	-0.792821	0.0120163
40	-0.84	-0.794	0.0117713
41	-0.84	-0.795122	0.0115353
42	-0.84	-0.79619	0.0113079
43	-0.84	-0.797209	0.0110887
44	-0.76	-0.796364	0.0108667
45	-0.6	-0.792	0.0114838
46	-0.6	-0.787826	0.0119819
47	-0.6	-0.78383	0.0123866
48	-0.68	-0.781667	0.0123172
49	-0.6	-0.777959	0.0126201
50	-0.84	-0.7792	0.0124272
51	-0.84	-0.780392	0.0122393
52	-0.76	-0.78	0.012008
53	-0.84	-0.781132	0.0118336
54	-0.84	-0.782222	0.0116634
55	-0.84	-0.783273	0.0114975
56	-0.84	-0.784286	0.0113357
57	-0.84	-0.785263	0.0111778
58	-0.76	-0.784828	0.0109921
59	-0.76	-0.784407	0.0108123
60	-0.76	-0.784	0.0106384
61	-0.68	-0.782295	0.0106005
62	-0.6	-0.779355	0.0108347
63	-0.84	-0.780317	0.0107047
64	-0.76	-0.78	0.0105409
65	-0.76	-0.779692	0.0103821
66	-0.84	-0.780606	0.0102643
67	-0.84	-0.781493	0.0101487
68	-0.92	-0.783529	0.0102037
69	-0.84	-0.784348	0.010088
70	-0.92	-0.786286	0.0101299
71	-0.84	-0.787042	0.0100149
72	-0.84	-0.787778	0.00990215
73	-0.76	-0.787397	0.00977297
74	-0.76	-0.787027	0.0096471
75	-0.76	-0.786667	0.00952443
76	-0.76	-0.786316	0.00940482
77	-0.76	-0.785974	0.00928816
78	-0.76	-0.785641	0.00917436
79	-0.76	-0.785316	0.00906329
80	-0.76	-0.785	0.00895488
81	-0.6	-0.782716	0.0091338
82	-0.6	-0.780488	0.00929282
83	-0.68	-0.779277	0.00925967
84	-0.6	-0.777143	0.00939442
85	-0.68	-0.776	0.00935332
86	-0.68	-0.774884	0.00931108
87	-0.76	-0.774713	0.00920502
88	-0.76	-0.774545	0.00910135
89	-0.76	-0.774382	0.00899999
90	-0.76	-0.774222	0.00890087
91	-0.76	-0.774066	0.0088039
92	-0.68	-0.773043	0.0087675
93	-0.76	-0.772903	0.00867385
94	-0.76	-0.772766	0.00858217
95	-0.76	-0.772632	0.00849242
96	-0.76	-0.7725	0.00840452
97	-0.68	-0.771546	0.00837191
98	-0.68	-0.770612	0.00833854
99	-0.68	-0.769697	0.00830447
100	-0.84	-0.7704	0.00825101
101	-0.76	-0.770297	0.00816956
102	-0.84	-0.77098	0.00811788
103	-0.84	-0.77165	0.00806656
104	-0.84	-0.772308	0.00801561
105	-0.84	-0.772952	0.00796504
106	-0.84	-0.773585	0.00791485
107	-0.84	-0.774206	0.00786506
108	-0.84	-0.774815	0.00781568
109	-0.84	-0.775413	0.0077667
110	-0.76	-0.775273	0.00769705
111	-0.84	-0.775856	0.00764965
112	-0.84	-0.776429	0.00760264
113	-0.68	-0.775575	0.00758323
114	-0.84	-0.77614	0.00753763
115	-0.84	-0.776696	0.0074924
116	-0.76	-0.776552	0.00742893
117	-0.76	-0.77641	0.00736652
118	-0.76	-0.776271	0.00730515
119	-0.68	-0.775462	0.00728854
120	-0.76	-0.775333	0.00722869
121	-0.76	-0.775207	0.00716982
122	-0.92	-0.776393	0.00720917
123	-0.68	-0.77561	0.00719314
124	-0.84	-0.776129	0.00715377
125	-0.84	-0.77664	0.00711468
126	-0.76	-0.776508	0.00705922
127	-0.76	-0.776378	0.00700462
128	-0.84	-0.776875	0.00696744
129	-0.76	-0.776744	0.00691445
130	-0.76	-0.776615	0.00686227
131	-0.76	-0.776489	0.00681086
132	-0.76	-0.776364	0.00676022
133	-0.76	-0.776241	0.00671033
134	-0.76	-0.776119	0.00666117
135	-0.68	-0.775407	0.00664987
136	-0.68	-0.774706	0.00663796
137	-0.68	-0.774015	0.00662549
138	-0.68	-0.773333	0.0066125
139	-0.68	-0.772662	0.006599
140	-0.76	-0.772571	0.00655232
141	-0.76	-0.772482	0.0065063
142	-0.76	-0.772394	0.00646091
143	-0.76	-0.772308	0.00641616
144	-0.76	-0.772222	0.00637202
145	-0.84	-0.77269	0.00634516
146	-0.76	-0.772603	0.00630215
147	-0.84	-0.773061	0.0062759
148	-0.84	-0.773514	0.00624974
149	-0.92	-0.774497	0.00628502
150	-0.84	-0.774933	0.00625824
151	-0.92	-0.775894	0.00629045
152	-0.92	-0.776842	0.00632044
153	-0.92	-0.777778	0.00634832
154	-0.92	-0.778701	0.00637422
155	-0.84	-0.779097	0.0063453
156	-0.84	-0.779487	0.00631657
157	-0.84	-0.779873	0.00628803
158	-0.84	-0.780253	0.00625969
159	-0.84	-0.780629	0.00623153
160	-0.92	-0.7815	0.00625343
161	-0.76	-0.781366	0.0062159
162	-0.84	-0.781728	0.006188
163	-0.92	-0.782577	0.00620815
164	-0.84	-0.782927	0.00618011
165	-0.84	-0.783273	0.00615227
166	-0.84	-0.783614	0.00612464
167	-0.76	-0.783473	0.00608949
168	-0.76	-0.783333	0.00605475
169	-0.92	-0.784142	0.0060729
170	-0.92	-0.784941	0.00608974
171	-0.92	-0.785731	0.00610532
172	-0.84	-0.786047	0.00607792
173	-0.92	-0.786821	0.00609209
174	-0.76	-0.786667	0.00605894
175	-0.84	-0.786971	0.00603192
176	-0.92	-0.787727	0.00604499
177	-0.84	-0.788023	0.00601799
178	-0.84	-0.788315	0.00599121
179	-0.76	-0.788156	0.00595974
180	-0.76	-0.788	0.0059286
181	-0.92	-0.788729	0.00594069
182	-0.92	-0.789451	0.00595183
183	-0.84	-0.789727	0.00592565
184	-0.92	-0.790435	0.00593574
185	-0.92	-0.791135	0.00594496
186	-0.84	-0.791398	0.00591875
187	-0.76	-0.79123	0.00588941
188	-0.92	-0.791915	0.0058979
189	-0.92	-0.792593	0.00590563
190	-0.76	-0.792421	0.00587697
191	-0.76	-0.792251	0.00584858
192	-0.76	-0.792083	0.00582046
193	-0.68	-0.791503	0.00581928
194	-0.76	-0.79134	0.00579148
195	-0.76	-0.791179	0.00576395
196	-0.76	-0.79102	0.00573667
197	-0.68	-0.790457	0.00573523
198	-0.76	-0.790303	0.00570826
199	-0.76	-0.790151	0.00568155
200	-0.68	-0.7896	0.00567983
201	-0.76	-0.789453	0.00565342
202	-0.84	-0.789703	0.00563093
203	-0.84	-0.789951	0.0056086
204	-0.84	-0.790196	0.00558643
205	-0.84	-0.790439	0.00556441
206	-0.84	-0.79068	0.00554256
207	-0.84	-0.790918	0.00552086
208	-0.84	-0.791154	0.00549932
209	-0.84	-0.791388	0.00547793
210	-0.84	-0.791619	0.0054567
211	-0.84	-0.791848	0.00543561
212	-0.68	-0.791321	0.00543558
213	-0.84	-0.791549	0.00541482
214	-0.76	-0.791402	0.00539148
215	-0.76	-0.791256	0.00536833
216	-0.6	-0.79037	0.00541628
217	-0.76	-0.79023	0.00539308
218	-0.76	-0.790092	0.00537008
219	-0.76	-0.789954	0.00534727
220	-0.76	-0.789818	0.00532465
221	-0.76	-0.789683	0.00530222
222	-0.68	-0.789189	0.00530135
223	-0.6	-0.788341	0.00534528
224	-0.76	-0.788214	0.00532287
225	-0.68	-0.787733	0.00532094
226	-0.6	-0.786903	0.00536208
227	-0.52	-0.785727	0.00546635
228	-0.76	-0.785614	0.00544349
229	-0.76	-0.785502	0.00542082
230	-0.92	-0.786087	0.00542879
231	-0.92	-0.786667	0.00543624
232	-0.84	-0.786897	0.00541763
233	-0.84	-0.787124	0.00539914
234	-0.84	-0.78735	0.00538077
235	-0.84	-0.787574	0.0053625
236	-0.76	-0.787458	0.00534101
237	-0.84	-0.787679	0.00532305
238	-0.76	-0.787563	0.00530191
239	-0.84	-0.787782	0.00528424
240	-0.68	-0.787333	0.0052813
241	-0.68	-0.786888	0.00527816
242	-0.76	-0.786777	0.00525748
243	-0.76	-0.786667	0.00523696
244	-0.76	-0.786557	0.0052166
245	-0.68	-0.786122	0.00521344
246	-0.76	-0.786016	0.00519329
247	-0.76	-0.785911	0.00517329
248	-0.76	-0.785806	0.00515345
249	-0.76	-0.785703	0.00513376
250	-0.76	-0.7856	0.00511421
251	-0.76	-0.785498	0.00509482
252	-0.76	-0.785397	0.00507557
253	-0.76	-0.785296	0.00505646
254	-0.84	-0.785512	0.00504112
255	-0.84	-0.785725	0.00502586
256	-0.84	-0.785938	0.00501067
257	-0.84	-0.786148	0.00499557
258	-0.76	-0.786047	0.0049772
259	-0.76	-0.785946	0.00495897
260	-0.84	-0.786154	0.00494423
261	-0.76	-0.786054	0.00492627
262	-0.92	-0.786565	0.00493399
263	-0.92	-0.787072	0.00494131
264	-0.92	-0.787576	0.00494824
265	-0.92	-0.788075	0.0049548
266	-0.92	-0.788571	0.00496099
267	-0.92	-0.789064	0.00496682
268	-0.92	-0.789552	0.00497232
269	-0.84	-0.78974	0.00495735
270	-0.92	-0.790222	0.00496246
271	-0.92	-0.790701	0.00496725
272	-0.84	-0.790882	0.00495227
273	-0.76	-0.790769	0.0049354
274	-0.68	-0.790365	0.00493394
275	-0.68	-0.789964	0.00493232
276	-0.84	-0.790145	0.00491776
277	-0.68	-0.789747	0.00491608
278	-0.92	-0.790216	0.00492072
279	-0.92	-0.790681	0.00492507
280	-0.92	-0.791143	0.00492914
281	-0.92	-0.791601	0.00493292
282	-0.84	-0.791773	0.0049184
283	-0.84	-0.791943	0.00490395
284	-0.84	-0.792113	0.00488958
285	-0.92	-0.792561	0.00489301
286	-0.92	-0.793007	0.00489619
287	-0.84	-0.793171	0.00488185
288	-0.76	-0.793056	0.00486623
289	-0.84	-0.793218	0.00485208
290	-0.84	-0.793379	0.00483801
291	-0.84	-0.79354	0.00482402
292	-0.84	-0.793699	0.0048101
293	-0.84	-0.793857	0.00479626
294	-0.84	-0.794014	0.0047825
295	-0.84	-0.794169	0.00476881
296	-0.84	-0.794324	0.00475519
297	-0.92	-0.794747	0.00475801
298	-0.84	-0.794899	0.00474444
299	-0.84	-0.79505	0.00473095
300	-0.84	-0.7952	0.00471754
301	-0.84	-0.795349	0.00470419
302	-0.92	-0.795762	0.00470672
303	-0.92	-0.796172	0.00470905
304	-0.76	-0.796053	0.00469504
305	-0.68	-0.795672	0.00469507
306	-0.68	-0.795294	0.00469494
307	-0.52	-0.794397	0.00476476
308	-0.76	-0.794286	0.00475058
309	-0.76	-0.794175	0.00473648
310	-0.76	-0.794065	0.00472247
311	-0.68	-0.793698	0.00472152
312	-0.76	-0.79359	0.00470761
313	-0.68	-0.793227	0.00470655
314	-0.68	-0.792866	0.00470538
315	-0.76	-0.792762	0.00469158
316	-0.68	-0.792405	0.0046903
317	-0.68	-0.79205	0.00468891
318	-0.76	-0.79195	0.00467523
319	-0.6	-0.791348	0.00469923
320	-0.68	-0.791	0.00469743
321	-0.68	-0.790654	0.00469552
322	-0.6	-0.790062	0.00471822
323	-0.6	-0.789474	0.00474025
324	-0.68	-0.789136	0.00473766
325	-0.76	-0.789046	0.00472391
326	-0.76	-0.788957	0.00471024
327	-0.76	-0.788869	0.00469665
328	-0.68	-0.788537	0.00469406
329	-0.76	-0.78845	0.00468057
330	-0.76	-0.788364	0.00466716
331	-0.68	-0.788036	0.00466454
332	-0.68	-0.787711	0.00466184
333	-0.76	-0.787628	0.00464857
334	-0.76	-0.787545	0.00463537
335	-0.84	-0.787701	0.00462416
336	-0.84	-0.787857	0.00461301
337	-0.84	-0.788012	0.0046019
338	-0.76	-0.787929	0.00458901
339	-0.84	-0.788083	0.00457803
340	-0.84	-0.788235	0.0045671
341	-0.84	-0.788387	0.00455622
342	-0.84	-0.788538	0.00454538
343	-0.84	-0.788688	0.00453459
344	-0.84	-0.788837	0.00452385
345	-0.76	-0.788754	0.0045115
346	-0.76	-0.788671	0.0044992
347	-0.76	-0.788588	0.00448698
348	-0.68	-0.788276	0.00448494
349	-0.76	-0.788195	0.0044728
350	-0.68	-0.787886	0.0044707
351	-0.68	-0.787578	0.00446853
352	-0.76	-0.7875	0.00445651
353	-0.76	-0.787422	0.00444455
354	-0.76	-0.787345	0.00443265
355	-0.76	-0.787268	0.00442082
356	-0.84	-0.787416	0.00441087
357	-0.92	-0.787787	0.00441415
358	-0.84	-0.787933	0.00440422
359	-0.92	-0.788301	0.00440731
360	-0.92	-0.788667	0.00441025
361	-0.76	-0.788587	0.00439874
362	-0.68	-0.788287	0.00439681
363	-0.68	-0.787989	0.00439482
364	-0.76	-0.787912	0.0043834
365	-0.68	-0.787616	0.00438136
366	-0.68	-0.787322	0.00437926
367	-0.76	-0.787248	0.00436794
368	-0.84	-0.787391	0.00435842
369	-0.76	-0.787317	0.00434722
370	-0.76	-0.787243	0.00433609
371	-0.76	-0.78717	0.00432501
372	-0.76	-0.787097	0.00431398
373	-0.76	-0.787024	0.00430301
374	-0.76	-0.786952	0.0042921
375	-0.76	-0.78688	0.00428124
376	-0.68	-0.786596	0.00427929
377	-0.76	-0.786525	0.00426851
378	-0.68	-0.786243	0.00426652
379	-0.68	-0.785963	0.00426447
380	-0.76	-0.785895	0.00425378
381	-0.76	-0.785827	0.00424315
382	-0.92	-0.786178	0.00424658
383	-0.92	-0.786527	0.00424986
384	-0.84	-0.786667	0.00424107
385	-0.92	-0.787013	0.00424419
386	-0.92	-0.787358	0.00424718
387	-0.92	-0.7877	0.00425003
388	-0.92	-0.788041	0.00425276
389	-0.92	-0.78838	0.00425535
390	-0.92	-0.788718	0.00425782
391	-0.76	-0.788645	0.00424755
392	-0.84	-0.788776	0.00423873
393	-0.84	-0.788906	0.00422994
394	-0.68	-0.788629	0.00422823
395	-0.76	-0.788557	0.00421814
396	-0.84	-0.788687	0.00420948
397	-0.84	-0.788816	0.00420085
398	-0.76	-0.788744	0.00419091
399	-0.76	-0.788672	0.00418101
400	-0.84	-0.7888	0.00417252
401	-0.84	-0.788928	0.00416406
402	-0.76	-0.788856	0.00415431
403	-0.68	-0.788586	0.00415278
404	-0.68	-0.788317	0.0041512
405	-0.68	-0.788049	0.00414957
406	-0.6	-0.787586	0.00416517
407	-0.36	-0.786536	0.00428568
408	-0.6	-0.786078	0.00429954
409	-0.92	-0.786406	0.0043015
410	-1	-0.786927	0.0043225
411	-1	-0.787445	0.00434303
412	-0.92	-0.787767	0.0043444
413	-0.92	-0.788087	0.00434568
414	-1	-0.788599	0.00436529
415	-1	-0.789108	0.00438445
416	-0.92	-0.789423	0.0043852
417	-0.92	-0.789736	0.00438586
418	-0.76	-0.789665	0.00437594
419	-0.84	-0.789785	0.00436713
420	-0.84	-0.789905	0.00435836
421	-0.92	-0.790214	0.00435896
422	-0.6	-0.789763	0.00437192
423	-0.76	-0.789693	0.00436214
424	-0.76	-0.789623	0.0043524
425	-0.76	-0.789553	0.00434271
426	-0.76	-0.789484	0.00433306
427	-0.84	-0.789602	0.00432452
428	-0.84	-0.78972	0.00431601
429	-0.84	-0.789837	0.00430753
430	-0.92	-0.79014	0.00430815
431	-0.92	-0.790441	0.00430869
432	-0.76	-0.79037	0.00429928
433	-0.84	-0.790485	0.00429087
434	-0.76	-0.790415	0.00428155
435	-0.76	-0.790345	0.00427227
436	-0.76	-0.790275	0.00426303
437	-0.76	-0.790206	0.00425382
438	-0.76	-0.790137	0.00424466
439	-0.84	-0.790251	0.0042365
440	-0.84	-0.790364	0.00422838
441	-0.84	-0.790476	0.00422028
442	-0.84	-0.790588	0.00421221
443	-0.84	-0.7907	0.00420417
444	-0.92	-0.790991	0.00420479
445	-0.92	-0.791281	0.00420533
446	-0.92	-0.79157	0.00420581
447	-0.68	-0.79132	0.00420381
448	-0.6	-0.790893	0.0042161
449	-0.76	-0.790824	0.00420726
450	-0.68	-0.790578	0.00420512
451	-0.68	-0.790333	0.00420294
452	-0.68	-0.790088	0.00420073
453	-0.6	-0.789669	0.0042124
454	-0.6	-0.789251	0.00422382
455	-0.52	-0.788659	0.00425587
456	-0.6	-0.788246	0.00426663
457	-0.76	-0.788184	0.00425773
458	-0.68	-0.787948	0.00425499
459	-0.68	-0.787712	0.00425222
460	-0.92	-0.788	0.0042527
461	-0.84	-0.788113	0.00424496
462	-0.76	-0.788052	0.0042362
463	-0.76	-0.787991	0.00422748
464	-0.84	-0.788103	0.00421984
465	-0.92	-0.788387	0.0042203
466	-0.92	-0.78867	0.0042207
467	-0.92	-0.788951	0.00422103
468	-0.76	-0.788889	0.00421245
469	-0.68	-0.788657	0.00420987
470	-0.6	-0.788255	0.00422003
471	-0.6	-0.787856	0.00422999
472	-0.52	-0.787288	0.004259
473	-0.6	-0.786892	0.00426839
474	-0.76	-0.786835	0.00425975
475	-0.76	-0.786779	0.00425115
476	-0.84	-0.786891	0.00424368
477	-0.84	-0.787002	0.00423624
478	-0.84	-0.787113	0.00422882
479	-0.76	-0.787056	0.00422036
480	-0.76	-0.787	0.00421194
481	-0.76	-0.786944	0.00420355
482	-0.76	-0.786888	0.00419519
483	-0.76	-0.786832	0.00418687
484	-0.76	-0.786777	0.00417857
485	-0.76	-0.786722	0.00417032
486	-0.76	-0.786667	0.00416209
487	-0.76	-0.786612	0.00415389
488	-0.76	-0.786557	0.00414573
489	-0.76	-0.786503	0.0041376
490	-0.76	-0.786449	0.0041295
491	-0.76	-0.786395	0.00412144
492	-0.68	-0.786179	0.00411873
493	-0.68	-0.785963	0.00411601
494	-0.68	-0.785749	0.00411326
495	-0.6	-0.785374	0.00412206
496	-0.6	-0.785	0.00413069
497	-0.6	-0.784628	0.00413914
498	-0.6	-0.784257	0.00414742
499	-0.52	-0.783727	0.00417284
500	-0.6	-0.78336	0.00418067
501	-0.52	-0.782834	0.0042053
502	-0.68	-0.782629	0.00420191
503	-0.76	-0.782584	0.00419379
504	-0.76	-0.78254	0.0041857
505	-0.68	-0.782337	0.00418233
506	-0.76	-0.782292	0.00417429
507	-0.84	-0.782406	0.00416761
508	-0.84	-0.78252	0.00416094
509	-0.84	-0.782633	0.00415429
510	-0.76	-0.782588	0.00414638
511	-0.76	-0.782544	0.00413849
512	-0.76	-0.7825	0.00413063
513	-0.76	-0.782456	0.00412281
514	-0.76	-0.782412	0.00411501
515	-0.6	-0.782058	0.00412226
516	-0.6	-0.781705	0.00412936
517	-0.76	-0.781663	0.00412158
518	-0.84	-0.781776	0.00411516
519	-0.76	-0.781734	0.00410743
520	-0.76	-0.781692	0.00409974
521	-0.76	-0.781651	0.00409208
522	-0.84	-0.781762	0.00408576
523	-0.92	-0.782027	0.0040865
524	-0.92	-0.78229	0.00408718
525	-1	-0.782705	0.00410041
526	-1	-0.783118	0.00411341
527	-0.92	-0.783378	0.0041138
528	-0.92	-0.783636	0.00411415
529	-0.92	-0.783894	0.00411445
530	-1	-0.784302	0.00412687
531	-0.92	-0.784557	0.00412701
532	-1	-0.784962	0.0041391
533	-1	-0.785366	0.00415098
534	-0.92	-0.785618	0.00415087
535	-0.84	-0.78572	0.00414435
536	-0.92	-0.78597	0.00414419
537	-0.84	-0.786071	0.00413768
538	-0.84	-0.786171	0.0041312
539	-0.84	-0.786271	0.00412474
540	-0.92	-0.786519	0.00412454
541	-0.92	-0.786765	0.00412429
542	-0.92	-0.787011	0.00412401
543	-0.92	-0.787256	0.00412369
544	-0.92	-0.7875	0.00412333
545	-0.84	-0.787596	0.00411688
546	-0.92	-0.787839	0.00411648
547	-0.92	-0.78808	0.00411605
548	-0.92	-0.788321	0.00411558
549	-0.84	-0.788415	0.00410915
550	-0.84	-0.788509	0.00410274
551	-0.92	-0.788748	0.00410224
552	-0.92	-0.788986	0.0041017
553	-0.84	-0.789078	0.00409531
554	-0.6	-0.788736	0.00410214
555	-0.76	-0.788685	0.00409507
556	-0.76	-0.788633	0.00408802
557	-0.76	-0.788582	0.004081
558	-0.76	-0.78853	0.004074
559	-0.76	-0.788479	0.00406703
560	-0.76	-0.788429	0.00406008
561	-0.76	-0.788378	0.00405315
562	-0.76	-0.788327	0.00404624
563	-0.76	-0.788277	0.00403936
564	-0.84	-0.788369	0.00403324
565	-0.92	-0.788602	0.00403283
566	-0.92	-0.788834	0.00403239
567	-0.84	-0.788924	0.00402628
568	-0.76	-0.788873	0.00401951
569	-0.76	-0.788822	0.00401276
570	-0.84	-0.788912	0.00400672
571	-0.84	-0.789002	0.0040007
572	-0.76	-0.788951	0.00399402
573	-0.76	-0.788901	0.00398736
574	-0.84	-0.78899	0.0039814
575	-0.68	-0.7888	0.00397899
576	-0.84	-0.788889	0.00397307
577	-0.76	-0.788839	0.0039665
578	-0.84	-0.788927	0.00396062
579	-0.84	-0.789016	0.00395475
580	-0.84	-0.789103	0.00394891
581	-0.84	-0.789191	0.00394308
582	-0.92	-0.789416	0.00394271
583	-0.84	-0.789503	0.0039369
584	-0.84	-0.789589	0.0039311
585	-0.84	-0.789675	0.00392532
586	-0.84	-0.789761	0.00391956
587	-0.84	-0.789847	0.00391381
588	-0.84	-0.789932	0.00390808
589	-0.68	-0.789745	0.0039059
590	-0.84	-0.789831	0.00390021
591	-0.76	-0.78978	0.00389393
592	-0.84	-0.789865	0.00388827
593	-0.84	-0.789949	0.00388263
594	-0.84	-0.790034	0.003877
595	-0.84	-0.790118	0.00387139
596	-0.84	-0.790201	0.0038658
597	-0.84	-0.790285	0.00386022
598	-1	-0.790635	0.00386968
599	-0.92	-0.790851	0.00386925
600	-0.92	-0.791067	0.00386878
601	-0.84	-0.791148	0.0038632
602	-0.76	-0.791096	0.00385712
603	-0.76	-0.791045	0.00385107
604	-0.84	-0.791126	0.00384554
605	-0.84	-0.791207	0.00384003
606	-0.84	-0.791287	0.00383453
607	-0.84	-0.791367	0.00382905
608	-0.84	-0.791447	0.00382359
609	-0.84	-0.791527	0.00381813
610	-0.84	-0.791607	0.0038127
611	-0.84	-0.791686	0.00380728
612	-0.84	-0.791765	0.00380187
613	-0.84	-0.791843	0.00379648
614	-0.84	-0.791922	0.0037911
615	-0.76	-0.79187	0.00378529
616	-0.76	-0.791818	0.00377949
617	-0.68	-0.791637	0.00377771
618	-0.84	-0.791715	0.00377241
619	-0.84	-0.791793	0.00376711
620	-0.84	-0.791871	0.00376184
621	-0.76	-0.79182	0.00375612
622	-0.76	-0.791768	0.00375043
623	-0.68	-0.791589	0.0037487
624	-0.68	-0.79141	0.00374696
625	-0.68	-0.791232	0.0037452
626	-0.84	-0.79131	0.00374003
627	-0.84	-0.791388	0.00373486
628	-0.84	-0.791465	0.00372972
629	-0.76	-0.791415	0.00372412
630	-0.84	-0.791492	0.003719
631	-0.76	-0.791442	0.00371344
632	-0.68	-0.791266	0.00371175
633	-0.68	-0.79109	0.00371005
634	-0.68	-0.790915	0.00370833
635	-0.76	-0.790866	0.00370281
636	-0.76	-0.790818	0.0036973
637	-0.92	-0.79102	0.00369706
638	-0.84	-0.791097	0.00369206
639	-0.92	-0.791299	0.00369179
640	-0.84	-0.791375	0.0036868
641	-0.84	-0.791451	0.00368183
642	-0.92	-0.791651	0.00368154
643	-0.92	-0.791851	0.00368122
644	-0.92	-0.79205	0.00368088
645	-0.92	-0.792248	0.00368052
646	-0.92	-0.792446	0.00368014
647	-0.92	-0.792643	0.00367973
648	-0.92	-0.79284	0.0036793
649	-0.92	-0.793035	0.00367885
650	-0.84	-0.793108	0.0036739
651	-0.84	-0.79318	0.00366895
652	-0.76	-0.793129	0.00366368
653	-0.76	-0.793078	0.00365841
654	-0.76	-0.793028	0.00365317
655	-0.68	-0.792855	0.00365166
656	-0.68	-0.792683	0.00365015
657	-0.68	-0.792511	0.00364862
658	-0.76	-0.792462	0.00364341
659	-0.76	-0.792413	0.00363821
660	-0.68	-0.792242	0.00363668
661	-0.76	-0.792194	0.0036315
662	-0.68	-0.792024	0.00362997
663	-0.68	-0.791855	0.00362843
664	-0.76	-0.791807	0.00362328
665	-0.76	-0.791759	0.00361814
666	-0.76	-0.791712	0.00361302
667	-0.76	-0.791664	0.00360791
668	-0.6	-0.791377	0.00361392
669	-0.76	-0.79133	0.00360881
670	-0.76	-0.791284	0.00360373
671	-0.76	-0.791237	0.00359865
672	-0.68	-0.791071	0.00359711
673	-0.68	-0.790906	0.00359555
674	-0.6	-0.790623	0.00360136
675	-0.68	-0.790459	0.00359976
676	-0.68	-0.790296	0.00359814
677	-0.68	-0.790133	0.00359651
678	-0.68	-0.789971	0.00359488
679	-0.6	-0.789691	0.00360047
680	-0.76	-0.789647	0.00359543
681	-0.6	-0.789369	0.00360093
682	-0.76	-0.789326	0.00359591
683	-0.68	-0.789165	0.0035942
684	-0.76	-0.789123	0.0035892
685	-0.76	-0.78908	0.00358421
686	-0.76	-0.789038	0.00357923
687	-0.68	-0.788879	0.00357754
688	-0.68	-0.788721	0.00357584
689	-0.6	-0.788447	0.00358114
690	-0.6	-0.788174	0.00358636
691	-0.6	-0.787902	0.0035915
692	-0.6	-0.78763	0.00359657
693	-0.6	-0.787359	0.00360157
694	-0.6	-0.787089	0.0036065
695	-0.68	-0.786935	0.0036046
696	-0.76	-0.786897	0.00359962
697	-0.76	-0.786858	0.00359466
698	-0.76	-0.786819	0.00358971
699	-0.76	-0.786781	0.00358478
700	-0.76	-0.786743	0.00357986
701	-0.84	-0.786819	0.00357556
702	-0.76	-0.786781	0.00357066
703	-0.6	-0.786515	0.00357547
704	-0.76	-0.786477	0.00357058
705	-0.76	-0.78644	0.00356571
706	-0.76	-0.786402	0.00356086
707	-0.68	-0.786252	0.003559
708	-0.68	-0.786102	0.00355714
709	-0.68	-0.785952	0.00355527
710	-0.52	-0.785577	0.00356996
711	-0.6	-0.785316	0.00357448
712	-0.6	-0.785056	0.00357893
713	-0.52	-0.784684	0.00359319
714	-0.6	-0.784426	0.00359747
715	-0.68	-0.78428	0.0035954
716	-0.76	-0.784246	0.00359053
717	-0.68	-0.7841	0.00358847
718	-0.68	-0.783955	0.0035864
719	-0.68	-0.783811	0.00358432
720	-0.6	-0.783556	0.00358844
721	-0.6	-0.783301	0.00359249
722	-0.68	-0.783158	0.00359036
723	-0.68	-0.783015	0.00358823
724	-0.68	-0.782873	0.00358609
725	-0.6	-0.782621	0.00359002
726	-0.68	-0.782479	0.00358785
727	-0.68	-0.782338	0.00358569
728	-0.6	-0.782088	0.00358951
729	-0.68	-0.781948	0.00358731
730	-0.68	-0.781808	0.00358512
731	-0.68	-0.781669	0.00358292
732	-0.84	-0.781749	0.00357891
733	-0.84	-0.781828	0.0035749
734	-0.68	-0.781689	0.00357272
735	-0.68	-0.781551	0.00357054
736	-0.68	-0.781413	0.00356836
737	-0.68	-0.781275	0.00356617
738	-0.76	-0.781247	0.00356145
739	-0.6	-0.781001	0.00356507
740	-0.68	-0.780865	0.00356287
741	-0.76	-0.780837	0.00355817
742	-0.76	-0.780809	0.00355348
743	-0.68	-0.780673	0.00355128
744	-0.76	-0.780645	0.00354662
745	-0.68	-0.78051	0.00354443
746	-0.6	-0.780268	0.00354794
747	-0.68	-0.780134	0.00354572
748	-0.76	-0.780107	0.00354108
749	-0.68	-0.779973	0.00353888
750	-0.76	-0.779947	0.00353426
751	-0.76	-0.77992	0.00352965
752	-0.76	-0.779894	0.00352505
753	-0.76	-0.779867	0.00352046
754	-0.76	-0.779841	0.00351589
755	-0.76	-0.779815	0.00351133
756	-0.76	-0.779788	0.00350678
757	-0.84	-0.779868	0.00350305
758	-0.84	-0.779947	0.00349932
759	-0.92	-0.780132	0.00349958
760	-0.92	-0.780316	0.00349981
761	-0.92	-0.780499	0.00350002
762	-0.92	-0.780682	0.00350022
763	-0.84	-0.78076	0.00349649
764	-0.84	-0.780838	0.00349277
765	-0.84	-0.780915	0.00348906
766	-0.84	-0.780992	0.00348536
767	-0.84	-0.781069	0.00348166
768	-0.84	-0.781146	0.00347797
769	-0.76	-0.781118	0.00347356
770	-0.84	-0.781195	0.00346988
771	-0.84	-0.781271	0.00346622
772	-0.92	-0.781451	0.00346639
773	-0.92	-0.78163	0.00346654
774	-0.92	-0.781809	0.00346667
775	-0.92	-0.781987	0.00346678
776	-0.84	-0.782062	0.00346312
777	-0.84	-0.782136	0.00345946
778	-0.84	-0.782211	0.00345581
779	-0.92	-0.782388	0.0034559
780	-0.92	-0.782564	0.00345598
781	-0.92	-0.78274	0.00345603
782	-0.92	-0.782916	0.00345607
783	-0.76	-0.782886	0.00345178
784	-0.84	-0.782959	0.00344814
785	-0.92	-0.783134	0.00344817
786	-0.84	-0.783206	0.00344454
787	-0.84	-0.783278	0.00344091
788	-0.76	-0.783249	0.00343667
789	-0.76	-0.783219	0.00343244
790	-0.76	-0.78319	0.00342822
791	-0.92	-0.783363	0.00342825
792	-0.92	-0.783535	0.00342826
793	-0.76	-0.783506	0.00342406
794	-0.68	-0.783375	0.00342223
795	-0.76	-0.783346	0.00341805
796	-0.84	-0.783417	0.00341449
797	-0.76	-0.783388	0.00341033
798	-0.76	-0.783358	0.00340618
799	-0.84	-0.783429	0.00340266
800	-0.84	-0.7835	0.00339914
801	-0.84	-0.783571	0.00339562
802	-0.84	-0.783641	0.00339212
803	-0.76	-0.783611	0.00338802
804	-0.84	-0.783682	0.00338453
805	-0.84	-0.783752	0.00338104
806	-0.84	-0.783821	0.00337757
807	-0.84	-0.783891	0.0033741
808	-0.84	-0.78396	0.00337064
809	-0.84	-0.78403	0.00336718
810	-0.84	-0.784099	0.00336373
811	-0.92	-0.784266	0.00336376
812	-0.92	-0.784433	0.00336377
813	-0.84	-0.784502	0.00336032
814	-0.84	-0.78457	0.00335688
815	-0.84	-0.784638	0.00335345
816	-0.84	-0.784706	0.00335003
817	-0.68	-0.784578	0.00334838
818	-0.84	-0.784645	0.00334497
819	-0.84	-0.784713	0.00334156
820	-0.84	-0.78478	0.00333817
821	-0.76	-0.78475	0.00333424
822	-0.68	-0.784623	0.00333261
823	-0.84	-0.78469	0.00332924
824	-0.84	-0.784757	0.00332588
825	-0.76	-0.784727	0.00332198
826	-0.84	-0.784794	0.00331863
827	-0.84	-0.784861	0.00331529
828	-0.84	-0.784928	0.00331195
829	-0.92	-0.78509	0.00331196
830	-0.92	-0.785253	0.00331196
831	-0.92	-0.785415	0.00331194
832	-0.84	-0.785481	0.00330861
833	-0.76	-0.78545	0.00330478
834	-0.92	-0.785612	0.00330475
835	-0.92	-0.785772	0.00330472
836	-0.92	-0.785933	0.00330466
837	-0.92	-0.786093	0.0033046
838	-0.92	-0.786253	0.00330452
839	-0.84	-0.786317	0.0033012
840	-0.76	-0.786286	0.00329741
841	-0.76	-0.786254	0.00329364
842	-0.76	-0.786223	0.00328987
843	-0.68	-0.786097	0.00328838
844	-0.76	-0.786066	0.00328463
845	-0.84	-0.78613	0.00328136
846	-0.84	-0.786194	0.0032781
847	-0.84	-0.786257	0.00327484
848	-0.76	-0.786226	0.00327112
849	-0.76	-0.786196	0.00326742
850	-0.68	-0.786071	0.00326596
851	-0.6	-0.785852	0.00326944
852	-0.76	-0.785822	0.00326574
853	-0.76	-0.785791	0.00326205
854	-0.76	-0.785761	0.00325837
855	-0.68	-0.785637	0.00325691
856	-0.68	-0.785514	0.00325544
857	-0.6	-0.785298	0.00325883
858	-0.68	-0.785175	0.00325735
859	-0.68	-0.785052	0.00325586
860	-0.76	-0.785023	0.0032522
861	-0.76	-0.784994	0.00324855
862	-0.76	-0.784965	0.00324491
863	-0.76	-0.784936	0.00324127
864	-0.76	-0.784907	0.00323765
865	-0.76	-0.784879	0.00323403
866	-0.76	-0.78485	0.00323042
867	-0.76	-0.784821	0.00322682
868	-0.76	-0.784793	0.00322323
869	-0.76	-0.784764	0.00321964
870	-0.68	-0.784644	0.0032182
871	-0.6	-0.784432	0.00322148
872	-0.6	-0.78422	0.00322473
873	-0.6	-0.784009	0.00322794
874	-0.84	-0.784073	0.00322488
875	-0.6	-0.783863	0.00322805
876	-0.6	-0.783653	0.00323119
877	-0.68	-0.783535	0.00322967
878	-0.68	-0.783417	0.00322814
879	-0.76	-0.78339	0.00322458
880	-0.6	-0.783182	0.00322764
881	-0.68	-0.783065	0.00322611
882	-0.6	-0.782857	0.00322912
883	-0.68	-0.782741	0.00322757
884	-0.76	-0.782715	0.00322402
885	-0.68	-0.782599	0.00322246
886	-0.68	-0.782483	0.00322091
887	-0.6	-0.782277	0.00322384
888	-0.76	-0.782252	0.00322031
889	-0.76	-0.782227	0.00321678
890	-0.76	-0.782202	0.00321326
891	-0.84	-0.782267	0.00321031
892	-0.84	-0.782332	0.00320736
893	-0.84	-0.782396	0.00320442
894	-0.76	-0.782371	0.00320093
895	-0.76	-0.782346	0.00319745
896	-0.76	-0.782321	0.00319398
897	-0.76	-0.782297	0.00319051
898	-0.92	-0.78245	0.00319064
899	-0.92	-0.782603	0.00319076
900	-0.84	-0.782667	0.00318785
901	-0.84	-0.78273	0.00318495
902	-0.84	-0.782794	0.00318205
903	-0.84	-0.782857	0.00317915
904	-0.76	-0.782832	0.00317574
905	-0.68	-0.782718	0.00317426
906	-0.6	-0.782517	0.00317716
907	-0.68	-0.782404	0.00317567
908	-0.68	-0.782291	0.00317417
909	-0.68	-0.782178	0.00317268
910	-0.68	-0.782066	0.00317118
911	-0.68	-0.781954	0.00316967
912	-0.68	-0.781842	0.00316817
913	-0.68	-0.781731	0.00316666
914	-0.76	-0.781707	0.00316329
915	-0.76	-0.781683	0.00315992
916	-0.76	-0.781659	0.00315655
917	-0.76	-0.781636	0.0031532
918	-0.6	-0.781438	0.00315597
919	-0.68	-0.781328	0.00315446
920	-0.68	-0.781217	0.00315296
921	-0.76	-0.781194	0.00314962
922	-0.76	-0.781171	0.00314628
923	-0.76	-0.781148	0.00314296
924	-0.84	-0.781212	0.0031402
925	-0.84	-0.781276	0.00313745
926	-0.76	-0.781253	0.00313414
927	-0.68	-0.781143	0.00313266
928	-0.76	-0.781121	0.00312937
929	-0.76	-0.781098	0.00312608
930	-0.68	-0.780989	0.00312461
931	-0.6	-0.780795	0.0031273
932	-0.84	-0.780858	0.00312459
933	-0.84	-0.780922	0.00312188
934	-0.76	-0.780899	0.00311862
935	-0.76	-0.780877	0.00311536
936	-0.76	-0.780855	0.00311211
937	-0.6	-0.780662	0.00311477
938	-0.6	-0.780469	0.0031174
939	-0.76	-0.780447	0.00311416
940	-0.76	-0.780426	0.00311092
941	-0.76	-0.780404	0.00310769
942	-0.76	-0.780382	0.00310446
943	-0.76	-0.780361	0.00310124
944	-0.68	-0.780254	0.00309978
945	-0.6	-0.780063	0.00310237
946	-0.6	-0.779873	0.00310493
947	-0.68	-0.779768	0.00310344
948	-0.76	-0.779747	0.00310023
949	-0.84	-0.77981	0.00309762
950	-0.76	-0.779789	0.00309442
951	-0.84	-0.779853	0.00309182
952	-0.84	-0.779916	0.00308921
953	-0.84	-0.779979	0.00308661
954	-0.84	-0.780042	0.00308402
955	-0.84	-0.780105	0.00308143
956	-0.76	-0.780084	0.00307827
957	-0.76	-0.780063	0.00307513
958	-0.76	-0.780042	0.00307199
959	-0.68	-0.779937	0.00307056
960	-0.68	-0.779833	0.00306912
961	-0.68	-0.779729	0.00306769
962	-0.76	-0.779709	0.00306456
963	-0.84	-0.779772	0.00306202
964	-0.84	-0.779834	0.00305948
965	-0.76	-0.779813	0.00305638
966	-0.84	-0.779876	0.00305385
967	-0.76	-0.779855	0.00305076
968	-0.84	-0.779917	0.00304824
969	-0.76	-0.779897	0.00304516
970	-0.84	-0.779959	0.00304265
971	-0.76	-0.779938	0.00303958
972	-0.84	-0.78	0.00303708
973	-0.84	-0.780062	0.00303459
974	-0.84	-0.780123	0.00303209
975	-0.84	-0.780185	0.0030296
976	-0.84	-0.780246	0.00302712
977	-0.76	-0.780225	0.00302409
978	-0.84	-0.780286	0.00302161
979	-0.76	-0.780266	0.0030186
980	-0.84	-0.780327	0.00301613
981	-0.84	-0.780387	0.00301367
982	-0.84	-0.780448	0.00301121
983	-0.84	-0.780509	0.00300876
984	-0.76	-0.780488	0.00300577
985	-0.68	-0.780386	0.00300445
986	-0.76	-0.780365	0.00300147
987	-0.76	-0.780344	0.0029985
988	-0.76	-0.780324	0.00299553
989	-0.68	-0.780222	0.00299422
990	-0.6	-0.78004	0.00299673
991	-0.68	-0.779939	0.00299541
992	-0.76	-0.779919	0.00299245
993	-0.76	-0.779899	0.00298951
994	-0.84	-0.77996	0.00298711
995	-0.84	-0.78002	0.00298472
996	-0.84	-0.78008	0.00298233
997	-0.84	-0.78014	0.00297994
998	-0.76	-0.78012	0.00297702
999	-0.76	-0.7801	0.00297411
1000	-0.84	-0.78016	0.00297173
1001	-0.76	-0.78014	0.00296883
1002	-0.76	-0.78012	0.00296594
1003	-0.68	-0.78002	0.00296466
1004	-0.76	-0.78	0.00296177
1005	-0.84	-0.78006	0.00295943
1006	-0.84	-0.780119	0.00295708
1007	-0.84	-0.780179	0.00295474
1008	-0.84	-0.780238	0.00295241
1009	-0.76	-0.780218	0.00294955
1010	-0.76	-0.780198	0.00294669
1011	-0.84	-0.780257	0.00294437
1012	-0.84	-0.780316	0.00294205
1013	-0.68	-0.780217	0.00294082
1014	-0.84	-0.780276	0.0029385
1015	-0.84	-0.780335	0.0029362
1016	-0.76	-0.780315	0.00293337
1017	-0.6	-0.780138	0.00293585
1018	-0.52	-0.779882	0.00294407
1019	-0.68	-0.779784	0.00294282
1020	-0.68	-0.779686	0.00294156
1021	-0.68	-0.779589	0.0029403
1022	-0.68	-0.779491	0.00293903
1023	-0.68	-0.779394	0.00293777
1024	-0.68	-0.779297	0.0029365
1025	-0.6	-0.779122	0.00293885
1026	-0.68	-0.779025	0.00293757
1027	-0.6	-0.778851	0.00293988
1028	-0.6	-0.778677	0.00294217
1029	-0.68	-0.778581	0.00294087
1030	-0.6	-0.778408	0.00294313
1031	-0.6	-0.778235	0.00294536
1032	-0.6	-0.778062	0.00294757
1033	-0.6	-0.77789	0.00294975
1034	-0.76	-0.777872	0.00294695
1035	-0.76	-0.777855	0.00294415
1036	-0.84	-0.777915	0.00294192
1037	-0.76	-0.777898	0.00293913
1038	-0.68	-0.777803	0.00293781
1039	-0.68	-0.777709	0.00293649
1040	-0.68	-0.777615	0.00293517
1041	-0.6	-0.777445	0.00293731
1042	-0.68	-0.777351	0.00293598
1043	-0.68	-0.777258	0.00293465
1044	-0.76	-0.777241	0.00293188
1045	-0.76	-0.777225	0.00292912
1046	-0.6	-0.777055	0.00293122
1047	-0.84	-0.777116	0.00292904
1048	-0.84	-0.777176	0.00292686
1049	-0.76	-0.777159	0.00292411
1050	-0.76	-0.777143	0.00292137
1051	-0.68	-0.77705	0.00292005
1052	-0.76	-0.777034	0.00291732
1053	-0.84	-0.777094	0.00291516
1054	-0.84	-0.777154	0.00291301
1055	-0.68	-0.777062	0.0029117
1056	-0.68	-0.77697	0.0029104
1057	-0.84	-0.777029	0.00290825
1058	-0.68	-0.776938	0.00290695
1059	-0.76	-0.776922	0.00290425
1060	-0.76	-0.776906	0.00290155
1061	-0.84	-0.776965	0.00289942
1062	-0.84	-0.777024	0.0028973
1063	-0.76	-0.777008	0.00289462
1064	-0.76	-0.776992	0.00289194
1065	-0.76	-0.776977	0.00288927
1066	-0.68	-0.776886	0.00288799
1067	-0.68	-0.776795	0.00288671
1068	-0.68	-0.776704	0.00288543
1069	-0.68	-0.776614	0.00288415
1070	-0.68	-0.776523	0.00288286
1071	-0.68	-0.776433	0.00288158
1072	-0.68	-0.776343	0.0028803
1073	-0.76	-0.776328	0.00287765
1074	-0.76	-0.776313	0.00287501
1075	-0.84	-0.776372	0.00287295
1076	-0.68	-0.776283	0.00287167
1077	-0.84	-0.776342	0.00286961
1078	-0.84	-0.776401	0.00286756
1079	-0.84	-0.77646	0.00286551
1080	-0.68	-0.77637	0.00286425
1081	-0.68	-0.776281	0.00286298
1082	-0.68	-0.776192	0.00286172
1083	-0.6	-0.77603	0.0028637
1084	-0.52	-0.775793	0.00287079
1085	-0.6	-0.775631	0.00287272
1086	-0.68	-0.775543	0.00287142
1087	-0.68	-0.775455	0.00287012
1088	-0.84	-0.775515	0.0028681
1089	-0.84	-0.775574	0.00286607
1090	-0.84	-0.775633	0.00286405
1091	-0.84	-0.775692	0.00286204
1092	-0.68	-0.775604	0.00286076
1093	-0.68	-0.775517	0.00285948
1094	-0.84	-0.775576	0.00285747
1095	-0.84	-0.775635	0.00285546
1096	-0.68	-0.775547	0.00285419
1097	-0.76	-0.775533	0.00285162
1098	-0.68	-0.775446	0.00285035
1099	-0.76	-0.775432	0.00284779
1100	-0.68	-0.775345	0.00284653
1101	-0.68	-0.775259	0.00284526
1102	-0.76	-0.775245	0.00284271
1103	-0.6	-0.775086	0.00284457
1104	-0.84	-0.775145	0.0028426
1105	-0.84	-0.775204	0.00284063
1106	-0.76	-0.77519	0.0028381
1107	-0.76	-0.775176	0.00283557
1108	-0.84	-0.775235	0.00283361
1109	-0.84	-0.775293	0.00283166
1110	-0.76	-0.775279	0.00282914
1111	-0.76	-0.775266	0.00282662
1112	-0.76	-0.775252	0.00282411
1113	-0.76	-0.775238	0.00282161
1114	-0.84	-0.775296	0.00281967
1115	-0.76	-0.775283	0.00281718
1116	-0.76	-0.775269	0.00281468
1117	-0.68	-0.775184	0.00281346
1118	-0.68	-0.775098	0.00281223
1119	-0.76	-0.775085	0.00280975
1120	-0.76	-0.775071	0.00280727
1121	-0.76	-0.775058	0.0028048
1122	-0.84	-0.775116	0.00280289
1123	-0.84	-0.775174	0.00280099
1124	-0.76	-0.77516	0.00279853
1125	-0.92	-0.775289	0.002799
1126	-0.84	-0.775346	0.00279711
1127	-0.84	-0.775404	0.00279521
1128	-0.92	-0.775532	0.00279567
1129	-0.92	-0.77566	0.00279613
1130	-0.84	-0.775717	0.00279423
1131	-0.84	-0.775774	0.00279234
1132	-0.68	-0.775689	0.00279115
1133	-0.76	-0.775675	0.00278872
1134	-0.84	-0.775732	0.00278684
1135	-0.84	-0.775789	0.00278496
1136	-0.76	-0.775775	0.00278254
1137	-0.76	-0.775761	0.00278013
1138	-0.76	-0.775747	0.00277772
1139	-0.84	-0.775803	0.00277585
1140	-0.76	-0.775789	0.00277345
1141	-0.68	-0.775706	0.00277229
1142	-0.76	-0.775692	0.0027699
1143	-0.68	-0.775608	0.00276874
1144	-0.76	-0.775594	0.00276635
1145	-0.68	-0.775511	0.00276519
1146	-0.76	-0.775497	0.00276281
1147	-0.68	-0.775414	0.00276166
1148	-0.68	-0.775331	0.0027605
1149	-0.68	-0.775248	0.00275935
1150	-0.6	-0.775096	0.00276115
1151	-0.68	-0.775013	0.00275999
1152	-0.68	-0.774931	0.00275883
1153	-0.6	-0.774779	0.00276061
1154	-0.76	-0.774766	0.00275824
1155	-0.84	-0.774823	0.00275643
1156	-0.92	-0.774948	0.00275691
1157	-0.92	-0.775073	0.00275738
1158	-0.76	-0.77506	0.00275503
1159	-0.84	-0.775116	0.00275322
1160	-0.92	-0.775241	0.00275368
1161	-0.92	-0.775366	0.00275413
1162	-0.92	-0.775491	0.00275457
1163	-0.92	-0.775615	0.002755
1164	-0.84	-0.77567	0.00275319
1165	-0.84	-0.775725	0.00275138
1166	-0.84	-0.77578	0.00274957
1167	-0.84	-0.775835	0.00274777
1168	-0.84	-0.77589	0.00274596
1169	-0.84	-0.775945	0.00274416
1170	-0.84	-0.776	0.00274236
1171	-0.84	-0.776055	0.00274056
1172	-0.84	-0.776109	0.00273877
1173	-0.76	-0.776095	0.00273647
1174	-0.76	-0.776082	0.00273417
1175	-0.76	-0.776068	0.00273188
1176	-0.84	-0.776122	0.00273009
1177	-0.84	-0.776177	0.00272831
1178	-0.84	-0.776231	0.00272653
1179	-0.84	-0.776285	0.00272476
1180	-0.84	-0.776339	0.00272298
1181	-0.84	-0.776393	0.00272121
1182	-0.84	-0.776447	0.00271944
1183	-0.76	-0.776433	0.00271717
1184	-0.68	-0.776351	0.0027161
1185	-0.76	-0.776338	0.00271384
1186	-0.84	-0.776391	0.00271208
1187	-0.76	-0.776377	0.00270983
1188	-0.76	-0.776364	0.00270759
1189	-0.76	-0.77635	0.00270534
1190	-0.76	-0.776336	0.0027031
1191	-0.68	-0.776255	0.00270204
1192	-0.68	-0.776174	0.00270098
1193	-0.68	-0.776094	0.00269992
1194	-0.6	-0.775946	0.00270169
1195	-0.68	-0.775866	0.00270062
1196	-0.76	-0.775853	0.00269839
1197	-0.76	-0.77584	0.00269617
1198	-0.84	-0.775893	0.00269445
1199	-0.84	-0.775947	0.00269274
1200	-0.84	-0.776	0.00269102
1201	-0.84	-0.776053	0.00268931
1202	-0.92	-0.776173	0.00268974
1203	-0.92	-0.776293	0.00269016
1204	-0.92	-0.776412	0.00269057
1205	-0.92	-0.776531	0.00269098
1206	-0.76	-0.776517	0.00268878
1207	-0.84	-0.77657	0.00268707
1208	-0.76	-0.776556	0.00268487
1209	-0.84	-0.776609	0.00268317
1210	-0.84	-0.776661	0.00268146
1211	-0.84	-0.776713	0.00267976
1212	-0.92	-0.776832	0.00268015
1213	-0.84	-0.776884	0.00267845
1214	-0.76	-0.77687	0.00267628
1215	-0.76	-0.776856	0.00267411
1216	-0.92	-0.776974	0.0026745
1217	-0.92	-0.777091	0.00267489
1218	-0.92	-0.777209	0.00267526
1219	-0.84	-0.77726	0.00267356
1220	-0.92	-0.777377	0.00267393
1221	-0.84	-0.777428	0.00267223
1222	-0.68	-0.777349	0.00267124
1223	-0.84	-0.7774	0.00266954
1224	-0.92	-0.777516	0.0026699
1225	-0.92	-0.777633	0.00267026
1226	-0.92	-0.777749	0.0026706
1227	-0.84	-0.7778	0.00266891
1228	-0.92	-0.777915	0.00266925
1229	-0.92	-0.778031	0.00266958
1230	-0.84	-0.778081	0.00266788
1231	-0.76	-0.778067	0.00266576
1232	-0.84	-0.778117	0.00266407
1233	-0.92	-0.778232	0.00266439
1234	-0.92	-0.778347	0.00266471
1235	-0.76	-0.778332	0.00266259
1236	-0.84	-0.778382	0.0026609
1237	-0.92	-0.778496	0.00266122
1238	-0.92	-0.778611	0.00266152
1239	-0.92	-0.778725	0.00266182
1240	-0.76	-0.77871	0.00265971
1241	-0.76	-0.778695	0.00265761
1242	-0.84	-0.778744	0.00265593
1243	-0.92	-0.778858	0.00265623
1244	-0.92	-0.778971	0.00265651
1245	-0.92	-0.779084	0.0026568
1246	-0.84	-0.779133	0.00265511
1247	-0.76	-0.779118	0.00265303
1248	-0.84	-0.779167	0.00265135
1249	-0.84	-0.779215	0.00264967
1250	-0.76	-0.7792	0.0026476
1251	-0.84	-0.779249	0.00264593
1252	-0.76	-0.779233	0.00264386
1253	-0.84	-0.779282	0.00264219
1254	-0.84	-0.77933	0.00264053
1255	-0.84	-0.779378	0.00263886
1256	-0.84	-0.779427	0.0026372
1257	-0.84	-0.779475	0.00263555
1258	-0.84	-0.779523	0.00263389
1259	-0.76	-0.779508	0.00263184
1260	-0.76	-0.779492	0.0026298
1261	-0.76	-0.779477	0.00262776
1262	-0.6	-0.779334	0.00262952
1263	-0.6	-0.779192	0.00263127
1264	-0.76	-0.779177	0.00262924
1265	-0.76	-0.779162	0.0026272
1266	-0.76	-0.779147	0.00262517
1267	-0.68	-0.779069	0.00262426
1268	-0.68	-0.778991	0.00262336
1269	-0.84	-0.779039	0.00262173
1270	-0.84	-0.779087	0.0026201
1271	-0.84	-0.779135	0.00261848
1272	-0.84	-0.779182	0.00261686
1273	-0.84	-0.77923	0.00261524
1274	-0.84	-0.779278	0.00261362
1275	-0.84	-0.779325	0.002612
1276	-0.76	-0.77931	0.00261
1277	-0.76	-0.779295	0.002608
1278	-0.84	-0.779343	0.00260639
1279	-0.84	-0.77939	0.00260478
1280	-0.76	-0.779375	0.00260279
1281	-0.68	-0.779297	0.00260191
1282	-0.68	-0.77922	0.00260104
1283	-0.92	-0.77933	0.00260132
1284	-0.92	-0.779439	0.00260161
1285	-0.76	-0.779424	0.00259962
1286	-0.6	-0.779285	0.00260135
1287	-0.68	-0.779207	0.00260047
1288	-0.68	-0.77913	0.00259959
1289	-0.76	-0.779116	0.00259762
1290	-0.68	-0.779039	0.00259674
1291	-0.76	-0.779024	0.00259477
1292	-0.76	-0.779009	0.0025928
1293	-0.6	-0.778871	0.00259449
1294	-0.68	-0.778794	0.00259361
1295	-0.68	-0.778718	0.00259273
1296	-0.6	-0.77858	0.0025944
1297	-0.68	-0.778504	0.00259351
1298	-0.68	-0.778428	0.00259262
1299	-0.76	-0.778414	0.00259066
1300	-0.76	-0.7784	0.00258871
1301	-0.76	-0.778386	0.00258676
1302	-0.68	-0.77831	0.00258587
1303	-0.76	-0.778296	0.00258393
1304	-0.76	-0.778282	0.00258198
1305	-0.68	-0.778207	0.0025811
1306	-0.76	-0.778193	0.00257916
1307	-0.76	-0.778179	0.00257723
1308	-0.68	-0.778104	0.00257635
1309	-0.76	-0.77809	0.00257442
1310	-0.68	-0.778015	0.00257354
1311	-0.68	-0.777941	0.00257266
1312	-0.68	-0.777866	0.00257178
1313	-0.68	-0.777791	0.00257091
1314	-0.84	-0.777839	0.00256938
1315	-0.84	-0.777886	0.00256787
1316	-0.84	-0.777933	0.00256635
1317	-0.84	-0.77798	0.00256483
1318	-0.76	-0.777967	0.00256292
1319	-0.84	-0.778014	0.00256141
1320	-0.76	-0.778	0.0025595
1321	-0.84	-0.778047	0.002558
1322	-0.76	-0.778033	0.0025561
1323	-0.76	-0.77802	0.0025542
1324	-0.76	-0.778006	0.00255231
1325	-0.6	-0.777872	0.00255392
1326	-0.68	-0.777798	0.00255306
1327	-0.68	-0.777724	0.0025522
1328	-0.6	-0.77759	0.00255378
1329	-0.68	-0.777517	0.00255292
1330	-0.68	-0.777444	0.00255205
1331	-0.76	-0.777431	0.00255017
1332	-0.84	-0.777477	0.00254868
1333	-0.76	-0.777464	0.0025468
1334	-0.76	-0.777451	0.00254493
1335	-0.84	-0.777498	0.00254345
1336	-0.92	-0.777605	0.00254379
1337	-0.92	-0.777711	0.00254411
1338	-0.92	-0.777818	0.00254443
1339	-0.92	-0.777924	0.00254475
1340	-0.84	-0.77797	0.00254327
1341	-0.92	-0.778076	0.00254358
1342	-0.92	-0.778182	0.00254388
1343	-0.84	-0.778228	0.0025424
1344	-0.84	-0.778274	0.00254093
1345	-0.92	-0.778379	0.00254122
1346	-0.84	-0.778425	0.00253975
1347	-0.92	-0.77853	0.00254004
1348	-0.92	-0.778635	0.00254032
1349	-0.92	-0.77874	0.0025406
1350	-0.92	-0.778844	0.00254087
1351	-0.92	-0.778949	0.00254114
1352	-0.84	-0.778994	0.00253966
1353	-0.92	-0.779098	0.00253992
1354	-0.92	-0.779202	0.00254018
1355	-0.92	-0.779306	0.00254043
1356	-0.92	-0.77941	0.00254067
1357	-0.92	-0.779514	0.00254091
1358	-0.84	-0.779558	0.00253943
1359	-0.84	-0.779603	0.00253795
1360	-0.76	-0.779588	0.00253613
1361	-0.68	-0.779515	0.00253532
1362	-0.68	-0.779442	0.00253451
1363	-0.6	-0.77931	0.00253607
1364	-0.68	-0.779238	0.00253526
1365	-0.68	-0.779165	0.00253444
1366	-0.68	-0.779092	0.00253362
1367	-0.68	-0.77902	0.00253281
1368	-0.84	-0.779064	0.00253135
1369	-0.84	-0.779109	0.00252989
1370	-0.84	-0.779153	0.00252843
1371	-0.84	-0.779198	0.00252698
1372	-0.84	-0.779242	0.00252552
1373	-0.84	-0.779286	0.00252407
1374	-0.84	-0.77933	0.00252262
1375	-0.76	-0.779316	0.00252083
1376	-0.76	-0.779302	0.00251903
1377	-0.76	-0.779288	0.00251724
1378	-0.84	-0.779332	0.0025158
1379	-0.84	-0.779376	0.00251436
1380	-0.92	-0.779478	0.0025146
1381	-0.84	-0.779522	0.00251316
1382	-0.84	-0.779566	0.00251173
1383	-0.76	-0.779552	0.00250995
1384	-0.68	-0.77948	0.00250917
1385	-0.68	-0.779408	0.00250838
1386	-0.68	-0.779336	0.0025076
1387	-0.76	-0.779322	0.00250583
1388	-0.76	-0.779308	0.00250406
1389	-0.76	-0.779294	0.0025023
1390	-0.84	-0.779338	0.00250088
1391	-0.84	-0.779382	0.00249946
1392	-0.84	-0.779425	0.00249804
1393	-0.84	-0.779469	0.00249663
1394	-0.84	-0.779512	0.00249521
1395	-0.84	-0.779556	0.0024938
1396	-0.84	-0.779599	0.00249239
1397	-0.76	-0.779585	0.00249064
1398	-0.76	-0.779571	0.0024889
1399	-0.76	-0.779557	0.00248716
1400	-0.76	-0.779543	0.00248542
1401	-0.84	-0.779586	0.00248402
1402	-0.76	-0.779572	0.00248229
1403	-0.84	-0.779615	0.00248089
1404	-0.84	-0.779658	0.0024795
1405	-0.76	-0.779644	0.00247777
1406	-0.68	-0.779573	0.00247702
1407	-0.76	-0.779559	0.0024753
1408	-0.76	-0.779545	0.00247358
1409	-0.6	-0.779418	0.00247511
1410	-0.6	-0.779291	0.00247662
1411	-0.68	-0.77922	0.00247587
1412	-0.68	-0.77915	0.00247511
1413	-0.68	-0.77908	0.00247435
1414	-0.68	-0.77901	0.0024736
1415	-0.68	-0.77894	0.00247284
1416	-0.68	-0.77887	0.00247208
1417	-0.76	-0.778857	0.00247037
1418	-0.68	-0.778787	0.00246961
1419	-0.76	-0.778774	0.00246791
1420	-0.76	-0.778761	0.0024662
1421	-0.76	-0.778747	0.0024645
1422	-0.76	-0.778734	0.0024628
1423	-0.84	-0.778777	0.00246145
1424	-0.92	-0.778876	0.00246172
1425	-0.92	-0.778975	0.00246198
1426	-0.92	-0.779074	0.00246224
1427	-0.92	-0.779173	0.0024625
1428	-0.92	-0.779272	0.00246275
1429	-0.84	-0.779314	0.00246139
1430	-0.84	-0.779357	0.00246003
1431	-0.84	-0.779399	0.00245868
1432	-0.84	-0.779441	0.00245733
1433	-0.84	-0.779484	0.00245597
1434	-0.84	-0.779526	0.00245462
1435	-0.84	-0.779568	0.00245328
1436	-0.68	-0.779499	0.00245255
1437	-0.76	-0.779485	0.00245088
1438	-0.76	-0.779471	0.00244921
1439	-0.68	-0.779402	0.00244848
1440	-0.68	-0.779333	0.00244776
1441	-0.6	-0.779209	0.00244922
1442	-0.6	-0.779085	0.00245067
1443	-0.6	-0.77896	0.00245212
1444	-0.76	-0.778947	0.00245045
1445	-0.76	-0.778934	0.00244879
1446	-0.76	-0.778921	0.00244713
1447	-0.68	-0.778853	0.0024464
1448	-0.76	-0.77884	0.00244474
1449	-0.76	-0.778827	0.00244309
1450	-0.76	-0.778814	0.00244144
1451	-0.76	-0.778801	0.00243979
1452	-0.76	-0.778788	0.00243814
1453	-0.76	-0.778775	0.0024365
1454	-0.76	-0.778762	0.00243486
1455	-0.76	-0.778749	0.00243322
1456	-0.92	-0.778846	0.00243348
1457	-0.84	-0.778888	0.00243217
1458	-0.84	-0.77893	0.00243086
1459	-0.76	-0.778917	0.00242923
1460	-0.84	-0.778959	0.00242793
1461	-0.84	-0.779001	0.00242662
1462	-0.76	-0.778988	0.002425
1463	-0.92	-0.779084	0.00242526
1464	-0.76	-0.779071	0.00242364
1465	-0.76	-0.779058	0.00242202
1466	-0.68	-0.77899	0.00242131
1467	-0.68	-0.778923	0.0024206
1468	-0.76	-0.77891	0.00241898
1469	-0.84	-0.778952	0.00241769
1470	-0.84	-0.778993	0.0024164
1471	-0.92	-0.779089	0.00241666
1472	-0.92	-0.779185	0.00241691
1473	-0.92	-0.77928	0.00241716
1474	-0.84	-0.779322	0.00241588
1475	-0.92	-0.779417	0.00241612
1476	-0.92	-0.779512	0.00241636
1477	-0.92	-0.779607	0.0024166
1478	-0.92	-0.779702	0.00241683
1479	-0.92	-0.779797	0.00241706
1480	-0.92	-0.779892	0.00241728
1481	-0.92	-0.779986	0.0024175
1482	-0.84	-0.780027	0.00241621
1483	-0.84	-0.780067	0.00241491
1484	-0.76	-0.780054	0.00241332
1485	-0.92	-0.780148	0.00241354
1486	-0.92	-0.780242	0.00241375
1487	-0.92	-0.780336	0.00241396
1488	-0.92	-0.78043	0.00241416
1489	-0.92	-0.780524	0.00241436
1490	-0.92	-0.780617	0.00241455
1491	-0.92	-0.780711	0.00241474
1492	-0.92	-0.780804	0.00241493
1493	-0.84	-0.780844	0.00241364
1494	-0.84	-0.780884	0.00241234
1495	-0.92	-0.780977	0.00241253
1496	-0.92	-0.78107	0.0024127
1497	-0.92	-0.781162	0.00241288
1498	-0.92	-0.781255	0.00241305
1499	-0.84	-0.781294	0.00241175
1500	-0.92	-0.781387	0.00241192
1501	-0.92	-0.781479	0.00241208
1502	-0.92	-0.781571	0.00241224
1503	-0.84	-0.78161	0.00241094
1504	-0.92	-0.781702	0.0024111
1505	-0.92	-0.781794	0.00241125
1506	-0.84	-0.781833	0.00240996
1507	-0.92	-0.781924	0.0024101
1508	-0.92	-0.782016	0.00241024
1509	-0.76	-0.782001	0.00240869
1510	-0.68	-0.781934	0.00240804
1511	-0.68	-0.781866	0.00240739
1512	-0.76	-0.781852	0.00240584
1513	-0.68	-0.781785	0.00240519
1514	-0.68	-0.781717	0.00240454
1515	-0.68	-0.78165	0.00240389
1516	-0.68	-0.781583	0.00240324
1517	-0.68	-0.781516	0.00240259
1518	-0.68	-0.781449	0.00240194
1519	-0.76	-0.781435	0.0024004
1520	-0.76	-0.781421	0.00239886
1521	-0.76	-0.781407	0.00239732
1522	-0.84	-0.781445	0.00239606
1523	-0.92	-0.781536	0.00239621
1524	-0.92	-0.781627	0.00239636
1525	-0.84	-0.781666	0.0023951
1526	-0.84	-0.781704	0.00239383
1527	-0.84	-0.781742	0.00239257
1528	-0.92	-0.781832	0.00239271
1529	-0.76	-0.781818	0.00239119
1530	-0.76	-0.781804	0.00238967
1531	-0.84	-0.781842	0.00238841
1532	-0.84	-0.78188	0.00238715
1533	-0.76	-0.781866	0.00238564
1534	-0.84	-0.781904	0.00238438
1535	-0.92	-0.781993	0.00238453
1536	-0.92	-0.782083	0.00238467
1537	-0.92	-0.782173	0.0023848
1538	-0.84	-0.782211	0.00238355
1539	-0.76	-0.782196	0.00238204
1540	-0.76	-0.782182	0.00238054
1541	-0.84	-0.782219	0.00237929
1542	-0.92	-0.782309	0.00237943
1543	-0.76	-0.782294	0.00237793
1544	-0.76	-0.78228	0.00237643
1545	-0.68	-0.782214	0.00237581
1546	-0.84	-0.782251	0.00237457
1547	-0.52	-0.782081	0.00237908
1548	-0.68	-0.782016	0.00237846
1549	-0.76	-0.782001	0.00237697
1550	-0.68	-0.781935	0.00237634
1551	-0.76	-0.781921	0.00237485
1552	-0.76	-0.781907	0.00237337
1553	-0.76	-0.781893	0.00237188
1554	-0.92	-0.781982	0.00237202
1555	-0.92	-0.782071	0.00237215
1556	-0.84	-0.782108	0.00237092
1557	-0.84	-0.782145	0.00236969
1558	-0.84	-0.782182	0.00236846
1559	-0.84	-0.782219	0.00236723
1560	-0.84	-0.782256	0.002366
1561	-0.84	-0.782293	0.00236477
1562	-0.76	-0.782279	0.0023633
1563	-0.76	-0.782265	0.00236183
1564	-0.68	-0.782199	0.00236123
1565	-0.68	-0.782134	0.00236062
1566	-0.68	-0.782069	0.00236002
1567	-0.84	-0.782106	0.0023588
1568	-0.84	-0.782143	0.00235758
1569	-0.84	-0.78218	0.00235637
1570	-0.84	-0.782217	0.00235515
1571	-0.84	-0.782253	0.00235394
1572	-0.68	-0.782188	0.00235334
1573	-0.68	-0.782123	0.00235274
1574	-0.68	-0.782058	0.00235214
1575	-0.68	-0.781994	0.00235154
1576	-0.76	-0.78198	0.00235009
1577	-0.76	-0.781966	0.00234864
1578	-0.68	-0.781901	0.00234804
1579	-0.84	-0.781938	0.00234684
1580	-0.84	-0.781975	0.00234565
1581	-0.84	-0.782011	0.00234445
1582	-0.84	-0.782048	0.00234325
1583	-0.84	-0.782085	0.00234206
1584	-0.84	-0.782121	0.00234087
1585	-0.84	-0.782158	0.00233967
1586	-0.84	-0.782194	0.00233848
1587	-0.76	-0.78218	0.00233705
1588	-0.68	-0.782116	0.00233646
1589	-0.84	-0.782152	0.00233528
1590	-0.84	-0.782189	0.00233409
1591	-0.68	-0.782124	0.00233351
1592	-0.68	-0.78206	0.00233292
1593	-0.68	-0.781996	0.00233234
1594	-0.84	-0.782033	0.00233116
1595	-0.76	-0.782019	0.00232974
1596	-0.76	-0.782005	0.00232832
1597	-0.6	-0.781891	0.00232965
1598	-0.68	-0.781827	0.00232906
1599	-0.52	-0.781664	0.00233336
1600	-0.68	-0.7816	0.00233277
1601	-0.6	-0.781487	0.00233407
1602	-0.6	-0.781373	0.00233536
1603	-0.68	-0.78131	0.00233476
1604	-0.76	-0.781297	0.00233334
1605	-0.76	-0.781283	0.00233192
1606	-0.76	-0.78127	0.00233051
1607	-0.84	-0.781307	0.00232934
1608	-0.84	-0.781343	0.00232818
1609	-0.76	-0.78133	0.00232677
1610	-0.76	-0.781317	0.00232536
1611	-0.76	-0.781304	0.00232396
1612	-0.76	-0.78129	0.00232255
1613	-0.68	-0.781228	0.00232196
1614	-0.84	-0.781264	0.00232081
1615	-0.76	-0.781251	0.00231941
1616	-0.68	-0.781188	0.00231882
1617	-0.68	-0.781126	0.00231823
1618	-0.76	-0.781112	0.00231683
1619	-0.76	-0.781099	0.00231544
1620	-0.76	-0.781086	0.00231405
1621	-0.68	-0.781024	0.00231346
1622	-0.68	-0.780962	0.00231287
1623	-0.76	-0.780949	0.00231148
1624	-0.84	-0.780985	0.00231034
1625	-0.76	-0.780972	0.00230896
1626	-0.92	-0.781058	0.00230912
1627	-0.76	-0.781045	0.00230774
1628	-0.92	-0.78113	0.0023079
1629	-0.92	-0.781215	0.00230806
1630	-0.92	-0.781301	0.00230821
1631	-0.92	-0.781386	0.00230836
1632	-0.92	-0.781471	0.00230851
1633	-0.92	-0.781555	0.00230865
1634	-0.92	-0.78164	0.0023088
1635	-0.92	-0.781725	0.00230894
1636	-0.92	-0.781809	0.00230907
1637	-0.92	-0.781894	0.0023092
1638	-0.84	-0.781929	0.00230807
1639	-0.84	-0.781965	0.00230693
1640	-0.84	-0.782	0.00230579
1641	-0.84	-0.782035	0.00230466
1642	-0.84	-0.782071	0.00230353
1643	-0.84	-0.782106	0.00230239
1644	-0.84	-0.782141	0.00230126
1645	-0.84	-0.782176	0.00230013
1646	-0.92	-0.78226	0.00230026
1647	-0.84	-0.782295	0.00229913
1648	-0.76	-0.782282	0.00229777
1649	-0.84	-0.782317	0.00229665
1650	-0.84	-0.782352	0.00229552
1651	-0.92	-0.782435	0.00229564
1652	-0.92	-0.782518	0.00229576
1653	-0.92	-0.782601	0.00229588
1654	-0.84	-0.782636	0.00229476
1655	-0.76	-0.782622	0.00229341
1656	-0.68	-0.78256	0.00229286
1657	-0.68	-0.782498	0.00229231
1658	-0.68	-0.782437	0.00229176
1659	-0.6	-0.782327	0.00229302
1660	-0.68	-0.782265	0.00229247
1661	-0.92	-0.782348	0.00229259
1662	-0.92	-0.782431	0.0022927
1663	-0.92	-0.782514	0.00229282
1664	-0.84	-0.782548	0.0022917
1665	-0.68	-0.782486	0.00229115
1666	-0.68	-0.782425	0.0022906
1667	-0.76	-0.782412	0.00228927
1668	-0.76	-0.782398	0.00228793
1669	-0.76	-0.782385	0.0022866
1670	-0.76	-0.782371	0.00228527
1671	-0.6	-0.782262	0.00228651
1672	-0.76	-0.782249	0.00228518
1673	-0.76	-0.782236	0.00228385
1674	-0.6	-0.782127	0.00228508
1675	-0.6	-0.782018	0.0022863
1676	-0.68	-0.781957	0.00228575
1677	-0.76	-0.781944	0.00228443
1678	-0.76	-0.781931	0.0022831
1679	-0.84	-0.781965	0.002282
1680	-0.76	-0.781952	0.00228068
1681	-0.76	-0.781939	0.00227936
1682	-0.84	-0.781974	0.00227827
1683	-0.84	-0.782008	0.00227717
1684	-0.84	-0.782043	0.00227608
1685	-0.84	-0.782077	0.00227499
1686	-0.84	-0.782112	0.0022739
1687	-0.68	-0.782051	0.00227336
1688	-0.68	-0.781991	0.00227282
1689	-0.68	-0.78193	0.00227227
1690	-0.76	-0.781917	0.00227096
1691	-0.76	-0.781904	0.00226966
1692	-0.84	-0.781939	0.00226858
1693	-0.76	-0.781926	0.00226727
1694	-0.68	-0.781865	0.00226673
1695	-0.68	-0.781805	0.00226619
1696	-0.68	-0.781745	0.00226565
1697	-0.6	-0.781638	0.00226685
1698	-0.68	-0.781578	0.0022663
1699	-0.6	-0.781471	0.00226749
1700	-0.6	-0.781365	0.00226867
1701	-0.68	-0.781305	0.00226811
1702	-0.76	-0.781293	0.00226682
1703	-0.68	-0.781233	0.00226627
1704	-0.76	-0.781221	0.00226497
1705	-0.68	-0.781161	0.00226442
1706	-0.76	-0.781149	0.00226313
1707	-0.76	-0.781136	0.00226183
1708	-0.76	-0.781124	0.00226054
1709	-0.68	-0.781065	0.00225999
1710	-0.76	-0.781053	0.00225871
1711	-0.76	-0.78104	0.00225742
1712	-0.76	-0.781028	0.00225613
1713	-0.76	-0.781016	0.00225485
1714	-0.76	-0.781004	0.00225357
1715	-0.76	-0.780991	0.00225229
1716	-0.68	-0.780932	0.00225174
1717	-0.84	-0.780967	0.00225069
1718	-0.76	-0.780955	0.00224942
1719	-0.68	-0.780896	0.00224887
1720	-0.6	-0.780791	0.00225002
1721	-0.44	-0.780593	0.00225742
1722	-0.6	-0.780488	0.00225854
1723	-0.6	-0.780383	0.00225966
1724	-0.84	-0.780418	0.00225862
1725	-0.84	-0.780452	0.00225757
1726	-0.84	-0.780487	0.00225653
1727	-0.68	-0.780428	0.00225597
1728	-0.76	-0.780417	0.00225469
1729	-0.76	-0.780405	0.00225342
1730	-0.76	-0.780393	0.00225215
1731	-0.76	-0.780381	0.00225088
1732	-0.68	-0.780323	0.00225032
1733	-0.6	-0.780219	0.00225143
1734	-0.68	-0.780161	0.00225087
1735	-0.76	-0.78015	0.00224961
1736	-0.76	-0.780138	0.00224834
1737	-0.76	-0.780127	0.00224708
1738	-0.68	-0.780069	0.00224652
1739	-0.68	-0.780012	0.00224597
1740	-0.68	-0.779954	0.00224541
1741	-0.68	-0.779897	0.00224486
1742	-0.68	-0.779839	0.0022443
1743	-0.68	-0.779782	0.00224374
1744	-0.68	-0.779725	0.00224319
1745	-0.76	-0.779713	0.00224193
1746	-0.76	-0.779702	0.00224067
1747	-0.76	-0.779691	0.00223942
1748	-0.76	-0.77968	0.00223816
1749	-0.76	-0.779668	0.00223691
1750	-0.76	-0.779657	0.00223566
1751	-0.68	-0.7796	0.00223511
1752	-0.76	-0.779589	0.00223386
1753	-0.84	-0.779624	0.00223285
1754	-0.84	-0.779658	0.00223184
1755	-0.76	-0.779647	0.0022306
1756	-0.76	-0.779636	0.00222936
1757	-0.76	-0.779624	0.00222812
1758	-0.68	-0.779568	0.00222757
1759	-0.76	-0.779557	0.00222633
1760	-0.76	-0.779545	0.00222509
1761	-0.76	-0.779534	0.00222386
1762	-0.84	-0.779569	0.00222286
1763	-0.76	-0.779558	0.00222163
1764	-0.76	-0.779546	0.00222039
1765	-0.76	-0.779535	0.00221916
1766	-0.84	-0.77957	0.00221817
1767	-0.84	-0.779604	0.00221718
1768	-0.84	-0.779638	0.00221619
1769	-0.76	-0.779627	0.00221496
1770	-0.68	-0.779571	0.00221443
1771	-0.6	-0.779469	0.0022155
1772	-0.6	-0.779368	0.00221656
1773	-0.6	-0.779267	0.00221762
1774	-0.6	-0.779166	0.00221867
1775	-0.6	-0.779065	0.00221972
1776	-0.68	-0.779009	0.00221917
1777	-0.76	-0.778998	0.00221795
1778	-0.76	-0.778988	0.00221672
1779	-0.76	-0.778977	0.0022155
1780	-0.68	-0.778921	0.00221496
1781	-0.76	-0.778911	0.00221374
1782	-0.76	-0.7789	0.00221252
1783	-0.76	-0.77889	0.0022113
1784	-0.6	-0.778789	0.00221234
1785	-0.68	-0.778734	0.00221179
1786	-0.84	-0.778768	0.00221082
1787	-0.92	-0.778847	0.00221099
1788	-0.92	-0.778926	0.00221117
1789	-0.84	-0.77896	0.00221019
1790	-0.92	-0.779039	0.00221036
1791	-0.76	-0.779028	0.00220915
1792	-0.84	-0.779062	0.00220818
1793	-0.92	-0.779141	0.00220835
1794	-0.92	-0.77922	0.00220852
1795	-0.92	-0.779298	0.00220868
1796	-0.92	-0.779376	0.00220884
1797	-0.92	-0.779455	0.00220899
1798	-0.92	-0.779533	0.00220915
1799	-0.84	-0.779566	0.00220818
1800	-0.76	-0.779556	0.00220698
1801	-0.76	-0.779545	0.00220578
1802	-0.6	-0.779445	0.0022068
1803	-0.6	-0.779346	0.00220782
1804	-0.68	-0.77929	0.00220729
1805	-0.6	-0.779191	0.0022083
1806	-0.68	-0.779136	0.00220776
1807	-0.68	-0.779081	0.00220722
1808	-0.76	-0.779071	0.00220602
1809	-0.76	-0.77906	0.00220483
1810	-0.68	-0.779006	0.00220429
1811	-0.68	-0.778951	0.00220375
1812	-0.76	-0.77894	0.00220256
1813	-0.76	-0.77893	0.00220137
1814	-0.76	-0.77892	0.00220018
1815	-0.68	-0.778865	0.00219964
1816	-0.6	-0.778767	0.00220063
1817	-0.76	-0.778756	0.00219945
1818	-0.76	-0.778746	0.00219826
1819	-0.84	-0.77878	0.00219731
1820	-0.84	-0.778813	0.00219636
1821	-0.76	-0.778803	0.00219518
1822	-0.68	-0.778749	0.00219464
1823	-0.76	-0.778738	0.00219346
1824	-0.76	-0.778728	0.00219228
1825	-0.84	-0.778762	0.00219134
1826	-0.84	-0.778795	0.0021904
1827	-0.84	-0.778829	0.00218945
1828	-0.76	-0.778818	0.00218828
1829	-0.84	-0.778852	0.00218734
1830	-0.76	-0.778842	0.00218617
1831	-0.84	-0.778875	0.00218523
1832	-0.84	-0.778908	0.00218429
1833	-0.76	-0.778898	0.00218312
1834	-0.76	-0.778888	0.00218196
1835	-0.76	-0.778877	0.00218079
1836	-0.84	-0.778911	0.00217986
1837	-0.84	-0.778944	0.00217892
1838	-0.76	-0.778934	0.00217776
1839	-0.68	-0.77888	0.00217724
1840	-0.76	-0.77887	0.00217608
1841	-0.68	-0.778816	0.00217556
1842	-0.68	-0.778762	0.00217504
1843	-0.84	-0.778795	0.00217412
1844	-0.76	-0.778785	0.00217296
1845	-0.68	-0.778732	0.00217244
1846	-0.76	-0.778722	0.00217129
1847	-0.76	-0.778711	0.00217014
1848	-0.76	-0.778701	0.00216899
1849	-0.84	-0.778734	0.00216807
1850	-0.84	-0.778768	0.00216715
1851	-0.84	-0.778801	0.00216623
1852	-0.6	-0.778704	0.00216721
1853	-0.68	-0.778651	0.0021667
1854	-0.84	-0.778684	0.00216578
1855	-0.68	-0.778631	0.00216527
1856	-0.76	-0.778621	0.00216412
1857	-0.76	-0.778611	0.00216298
1858	-0.84	-0.778644	0.00216207
1859	-0.84	-0.778677	0.00216116
1860	-0.84	-0.77871	0.00216025
1861	-0.84	-0.778743	0.00215934
1862	-0.84	-0.778776	0.00215843
1863	-0.84	-0.778808	0.00215752
1864	-0.84	-0.778841	0.00215661
1865	-0.84	-0.778874	0.0021557
1866	-0.84	-0.778907	0.0021548
1867	-0.84	-0.778939	0.00215389
1868	-0.76	-0.778929	0.00215276
1869	-0.76	-0.778919	0.00215163
1870	-0.68	-0.778866	0.00215113
1871	-0.84	-0.778899	0.00215023
1872	-0.84	-0.778932	0.00214933
1873	-0.68	-0.778879	0.00214883
1874	-0.68	-0.778826	0.00214833
1875	-0.68	-0.778773	0.00214783
1876	-0.68	-0.778721	0.00214733
1877	-0.76	-0.778711	0.00214621
1878	-0.84	-0.778743	0.00214532
1879	-0.84	-0.778776	0.00214442
1880	-0.84	-0.778809	0.00214353
1881	-0.92	-0.778884	0.0021437
1882	-0.92	-0.778959	0.00214388
1883	-0.92	-0.779033	0.00214405
1884	-0.92	-0.779108	0.00214421
1885	-0.84	-0.779141	0.00214332
1886	-0.92	-0.779215	0.00214348
1887	-0.84	-0.779247	0.00214259
1888	-0.84	-0.77928	0.0021417
1889	-0.76	-0.779269	0.00214059
1890	-0.76	-0.779259	0.00213948
1891	-0.68	-0.779207	0.00213899
1892	-0.76	-0.779197	0.00213788
1893	-0.68	-0.779144	0.0021374
1894	-0.68	-0.779092	0.00213691
1895	-0.68	-0.77904	0.00213642
1896	-0.6	-0.778945	0.00213738
1897	-0.6	-0.778851	0.00213834
1898	-0.52	-0.778714	0.00214156
1899	-0.6	-0.77862	0.0021425
1900	-0.68	-0.778568	0.002142
1901	-0.52	-0.778432	0.00214519
1902	-0.76	-0.778423	0.00214408
1903	-0.76	-0.778413	0.00214297
1904	-0.76	-0.778403	0.00214187
1905	-0.76	-0.778394	0.00214077
1906	-0.76	-0.778384	0.00213967
1907	-0.68	-0.778332	0.00213917
1908	-0.84	-0.778365	0.00213829
1909	-0.92	-0.778439	0.00213846
1910	-0.92	-0.778513	0.00213862
1911	-0.84	-0.778545	0.00213774
1912	-0.92	-0.778619	0.00213791
1913	-0.92	-0.778693	0.00213807
1914	-0.92	-0.778767	0.00213822
1915	-0.84	-0.778799	0.00213735
1916	-0.84	-0.778831	0.00213647
1917	-0.76	-0.778821	0.00213538
1918	-0.76	-0.778811	0.00213429
1919	-0.76	-0.778801	0.0021332
1920	-0.76	-0.778792	0.00213211
1921	-0.76	-0.778782	0.00213102
1922	-0.68	-0.77873	0.00213053
1923	-0.76	-0.778721	0.00212944
1924	-0.76	-0.778711	0.00212836
1925	-0.76	-0.778701	0.00212728
1926	-0.76	-0.778692	0.00212619
1927	-0.68	-0.77864	0.00212571
1928	-0.68	-0.778589	0.00212522
1929	-0.84	-0.778621	0.00212436
1930	-0.84	-0.778653	0.00212349
1931	-0.76	-0.778643	0.00212241
1932	-0.76	-0.778634	0.00212134
1933	-0.76	-0.778624	0.00212026
1934	-0.68	-0.778573	0.00211978
1935	-0.68	-0.778522	0.0021193
1936	-0.6	-0.77843	0.00212021
1937	-0.84	-0.778462	0.00211935
1938	-0.84	-0.778493	0.00211849
1939	-0.84	-0.778525	0.00211764
1940	-0.76	-0.778515	0.00211657
1941	-0.76	-0.778506	0.0021155
1942	-0.76	-0.778496	0.00211443
1943	-0.84	-0.778528	0.00211358
1944	-0.76	-0.778519	0.00211251
1945	-0.84	-0.77855	0.00211166
1946	-0.84	-0.778582	0.00211082
1947	-0.76	-0.778572	0.00210975
1948	-0.84	-0.778604	0.0021089
1949	-0.84	-0.778635	0.00210806
1950	-0.76	-0.778626	0.002107
1951	-0.84	-0.778657	0.00210615
1952	-0.84	-0.778689	0.00210531
1953	-0.76	-0.778679	0.00210425
1954	-0.68	-0.778628	0.00210378
1955	-0.68	-0.778578	0.00210331
1956	-0.6	-0.778487	0.00210422
1957	-0.6	-0.778396	0.00210512
1958	-0.6	-0.778304	0.00210601
1959	-0.6	-0.778213	0.0021069
1960	-0.76	-0.778204	0.00210585
1961	-0.68	-0.778154	0.00210537
1962	-0.76	-0.778145	0.00210432
1963	-0.84	-0.778176	0.00210348
1964	-0.6	-0.778086	0.00210437
1965	-0.84	-0.778117	0.00210353
1966	-0.76	-0.778108	0.00210248
1967	-0.6	-0.778017	0.00210336
1968	-0.68	-0.777967	0.00210288
1969	-0.68	-0.777918	0.0021024
1970	-0.76	-0.777909	0.00210136
1971	-0.76	-0.7779	0.00210031
1972	-0.6	-0.777809	0.00210118
1973	-0.6	-0.777719	0.00210205
1974	-0.52	-0.777589	0.00210504
1975	-0.6	-0.777499	0.00210589
1976	-0.6	-0.777409	0.00210674
1977	-0.68	-0.77736	0.00210625
1978	-0.76	-0.777351	0.0021052
1979	-0.76	-0.777342	0.00210416
1980	-0.84	-0.777374	0.00210333
1981	-0.76	-0.777365	0.00210229
1982	-0.68	-0.777316	0.0021018
1983	-0.84	-0.777347	0.00210098
1984	-0.68	-0.777298	0.00210049
1985	-0.68	-0.777249	0.00210001
1986	-0.68	-0.7772	0.00209952
1987	-0.68	-0.777151	0.00209904
1988	-0.68	-0.777103	0.00209855
1989	-0.68	-0.777054	0.00209806
1990	-0.76	-0.777045	0.00209702
1991	-0.68	-0.776996	0.00209654
1992	-0.6	-0.776908	0.00209737
1993	-0.52	-0.776779	0.00210027
1994	-0.6	-0.77669	0.00210109
1995	-0.68	-0.776642	0.0021006
1996	-0.68	-0.776593	0.0021001
1997	-0.76	-0.776585	0.00209907
1998	-0.92	-0.776657	0.00209924
1999	-0.92	-0.776728	0.00209942
2000	-0.84	-0.77676	0.00209861
