1	-0.44	-0.44	0
2	-0.52	-0.48	0.04
3	-0.36	-0.44	0.046188
4	-0.36	-0.42	0.0382971
5	-0.52	-0.44	0.0357771
6	-0.6	-0.466667	0.0395531
7	-0.52	-0.474286	0.0342857
8	-0.6	-0.49	0.0335942
9	-0.52	-0.493333	0.0298142
10	-0.6	-0.504	0.0287209
11	-0.6	-0.512727	0.0274057
12	-0.6	-0.52	0.0260536
13	-0.76	-0.538462	0.0302521
14	-0.68	-0.548571	0.0297768
15	-0.68	-0.557333	0.0290724
16	-0.6	-0.56	0.0273252
17	-0.68	-0.567059	0.0266205
18	-0.76	-0.577778	0.0272912
19	-0.84	-0.591579	0.0292725
20	-0.76	-0.6	0.0290191
21	-0.44	-0.592381	0.0286349
22	-0.52	-0.589091	0.0274998
23	-0.76	-0.596522	0.0273074
24	-0.52	-0.593333	0.0263386
25	-0.6	-0.5936	0.0252645
26	-0.44	-0.587692	0.0249819
27	-0.68	-0.591111	0.0242807
28	-0.68	-0.594286	0.0236119
29	-0.76	-0.6	0.0234888
30	-0.6	-0.6	0.0226923
31	-0.68	-0.602581	0.0220993
32	-0.68	-0.605	0.0215339
33	-0.44	-0.6	0.0214617
34	-0.6	-0.6	0.0208209
35	-0.6	-0.6	0.0202173
36	-0.6	-0.6	0.0196477
37	-0.68	-0.602162	0.0192312
38	-0.44	-0.597895	0.0191986
39	-0.6	-0.597949	0.0186999
40	-0.6	-0.598	0.0182265
41	-0.36	-0.592195	0.0187002
42	-0.44	-0.588571	0.0186058
43	-0.52	-0.586977	0.0182378
44	-0.76	-0.590909	0.0182472
45	-0.52	-0.589333	0.0179066
46	-0.52	-0.587826	0.0175777
47	-0.6	-0.588085	0.0172016
48	-0.6	-0.588333	0.0168413
49	-0.6	-0.588571	0.0164957
50	-0.52	-0.5872	0.0162205
51	-0.52	-0.585882	0.0159538
52	-0.44	-0.583077	0.0158935
53	-0.52	-0.581887	0.0156361
54	-0.6	-0.582222	0.0153475
55	-0.6	-0.582545	0.0150694
56	-0.52	-0.581429	0.0148399
57	-0.44	-0.578947	0.0147869
58	-0.6	-0.57931	0.0145342
59	-0.6	-0.579661	0.0142901
60	-0.52	-0.578667	0.014085
61	-0.68	-0.580328	0.0139515
62	-0.76	-0.583226	0.0140272
63	-0.76	-0.586032	0.0140851
64	-0.76	-0.58875	0.0141272
65	-0.6	-0.588923	0.0139093
66	-0.68	-0.590303	0.0137662
67	-0.52	-0.589254	0.0135997
68	-0.68	-0.590588	0.0134646
69	-0.68	-0.591884	0.0133311
70	-0.68	-0.593143	0.0131994
71	-0.68	-0.594366	0.0130696
72	-0.68	-0.595556	0.0129416
73	-0.6	-0.595616	0.0127632
74	-0.6	-0.595676	0.0125897
75	-0.68	-0.5968	0.0124715
76	-0.76	-0.598947	0.0124922
77	-0.76	-0.601039	0.0125051
78	-0.68	-0.602051	0.0123851
79	-0.6	-0.602025	0.0122274
80	-0.52	-0.601	0.012117
81	-0.68	-0.601975	0.0120062
82	-0.76	-0.603902	0.0120144
83	-0.52	-0.602892	0.0119118
84	-0.6	-0.602857	0.0117692
85	-0.6	-0.602824	0.0116299
86	-0.52	-0.60186	0.0115342
87	-0.6	-0.601839	0.0114009
88	-0.6	-0.601818	0.0112706
89	-0.68	-0.602697	0.0111778
90	-0.6	-0.602667	0.0110529
91	-0.52	-0.601758	0.0109685
92	-0.6	-0.601739	0.0108486
93	-0.6	-0.60172	0.0107313
94	-0.68	-0.602553	0.0106492
95	-0.76	-0.604211	0.010666
96	-0.76	-0.605833	0.0106784
97	-0.52	-0.604948	0.0106047
98	-0.6	-0.604898	0.0104961
99	-0.68	-0.605657	0.0104172
100	-0.6	-0.6056	0.0103126
101	-0.6	-0.605545	0.0102101
102	-0.52	-0.604706	0.0101443
103	-0.52	-0.603883	0.0100789
104	-0.52	-0.603077	0.0100141
105	-0.44	-0.601524	0.0100391
106	-0.6	-0.601509	0.00994395
107	-0.68	-0.602243	0.00987785
108	-0.6	-0.602222	0.00978599
109	-0.44	-0.600734	0.00980935
110	-0.6	-0.600727	0.00971977
111	-0.52	-0.6	0.00965922
112	-0.52	-0.599286	0.0095992
113	-0.6	-0.599292	0.00951388
114	-0.6	-0.599298	0.00943005
115	-0.68	-0.6	0.009374
116	-0.6	-0.6	0.00929284
117	-0.76	-0.601368	0.00931401
118	-0.6	-0.601356	0.00923475
119	-0.52	-0.600672	0.0091823
120	-0.44	-0.599333	0.00920338
121	-0.6	-0.599339	0.009127
122	-0.52	-0.598689	0.00907521
123	-0.44	-0.597398	0.00909312
124	-0.36	-0.595484	0.00922044
125	-0.44	-0.59424	0.00923057
126	-0.44	-0.593016	0.00923848
127	-0.76	-0.594331	0.00925927
128	-0.6	-0.594375	0.00918676
129	-0.68	-0.595039	0.0091394
130	-0.6	-0.595077	0.0090689
131	-0.68	-0.595725	0.00902273
132	-0.52	-0.595152	0.00897247
133	-0.6	-0.595188	0.00890483
134	-0.6	-0.595224	0.0088382
135	-0.52	-0.594667	0.00879016
136	-0.68	-0.595294	0.00874782
137	-0.68	-0.595912	0.00870572
138	-0.68	-0.596522	0.00866386
139	-0.6	-0.596547	0.00860134
140	-0.6	-0.596571	0.00853972
141	-0.68	-0.597163	0.00849955
142	-0.68	-0.597746	0.00845962
143	-0.76	-0.598881	0.00847654
144	-0.6	-0.598889	0.00841747
145	-0.76	-0.6	0.00843274
146	-0.68	-0.600548	0.00839269
147	-0.6	-0.600544	0.0083354
148	-0.6	-0.600541	0.00827889
149	-0.6	-0.600537	0.00822314
150	-0.6	-0.600533	0.00816814
151	-0.36	-0.59894	0.00826875
152	-0.6	-0.598947	0.00821417
153	-0.76	-0.6	0.00822792
154	-0.84	-0.601558	0.00832155
155	-0.68	-0.602065	0.00828316
156	-0.68	-0.602564	0.00824504
157	-0.6	-0.602548	0.00819238
158	-0.6	-0.602532	0.00814038
159	-0.68	-0.603019	0.00810368
160	-0.6	-0.603	0.00805289
161	-0.6	-0.602981	0.00800274
162	-0.6	-0.602963	0.00795321
163	-0.68	-0.603436	0.00791838
164	-0.52	-0.602927	0.00788638
165	-0.52	-0.602424	0.00785453
166	-0.44	-0.601446	0.00786815
167	-0.28	-0.599521	0.00805427
168	-0.44	-0.598571	0.0080623
169	-0.52	-0.598107	0.00802792
170	-0.36	-0.596706	0.00810253
171	-0.52	-0.596257	0.00806749
172	-0.36	-0.594884	0.00813722
173	-0.44	-0.593988	0.00813944
174	-0.68	-0.594483	0.00810761
175	-0.6	-0.594514	0.00806121
176	-0.52	-0.594091	0.00802645
177	-0.68	-0.594576	0.00799572
178	-0.44	-0.593708	0.00799795
179	-0.36	-0.592402	0.0080596
180	-0.52	-0.592	0.00802479
181	-0.6	-0.592044	0.00798045
182	-0.44	-0.591209	0.00798033
183	-0.6	-0.591257	0.00793675
184	-0.68	-0.591739	0.00790822
185	-0.52	-0.591351	0.00787491
186	-0.44	-0.590538	0.00787461
187	-0.44	-0.589733	0.00787365
188	-0.36	-0.588511	0.00792641
189	-0.36	-0.587302	0.00797653
190	-0.6	-0.587368	0.00793472
191	-0.68	-0.587853	0.00790795
192	-0.68	-0.588333	0.00788128
193	-0.6	-0.588394	0.00784057
194	-0.6	-0.588454	0.00780028
195	-0.68	-0.588923	0.00777437
196	-0.76	-0.589796	0.00778369
197	-0.36	-0.588629	0.00783144
198	-0.52	-0.588283	0.00779949
199	-0.52	-0.58794	0.00776778
200	-0.44	-0.5872	0.00776416
201	-0.6	-0.587264	0.0077257
202	-0.52	-0.586931	0.00769457
203	-0.68	-0.587389	0.00767028
204	-0.68	-0.587843	0.00764608
205	-0.52	-0.587512	0.00761588
206	-0.6	-0.587573	0.00757907
207	-0.52	-0.587246	0.00754943
208	-0.52	-0.586923	0.00751999
209	-0.36	-0.585837	0.00756228
210	-0.52	-0.585524	0.00753271
211	-0.68	-0.585972	0.00751028
212	-0.76	-0.586792	0.00751971
213	-0.68	-0.58723	0.00749711
214	-0.68	-0.587664	0.00747457
215	-0.6	-0.587721	0.00743995
216	-0.68	-0.588148	0.00741774
217	-0.76	-0.58894	0.00742582
218	-0.68	-0.589358	0.00740348
219	-0.6	-0.589406	0.00736975
220	-0.44	-0.588727	0.00736754
221	-0.44	-0.588054	0.00736494
222	-0.52	-0.587748	0.0073381
223	-0.52	-0.587444	0.00731143
224	-0.52	-0.587143	0.00728494
225	-0.68	-0.587556	0.00726422
226	-0.76	-0.588319	0.00727215
227	-0.76	-0.589075	0.00727944
228	-0.68	-0.589474	0.00725841
229	-0.68	-0.589869	0.00723744
230	-0.76	-0.590609	0.00724377
231	-0.68	-0.590996	0.00722272
232	-0.6	-0.591034	0.00719163
233	-0.68	-0.591416	0.00717087
234	-0.52	-0.591111	0.00714668
235	-0.68	-0.591489	0.00712625
236	-0.6	-0.591525	0.00709608
237	-0.52	-0.591224	0.00707252
238	-0.68	-0.591597	0.00705261
239	-0.52	-0.591297	0.00702942
240	-0.6	-0.591333	0.00700017
241	-0.6	-0.591369	0.00697115
242	-0.52	-0.591074	0.00694855
243	-0.6	-0.591111	0.00691999
244	-0.52	-0.59082	0.00689773
245	-0.44	-0.590204	0.00689705
246	-0.52	-0.589919	0.00687488
247	-0.44	-0.589312	0.00687384
248	-0.6	-0.589355	0.0068462
249	-0.6	-0.589398	0.00681878
250	-0.6	-0.58944	0.00679159
251	-0.44	-0.588845	0.00679063
252	-0.6	-0.588889	0.00676377
253	-0.52	-0.588617	0.00674248
254	-0.68	-0.588976	0.00672551
255	-0.44	-0.588392	0.00672451
256	-0.52	-0.588125	0.00670352
257	-0.6	-0.588171	0.00667755
258	-0.6	-0.588217	0.00665177
259	-0.76	-0.58888	0.00665915
260	-0.68	-0.589231	0.00664274
261	-0.6	-0.589272	0.00661737
262	-0.76	-0.589924	0.00662419
263	-0.68	-0.590266	0.00660784
264	-0.6	-0.590303	0.00658287
265	-0.52	-0.590038	0.00656334
266	-0.68	-0.590376	0.00654736
267	-0.52	-0.590112	0.00652812
268	-0.44	-0.589552	0.00652779
269	-0.6	-0.589591	0.00650359
270	-0.6	-0.58963	0.00647958
271	-0.6	-0.589668	0.00645573
272	-0.6	-0.589706	0.00643207
273	-0.44	-0.589158	0.00643188
274	-0.6	-0.589197	0.00640849
275	-0.6	-0.589236	0.00638526
276	-0.6	-0.589275	0.00636221
277	-0.6	-0.589314	0.00633931
278	-0.68	-0.58964	0.00632489
279	-0.6	-0.589677	0.00630229
280	-0.68	-0.59	0.00628802
281	-0.68	-0.59032	0.00627378
282	-0.6	-0.590355	0.00625159
283	-0.52	-0.590106	0.00623442
284	-0.52	-0.589859	0.00621733
285	-0.6	-0.589895	0.00619558
286	-0.6	-0.58993	0.00617398
287	-0.76	-0.590523	0.0061809
288	-0.6	-0.590556	0.00615949
289	-0.44	-0.590035	0.00616021
290	-0.76	-0.590621	0.00616684
291	-0.68	-0.590928	0.00615328
292	-0.52	-0.590685	0.00613698
293	-0.44	-0.590171	0.00613759
294	-0.52	-0.589932	0.00612133
295	-0.6	-0.589966	0.00610064
296	-0.6	-0.59	0.00608009
297	-0.6	-0.590034	0.00605968
298	-0.6	-0.590067	0.0060394
299	-0.52	-0.589833	0.00602373
300	-0.6	-0.589867	0.00600371
301	-0.68	-0.590166	0.00599122
302	-0.76	-0.590728	0.00599777
303	-0.76	-0.591287	0.00600399
304	-0.6	-0.591316	0.00598428
305	-0.52	-0.591082	0.0059692
306	-0.76	-0.591634	0.00597522
307	-0.68	-0.591922	0.00596267
308	-0.68	-0.592208	0.00595016
309	-0.52	-0.591974	0.00593547
310	-0.6	-0.592	0.00591635
311	-0.52	-0.591768	0.00590184
312	-0.6	-0.591795	0.00588295
313	-0.6	-0.591821	0.00586419
314	-0.52	-0.591592	0.00584995
315	-0.6	-0.591619	0.00583142
316	-0.52	-0.591392	0.00581735
317	-0.6	-0.59142	0.00579903
318	-0.68	-0.591698	0.00578747
319	-0.68	-0.591975	0.00577594
320	-0.44	-0.5915	0.00577742
321	-0.28	-0.59053	0.00584057
322	-0.44	-0.590062	0.00584114
323	-0.52	-0.589845	0.00582707
324	-0.6	-0.589877	0.00580914
325	-0.44	-0.589415	0.00580957
326	-0.52	-0.589202	0.00579563
327	-0.52	-0.588991	0.00578176
328	-0.68	-0.589268	0.00577078
329	-0.68	-0.589544	0.00575982
330	-0.68	-0.589818	0.00574887
331	-0.6	-0.589849	0.00573156
332	-0.52	-0.589639	0.00571814
333	-0.76	-0.59015	0.00572385
334	-0.68	-0.590419	0.00571303
335	-0.6	-0.590448	0.00569602
336	-0.6	-0.590476	0.00567911
337	-0.44	-0.59003	0.00567982
338	-0.6	-0.590059	0.00566306
339	-0.6	-0.590088	0.00564641
340	-0.6	-0.590118	0.00562985
341	-0.6	-0.590147	0.00561339
342	-0.6	-0.590175	0.00559703
343	-0.52	-0.589971	0.00558444
344	-0.6	-0.59	0.00556826
345	-0.6	-0.590029	0.00555217
346	-0.52	-0.589827	0.0055398
347	-0.52	-0.589625	0.00552747
348	-0.52	-0.589425	0.0055152
349	-0.52	-0.589226	0.00550297
350	-0.52	-0.589029	0.00549079
351	-0.44	-0.588604	0.00549156
352	-0.36	-0.587955	0.00551431
353	-0.6	-0.587989	0.00549878
354	-0.52	-0.587797	0.00548658
355	-0.6	-0.587831	0.00547121
356	-0.44	-0.587416	0.0054716
357	-0.6	-0.587451	0.00545637
358	-0.52	-0.587263	0.00544437
359	-0.68	-0.587521	0.00543532
360	-0.52	-0.587333	0.00542345
361	-0.44	-0.586925	0.00542378
362	-0.6	-0.586961	0.0054089
363	-0.44	-0.586556	0.00540915
364	-0.44	-0.586154	0.00540927
365	-0.52	-0.585973	0.00539748
366	-0.52	-0.585792	0.00538573
367	-0.52	-0.585613	0.00537402
368	-0.52	-0.585435	0.00536237
369	-0.44	-0.585041	0.00536232
370	-0.6	-0.585081	0.00534796
371	-0.36	-0.584474	0.00536792
372	-0.36	-0.583871	0.00538737
373	-0.6	-0.583914	0.00537308
374	-0.52	-0.583743	0.00536142
375	-0.44	-0.58336	0.00536082
376	-0.52	-0.583191	0.0053492
377	-0.68	-0.583448	0.00534117
378	-0.44	-0.583069	0.00534052
379	-0.36	-0.58248	0.00535883
380	-0.28	-0.581684	0.00540366
381	-0.36	-0.581102	0.00542078
382	-0.68	-0.581361	0.00541276
383	-0.6	-0.58141	0.00539883
384	-0.68	-0.581667	0.00539087
385	-0.36	-0.581091	0.00540759
386	-0.44	-0.580725	0.00540593
387	-0.52	-0.580568	0.00539423
388	-0.52	-0.580412	0.00538257
389	-0.44	-0.580051	0.00538084
390	-0.52	-0.579897	0.00536923
391	-0.6	-0.579949	0.00535573
392	-0.6	-0.58	0.00534229
393	-0.52	-0.579847	0.00533087
394	-0.68	-0.580102	0.0053234
395	-0.6	-0.580152	0.00531014
396	-0.68	-0.580404	0.00530271
397	-0.68	-0.580655	0.00529528
398	-0.68	-0.580905	0.00528786
399	-0.52	-0.580752	0.0052768
400	-0.6	-0.5808	0.00526381
401	-0.44	-0.580449	0.00526239
402	-0.44	-0.5801	0.0052609
403	-0.52	-0.57995	0.00524995
404	-0.36	-0.579406	0.00526516
405	-0.6	-0.579457	0.00525239
406	-0.76	-0.579901	0.00525827
407	-0.68	-0.580147	0.0052511
408	-0.52	-0.58	0.00524029
409	-0.36	-0.579462	0.00525506
410	-0.6	-0.579512	0.00524247
411	-0.6	-0.579562	0.00522993
412	-0.44	-0.579223	0.00522821
413	-0.44	-0.578886	0.00522642
414	-0.6	-0.578937	0.00521403
415	-0.52	-0.578795	0.00520339
416	-0.6	-0.578846	0.00519111
417	-0.52	-0.578705	0.00518057
418	-0.36	-0.578182	0.00519458
419	-0.44	-0.577852	0.00519265
420	-0.52	-0.577714	0.00518211
421	-0.52	-0.577577	0.0051716
422	-0.68	-0.57782	0.00516504
423	-0.76	-0.578251	0.00517078
424	-0.52	-0.578113	0.0051604
425	-0.44	-0.577788	0.00515849
426	-0.28	-0.577089	0.00519362
427	-0.36	-0.576581	0.00520633
428	-0.52	-0.576449	0.00519583
429	-0.6	-0.576503	0.005184
430	-0.76	-0.57693	0.0051895
431	-0.6	-0.576984	0.00517772
432	-0.6	-0.577037	0.005166
433	-0.6	-0.57709	0.00515433
434	-0.76	-0.577512	0.00515968
435	-0.76	-0.577931	0.00516487
436	-0.84	-0.578532	0.00518795
437	-0.76	-0.578947	0.00519269
438	-0.36	-0.578447	0.00520488
439	-0.44	-0.578132	0.00520258
440	-0.68	-0.578364	0.0051959
441	-0.6	-0.578413	0.00518434
442	-0.44	-0.5781	0.00518207
443	-0.52	-0.577968	0.00517202
444	-0.52	-0.577838	0.00516201
445	-0.6	-0.577888	0.00515064
446	-0.68	-0.578117	0.00514417
447	-0.76	-0.578523	0.00514876
448	-0.68	-0.57875	0.00514224
449	-0.68	-0.578976	0.00513573
450	-0.68	-0.5792	0.00512922
451	-0.68	-0.579424	0.00512271
452	-0.68	-0.579646	0.00511621
453	-0.6	-0.579691	0.0051051
454	-0.68	-0.579912	0.00509863
455	-0.52	-0.57978	0.00508912
456	-0.44	-0.579474	0.00508719
457	-0.6	-0.579519	0.00507624
458	-0.6	-0.579563	0.00506534
459	-0.76	-0.579956	0.00506956
460	-0.68	-0.580174	0.0050632
461	-0.68	-0.58039	0.00505684
462	-0.68	-0.580606	0.00505049
463	-0.44	-0.580302	0.00504871
464	-0.6	-0.580345	0.005038
465	-0.68	-0.580559	0.00503172
466	-0.36	-0.580086	0.00504317
467	-0.52	-0.579957	0.005034
468	-0.52	-0.579829	0.00502487
469	-0.36	-0.57936	0.005036
470	-0.52	-0.579234	0.00502686
471	-0.6	-0.579278	0.00501637
472	-0.68	-0.579492	0.00501028
473	-0.6	-0.579535	0.00499986
474	-0.6	-0.579578	0.00498949
475	-0.52	-0.579453	0.00498056
476	-0.6	-0.579496	0.00497027
477	-0.6	-0.579539	0.00496002
478	-0.52	-0.579414	0.0049512
479	-0.52	-0.57929	0.00494241
480	-0.52	-0.579167	0.00493365
481	-0.44	-0.578877	0.00493188
482	-0.6	-0.578921	0.00492183
483	-0.68	-0.57913	0.00491609
484	-0.68	-0.579339	0.00491034
485	-0.6	-0.579381	0.00490039
486	-0.52	-0.579259	0.00489183
487	-0.52	-0.579138	0.00488329
488	-0.6	-0.57918	0.00487346
489	-0.6	-0.579223	0.00486367
490	-0.52	-0.579102	0.00485524
491	-0.6	-0.579145	0.00484553
492	-0.6	-0.579187	0.00483585
493	-0.44	-0.578905	0.00483428
494	-0.52	-0.578785	0.00482596
495	-0.68	-0.57899	0.00482054
496	-0.76	-0.579355	0.00482463
497	-0.68	-0.579557	0.00481917
498	-0.6	-0.579598	0.00480966
499	-0.84	-0.58012	0.0048283
500	-0.6	-0.58016	0.0048188
501	-0.6	-0.5802	0.00480933
502	-0.44	-0.57992	0.00480786
503	-0.6	-0.57996	0.00479846
504	-0.6	-0.58	0.00478909
505	-0.36	-0.579564	0.00479941
506	-0.36	-0.57913	0.00480953
507	-0.2	-0.578383	0.00485794
508	-0.44	-0.57811	0.00485601
509	-0.6	-0.578153	0.00484665
510	-0.44	-0.577882	0.00484472
511	-0.6	-0.577926	0.00483542
512	-0.6	-0.577969	0.00482616
513	-0.84	-0.57848	0.00484375
514	-0.44	-0.57821	0.00484182
515	-0.68	-0.578408	0.00483645
516	-0.68	-0.578605	0.00483108
517	-0.6	-0.578646	0.0048219
518	-0.76	-0.578996	0.0048253
519	-0.6	-0.579037	0.00481617
520	-0.68	-0.579231	0.00481082
521	-0.6	-0.579271	0.00480174
522	-0.6	-0.57931	0.0047927
523	-0.44	-0.579044	0.00479093
524	-0.36	-0.578626	0.00480002
525	-0.28	-0.578057	0.00482452
526	-0.52	-0.577947	0.0048166
527	-0.6	-0.577989	0.00480763
528	-0.52	-0.577879	0.00479978
529	-0.6	-0.577921	0.00479088
530	-0.44	-0.57766	0.00478891
531	-0.44	-0.577401	0.0047869
532	-0.68	-0.577594	0.00478179
533	-0.6	-0.577636	0.00477299
534	-0.52	-0.577528	0.00476527
535	-0.6	-0.57757	0.00475654
536	-0.68	-0.577761	0.0047515
537	-0.68	-0.577952	0.00474646
538	-0.76	-0.57829	0.0047497
539	-0.68	-0.578479	0.00474464
540	-0.6	-0.578519	0.00473601
541	-0.68	-0.578706	0.00473097
542	-0.68	-0.578893	0.00472593
543	-0.52	-0.578785	0.00471846
544	-0.44	-0.578529	0.00471669
545	-0.6	-0.578569	0.00470819
546	-0.76	-0.578901	0.00471129
547	-0.76	-0.579232	0.00471431
548	-0.68	-0.579416	0.00470929
549	-0.44	-0.579162	0.00470756
550	-0.52	-0.579055	0.00470022
551	-0.52	-0.578947	0.00469291
552	-0.52	-0.578841	0.00468562
553	-0.6	-0.578879	0.00467729
554	-0.6	-0.578917	0.004669
555	-0.6	-0.578955	0.00466073
556	-0.52	-0.578849	0.00465355
557	-0.6	-0.578887	0.00464534
558	-0.68	-0.579068	0.00464055
559	-0.76	-0.579392	0.00464354
560	-0.6	-0.579429	0.00463538
561	-0.68	-0.579608	0.00463058
562	-0.36	-0.579217	0.00463882
563	-0.44	-0.57897	0.00463718
564	-0.52	-0.578865	0.00463013
565	-0.52	-0.578761	0.0046231
566	-0.36	-0.578375	0.00463108
567	-0.36	-0.577989	0.00463892
568	-0.44	-0.577746	0.00463711
569	-0.6	-0.577786	0.00462912
570	-0.44	-0.577544	0.00462731
571	-0.44	-0.577303	0.00462548
572	-0.52	-0.577203	0.00461847
573	-0.6	-0.577243	0.00461058
574	-0.6	-0.577282	0.00460271
575	-0.68	-0.577461	0.00459817
576	-0.68	-0.577639	0.00459363
577	-0.6	-0.577678	0.00458582
578	-0.68	-0.577855	0.0045813
579	-0.76	-0.578169	0.00458419
580	-0.76	-0.578483	0.00458701
581	-0.6	-0.57852	0.00457925
582	-0.44	-0.578282	0.00457757
583	-0.52	-0.578182	0.00457081
584	-0.68	-0.578356	0.0045663
585	-0.76	-0.578667	0.00456905
586	-0.6	-0.578703	0.00456139
587	-0.76	-0.579012	0.00456408
588	-0.68	-0.579184	0.00455955
589	-0.6	-0.579219	0.00455194
590	-0.6	-0.579254	0.00454435
591	-0.52	-0.579154	0.00453776
592	-0.6	-0.579189	0.00453023
593	-0.6	-0.579224	0.00452272
594	-0.6	-0.579259	0.00451523
595	-0.68	-0.579429	0.00451082
596	-0.52	-0.579329	0.00450435
597	-0.36	-0.578961	0.00451178
598	-0.36	-0.578595	0.00451908
599	-0.44	-0.578364	0.00451746
600	-0.6	-0.5784	0.00451007
601	-0.6	-0.578436	0.0045027
602	-0.76	-0.578738	0.00450533
603	-0.76	-0.579038	0.00450788
604	-0.68	-0.579205	0.00450351
605	-0.6	-0.57924	0.0044962
606	-0.44	-0.57901	0.00449465
607	-0.76	-0.579308	0.00449713
608	-0.6	-0.579342	0.00448986
609	-0.6	-0.579376	0.00448261
610	-0.36	-0.579016	0.00448968
611	-0.6	-0.579051	0.00448246
612	-0.68	-0.579216	0.00447817
613	-0.52	-0.579119	0.0044719
614	-0.52	-0.579023	0.00446565
615	-0.52	-0.578927	0.00445941
616	-0.52	-0.578831	0.0044532
617	-0.68	-0.578995	0.004449
618	-0.6	-0.579029	0.00444192
619	-0.68	-0.579192	0.00443774
620	-0.6	-0.579226	0.0044307
621	-0.44	-0.579002	0.00442924
622	-0.52	-0.578907	0.00442313
623	-0.52	-0.578812	0.00441704
624	-0.36	-0.578462	0.00442387
625	-0.44	-0.57824	0.00442234
626	-0.68	-0.578403	0.00441826
627	-0.6	-0.578437	0.00441134
628	-0.68	-0.578599	0.00440728
629	-0.68	-0.57876	0.00440322
630	-0.76	-0.579048	0.00440563
631	-0.84	-0.579461	0.00441804
632	-0.68	-0.57962	0.00441391
633	-0.52	-0.579526	0.00440794
634	-0.68	-0.579685	0.00440383
635	-0.6	-0.579717	0.00439701
636	-0.6	-0.579748	0.00439021
637	-0.68	-0.579906	0.00438613
638	-0.68	-0.580063	0.00438206
639	-0.68	-0.580219	0.00437799
640	-0.68	-0.580375	0.00437393
641	-0.6	-0.580406	0.00436721
642	-0.6	-0.580436	0.0043605
643	-0.6	-0.580467	0.00435382
644	-0.68	-0.580621	0.0043498
645	-0.6	-0.580651	0.00434316
646	-0.68	-0.580805	0.00433916
647	-0.6	-0.580835	0.00433255
648	-0.68	-0.580988	0.00432856
649	-0.84	-0.581387	0.00434027
650	-0.76	-0.581662	0.0043423
651	-0.68	-0.581813	0.00433825
652	-0.6	-0.58184	0.00433168
653	-0.44	-0.581623	0.00433049
654	-0.36	-0.581284	0.00433713
655	-0.52	-0.581191	0.00433151
656	-0.6	-0.58122	0.004325
657	-0.6	-0.581248	0.0043185
658	-0.6	-0.581277	0.00431203
659	-0.52	-0.581184	0.00430649
660	-0.6	-0.581212	0.00430005
661	-0.28	-0.580756	0.00431765
662	-0.52	-0.580665	0.0043121
663	-0.52	-0.580573	0.00430657
664	-0.6	-0.580602	0.00430018
665	-0.52	-0.580511	0.00429467
666	-0.6	-0.580541	0.00428832
667	-0.52	-0.58045	0.00428285
668	-0.6	-0.580479	0.00427653
669	-0.84	-0.580867	0.00428772
670	-0.6	-0.580896	0.00428141
671	-0.6	-0.580924	0.00427512
672	-0.68	-0.581071	0.0042713
673	-0.44	-0.580862	0.00427009
674	-0.6	-0.58089	0.00426385
675	-0.52	-0.5808	0.00425848
676	-0.44	-0.580592	0.00425728
677	-0.68	-0.580739	0.00425352
678	-0.76	-0.581003	0.00425546
679	-0.68	-0.581149	0.00425169
680	-0.76	-0.581412	0.00425357
681	-0.44	-0.581204	0.0042524
682	-0.52	-0.581114	0.0042471
683	-0.76	-0.581376	0.00424896
684	-0.76	-0.581637	0.00425077
685	-0.76	-0.581898	0.00425254
686	-0.6	-0.581924	0.00424642
687	-0.44	-0.581718	0.00424526
688	-0.52	-0.581628	0.00424004
689	-0.68	-0.581771	0.00423629
690	-0.6	-0.581797	0.00423023
691	-0.68	-0.581939	0.00422649
692	-0.52	-0.58185	0.00422133
693	-0.6	-0.581876	0.00421531
694	-0.44	-0.581671	0.0042142
695	-0.52	-0.581583	0.00420906
696	-0.44	-0.581379	0.00420793
697	-0.6	-0.581406	0.00420197
698	-0.6	-0.581433	0.00419603
699	-0.52	-0.581345	0.00419095
700	-0.68	-0.581486	0.00418733
701	-0.68	-0.581626	0.00418371
702	-0.52	-0.581538	0.00417867
703	-0.68	-0.581679	0.00417507
704	-0.68	-0.581818	0.00417148
705	-0.68	-0.581957	0.00416788
706	-0.68	-0.582096	0.00416429
707	-0.52	-0.582008	0.00415932
708	-0.36	-0.581695	0.00416527
709	-0.52	-0.581608	0.0041603
710	-0.6	-0.581634	0.00415451
711	-0.52	-0.581547	0.00414957
712	-0.28	-0.581124	0.00416533
713	-0.6	-0.58115	0.00415957
714	-0.52	-0.581064	0.00415462
715	-0.52	-0.580979	0.00414968
716	-0.6	-0.581006	0.00414397
717	-0.44	-0.580809	0.00414286
718	-0.52	-0.580724	0.00413795
719	-0.84	-0.581085	0.00414789
720	-0.68	-0.581222	0.00414441
721	-0.68	-0.581359	0.00414092
722	-0.68	-0.581496	0.00413744
723	-0.44	-0.5813	0.00413634
724	-0.6	-0.581326	0.00413071
725	-0.6	-0.581352	0.00412509
726	-0.52	-0.581267	0.00412027
727	-0.44	-0.581073	0.00411918
728	-0.44	-0.580879	0.00411808
729	-0.44	-0.580686	0.00411697
730	-0.44	-0.580493	0.00411584
731	-0.52	-0.58041	0.00411104
732	-0.52	-0.580328	0.00410625
733	-0.68	-0.580464	0.00410289
734	-0.68	-0.580599	0.00409954
735	-0.76	-0.580844	0.00410123
736	-0.6	-0.58087	0.00409574
737	-0.52	-0.580787	0.00409101
738	-0.28	-0.580379	0.00410574
739	-0.52	-0.580298	0.004101
740	-0.6	-0.580324	0.00409554
741	-0.52	-0.580243	0.00409082
742	-0.44	-0.580054	0.00408967
743	-0.52	-0.579973	0.00408496
744	-0.52	-0.579892	0.00408026
745	-0.52	-0.579812	0.00407558
746	-0.6	-0.579839	0.0040702
747	-0.6	-0.579866	0.00406484
748	-0.68	-0.58	0.00406161
749	-0.6	-0.580027	0.00405627
750	-0.68	-0.58016	0.00405305
751	-0.36	-0.579867	0.00405825
752	-0.44	-0.579681	0.00405712
753	-0.6	-0.579708	0.00405181
754	-0.68	-0.579841	0.00404862
755	-0.68	-0.579974	0.00404543
756	-0.76	-0.580212	0.00404709
757	-0.52	-0.580132	0.00404252
758	-0.6	-0.580158	0.00403727
759	-0.68	-0.58029	0.00403409
760	-0.6	-0.580316	0.00402886
761	-0.6	-0.580342	0.00402365
762	-0.6	-0.580367	0.00401845
763	-0.6	-0.580393	0.00401326
764	-0.6	-0.580419	0.00400809
765	-0.44	-0.580235	0.00400705
766	-0.6	-0.580261	0.0040019
767	-0.76	-0.580495	0.00400354
768	-0.76	-0.580729	0.00400515
769	-0.44	-0.580546	0.00400412
770	-0.36	-0.58026	0.00400917
771	-0.6	-0.580285	0.00400404
772	-0.52	-0.580207	0.00399962
773	-0.52	-0.580129	0.0039952
774	-0.52	-0.580052	0.00399079
775	-0.52	-0.579974	0.00398639
776	-0.6	-0.58	0.00398133
777	-0.6	-0.580026	0.00397629
778	-0.6	-0.580051	0.00397126
779	-0.6	-0.580077	0.00396624
780	-0.44	-0.579897	0.00396522
781	-0.44	-0.579718	0.00396419
782	-0.68	-0.579847	0.00396119
783	-0.52	-0.57977	0.00395687
784	-0.6	-0.579796	0.0039519
785	-0.52	-0.57972	0.0039476
786	-0.44	-0.579542	0.00394658
787	-0.44	-0.579365	0.00394555
788	-0.6	-0.579391	0.00394062
789	-0.68	-0.579518	0.00393769
790	-0.76	-0.579747	0.00393934
791	-0.68	-0.579874	0.00393639
792	-0.6	-0.579899	0.0039315
793	-0.76	-0.580126	0.0039331
794	-0.76	-0.580353	0.00393467
795	-0.68	-0.580478	0.00393172
796	-0.76	-0.580704	0.00393325
797	-0.76	-0.580928	0.00393475
798	-0.76	-0.581153	0.00393621
799	-0.6	-0.581176	0.00393136
800	-0.6	-0.5812	0.00392651
801	-0.52	-0.581124	0.00392235
802	-0.6	-0.581147	0.00391752
803	-0.6	-0.581171	0.00391271
804	-0.68	-0.581294	0.00390978
805	-0.76	-0.581516	0.00391122
806	-0.68	-0.581638	0.00390828
807	-0.6	-0.58166	0.0039035
808	-0.52	-0.581584	0.00389941
809	-0.44	-0.581409	0.00389852
810	-0.36	-0.581136	0.00390328
811	-0.52	-0.58106	0.0038992
812	-0.44	-0.580887	0.00389826
813	-0.52	-0.580812	0.00389419
814	-0.6	-0.580835	0.00388947
815	-0.6	-0.580859	0.00388477
816	-0.44	-0.580686	0.00388384
817	-0.44	-0.580514	0.00388291
818	-0.2	-0.580049	0.00390595
819	-0.6	-0.580073	0.00390126
820	-0.6	-0.580098	0.00389657
821	-0.68	-0.580219	0.00389373
822	-0.6	-0.580243	0.00388906
823	-0.68	-0.580365	0.00388622
824	-0.76	-0.580583	0.00388762
825	-0.84	-0.580897	0.00389562
826	-0.68	-0.581017	0.00389275
827	-0.76	-0.581233	0.00389406
828	-0.44	-0.581063	0.00389309
829	-0.84	-0.581375	0.00390092
830	-0.76	-0.58159	0.00390215
831	-0.68	-0.581709	0.00389925
832	-0.52	-0.581635	0.00389527
833	-0.36	-0.581369	0.00389968
834	-0.76	-0.581583	0.00390088
835	-0.6	-0.581605	0.00389627
836	-0.6	-0.581627	0.00389167
837	-0.44	-0.581458	0.0038907
838	-0.68	-0.581575	0.00388783
839	-0.76	-0.581788	0.00388901
840	-0.68	-0.581905	0.00388614
841	-0.76	-0.582117	0.00388729
842	-0.68	-0.582233	0.00388441
843	-0.68	-0.582349	0.00388153
844	-0.68	-0.582464	0.00387866
845	-0.52	-0.582391	0.00387477
846	-0.28	-0.582033	0.00388666
847	-0.36	-0.581771	0.00389091
848	-0.44	-0.581604	0.00388991
849	-0.44	-0.581437	0.0038889
850	-0.52	-0.581365	0.003885
851	-0.68	-0.581481	0.00388216
852	-0.52	-0.581408	0.00387827
853	-0.6	-0.58143	0.00387379
854	-0.84	-0.581733	0.00388107
855	-0.6	-0.581754	0.00387659
856	-0.68	-0.581869	0.00387376
857	-0.6	-0.58189	0.0038693
858	-0.52	-0.581818	0.00386546
859	-0.44	-0.581653	0.00386448
860	-0.68	-0.581767	0.00386168
861	-0.52	-0.581696	0.00385786
862	-0.44	-0.581531	0.00385689
863	-0.2	-0.581089	0.0038777
864	-0.2	-0.580648	0.00389824
865	-0.2	-0.580208	0.00391852
866	-0.52	-0.580139	0.00391461
867	-0.6	-0.580161	0.00391016
868	-0.76	-0.580369	0.00391114
869	-0.68	-0.580483	0.00390832
870	-0.76	-0.58069	0.00390928
871	-0.68	-0.580804	0.00390645
872	-0.76	-0.581009	0.00390738
873	-0.76	-0.581214	0.00390828
874	-0.84	-0.58151	0.00391502
875	-0.6	-0.581531	0.0039106
876	-0.6	-0.581553	0.00390619
877	-0.6	-0.581574	0.00390179
878	-0.6	-0.581595	0.0038974
879	-0.76	-0.581797	0.00389825
880	-0.76	-0.582	0.00389908
881	-0.68	-0.582111	0.00389624
882	-0.6	-0.582132	0.00389187
883	-0.52	-0.582061	0.0038881
884	-0.6	-0.582081	0.00388375
885	-0.6	-0.582102	0.00387941
886	-0.68	-0.582212	0.00387661
887	-0.76	-0.582413	0.00387742
888	-0.68	-0.582523	0.00387461
889	-0.76	-0.582722	0.00387539
890	-0.52	-0.582652	0.00387168
891	-0.76	-0.582851	0.00387245
892	-0.6	-0.58287	0.00386815
893	-0.68	-0.582979	0.00386535
894	-0.52	-0.582908	0.00386166
895	-0.44	-0.582749	0.00386065
896	-0.6	-0.582768	0.00385639
897	-0.68	-0.582876	0.00385361
898	-0.68	-0.582984	0.00385084
899	-0.68	-0.583092	0.00384806
900	-0.68	-0.5832	0.00384529
901	-0.68	-0.583307	0.00384253
902	-0.6	-0.583326	0.00383831
903	-0.6	-0.583344	0.0038341
904	-0.68	-0.583451	0.00383135
905	-0.68	-0.583558	0.0038286
906	-0.52	-0.583488	0.00382501
907	-0.52	-0.583418	0.00382144
908	-0.44	-0.58326	0.00382049
909	-0.6	-0.583278	0.00381633
910	-0.84	-0.58356	0.00382256
911	-0.6	-0.583578	0.0038184
912	-0.76	-0.583772	0.00381912
913	-0.76	-0.583965	0.00381981
914	-0.76	-0.584158	0.00382049
915	-0.68	-0.584262	0.00381775
916	-0.6	-0.584279	0.00381362
917	-0.52	-0.584209	0.0038101
918	-0.52	-0.584139	0.00380659
919	-0.6	-0.584157	0.00380248
920	-0.6	-0.584174	0.00379839
921	-0.36	-0.583931	0.00380206
922	-0.52	-0.583861	0.00379857
923	-0.52	-0.583792	0.00379508
924	-0.44	-0.583636	0.00379416
925	-0.36	-0.583395	0.00379776
926	-0.52	-0.583326	0.00379428
927	-0.36	-0.583085	0.00379783
928	-0.36	-0.582845	0.00380134
929	-0.6	-0.582863	0.0037973
930	-0.6	-0.582882	0.00379325
931	-0.6	-0.5829	0.00378922
932	-0.44	-0.582747	0.00378826
933	-0.52	-0.58268	0.00378479
934	-0.36	-0.582441	0.00378825
935	-0.52	-0.582374	0.00378479
936	-0.68	-0.582479	0.00378218
937	-0.44	-0.582327	0.0037812
938	-0.52	-0.58226	0.00377775
939	-0.44	-0.582109	0.00377676
940	-0.44	-0.581957	0.00377577
941	-0.44	-0.581807	0.00377477
942	-0.52	-0.581741	0.00377133
943	-0.44	-0.581591	0.00377033
944	-0.36	-0.581356	0.00377364
945	-0.44	-0.581206	0.00377261
946	-0.52	-0.581142	0.00376918
947	-0.52	-0.581077	0.00376575
948	-0.6	-0.581097	0.00376183
949	-0.6	-0.581117	0.00375791
950	-0.6	-0.581137	0.00375401
951	-0.6	-0.581157	0.00375011
952	-0.6	-0.581176	0.00374622
953	-0.44	-0.581028	0.00374522
954	-0.44	-0.580881	0.00374421
955	-0.6	-0.580901	0.00374034
956	-0.6	-0.580921	0.00373648
957	-0.68	-0.581024	0.00373401
958	-0.6	-0.581044	0.00373016
959	-0.44	-0.580897	0.00372917
960	-0.6	-0.580917	0.00372534
961	-0.52	-0.580853	0.003722
962	-0.44	-0.580707	0.00372101
963	-0.68	-0.58081	0.00371858
964	-0.68	-0.580913	0.00371614
965	-0.36	-0.580684	0.00371934
966	-0.6	-0.580704	0.00371554
967	-0.6	-0.580724	0.00371175
968	-0.52	-0.580661	0.00370845
969	-0.6	-0.580681	0.00370467
970	-0.6	-0.580701	0.0037009
971	-0.44	-0.580556	0.00369993
972	-0.52	-0.580494	0.00369664
973	-0.76	-0.580678	0.00369745
974	-0.6	-0.580698	0.0036937
975	-0.6	-0.580718	0.00368997
976	-0.6	-0.580738	0.00368624
977	-0.6	-0.580757	0.00368252
978	-0.44	-0.580613	0.00368156
979	-0.44	-0.58047	0.0036806
980	-0.6	-0.58049	0.0036769
981	-0.52	-0.580428	0.00367367
982	-0.44	-0.580285	0.00367271
983	-0.36	-0.580061	0.00367581
984	-0.44	-0.579919	0.00367483
985	-0.44	-0.579777	0.00367384
986	-0.36	-0.579554	0.00367688
987	-0.36	-0.579331	0.00367988
988	-0.36	-0.579109	0.00368285
989	-0.6	-0.57913	0.00367919
990	-0.6	-0.579152	0.00367553
991	-0.6	-0.579173	0.00367188
992	-0.52	-0.579113	0.00366866
993	-0.44	-0.578973	0.00366764
994	-0.36	-0.578753	0.00367056
995	-0.68	-0.578854	0.00366828
996	-0.68	-0.578956	0.00366601
997	-0.68	-0.579057	0.00366373
998	-0.6	-0.579078	0.00366012
999	-0.52	-0.579019	0.00365693
1000	-0.36	-0.5788	0.00365983
1001	-0.44	-0.578661	0.0036588
1002	-0.6	-0.578683	0.00365521
1003	-0.6	-0.578704	0.00365162
1004	-0.68	-0.578805	0.00364938
1005	-0.52	-0.578746	0.00364622
1006	-0.6	-0.578767	0.00364265
1007	-0.52	-0.578709	0.0036395
1008	-0.52	-0.578651	0.00363636
1009	-0.52	-0.578593	0.00363321
1010	-0.52	-0.578535	0.00363008
1011	-0.6	-0.578556	0.00362655
1012	-0.68	-0.578656	0.00362435
1013	-0.6	-0.578677	0.00362083
1014	-0.6	-0.578698	0.00361732
1015	-0.6	-0.578719	0.00361382
1016	-0.6	-0.57874	0.00361032
1017	-0.6	-0.578761	0.00360683
1018	-0.52	-0.578703	0.00360374
1019	-0.76	-0.578881	0.0036046
1020	-0.68	-0.57898	0.00360243
1021	-0.68	-0.579079	0.00360026
1022	-0.6	-0.5791	0.00359679
1023	-0.6	-0.57912	0.00359333
1024	-0.52	-0.579063	0.00359029
1025	-0.52	-0.579005	0.00358724
1026	-0.44	-0.578869	0.00358631
1027	-0.44	-0.578734	0.00358536
1028	-0.6	-0.578755	0.00358193
1029	-0.68	-0.578853	0.0035798
1030	-0.68	-0.578951	0.00357767
1031	-0.68	-0.579049	0.00357555
1032	-0.6	-0.57907	0.00357214
1033	-0.6	-0.57909	0.00356873
1034	-0.44	-0.578956	0.00356782
1035	-0.68	-0.579053	0.00356571
1036	-0.76	-0.579228	0.00356654
1037	-0.6	-0.579248	0.00356316
1038	-0.44	-0.579114	0.00356225
1039	-0.6	-0.579134	0.00355888
1040	-0.44	-0.579	0.00355797
1041	-0.52	-0.578943	0.003555
1042	-0.52	-0.578887	0.00355204
1043	-0.52	-0.57883	0.00354908
1044	-0.52	-0.578774	0.00354613
1045	-0.52	-0.578718	0.00354318
1046	-0.6	-0.578738	0.00353985
1047	-0.6	-0.578758	0.00353652
1048	-0.6	-0.578779	0.00353321
1049	-0.76	-0.578951	0.00353406
1050	-0.68	-0.579048	0.003532
1051	-0.52	-0.578991	0.00352909
1052	-0.44	-0.578859	0.00352821
1053	-0.68	-0.578955	0.00352616
1054	-0.44	-0.578824	0.00352528
1055	-0.52	-0.578768	0.00352238
1056	-0.52	-0.578712	0.00351948
1057	-0.6	-0.578732	0.00351621
1058	-0.52	-0.578677	0.00351332
1059	-0.44	-0.578546	0.00351245
1060	-0.68	-0.578642	0.00351044
1061	-0.52	-0.578586	0.00350756
1062	-0.68	-0.578682	0.00350556
1063	-0.68	-0.578777	0.00350356
1064	-0.68	-0.578872	0.00350155
1065	-0.84	-0.579117	0.00350685
1066	-0.92	-0.579437	0.00351812
1067	-0.84	-0.579681	0.00352329
1068	-0.52	-0.579625	0.00352044
1069	-0.6	-0.579645	0.00351719
1070	-0.44	-0.579514	0.00351633
1071	-0.52	-0.579458	0.00351348
1072	-0.44	-0.579328	0.00351261
1073	-0.44	-0.579199	0.00351174
1074	-0.6	-0.579218	0.00350852
1075	-0.52	-0.579163	0.00350569
1076	-0.44	-0.579033	0.00350482
1077	-0.52	-0.578979	0.00350199
1078	-0.2	-0.578627	0.00351636
1079	-0.44	-0.578499	0.00351545
1080	-0.6	-0.578519	0.00351224
1081	-0.6	-0.578538	0.00350905
1082	-0.44	-0.57841	0.00350814
1083	-0.36	-0.578209	0.0035107
1084	-0.52	-0.578155	0.00350787
1085	-0.6	-0.578175	0.00350469
1086	-0.68	-0.578269	0.00350272
1087	-0.52	-0.578215	0.00349991
1088	-0.52	-0.578162	0.0034971
1089	-0.52	-0.578108	0.00349429
1090	-0.52	-0.578055	0.00349149
1091	-0.52	-0.578002	0.0034887
1092	-0.6	-0.578022	0.00348556
1093	-0.6	-0.578042	0.00348243
1094	-0.68	-0.578135	0.00348049
1095	-0.76	-0.578301	0.00348127
1096	-0.52	-0.578248	0.0034785
1097	-0.6	-0.578268	0.00347539
1098	-0.68	-0.578361	0.00347346
1099	-0.68	-0.578453	0.00347153
1100	-0.76	-0.578618	0.00347229
1101	-0.68	-0.57871	0.00347036
1102	-0.44	-0.578584	0.00346949
1103	-0.6	-0.578604	0.0034664
1104	-0.52	-0.578551	0.00346367
1105	-0.68	-0.578643	0.00346175
1106	-0.52	-0.57859	0.00345902
1107	-0.36	-0.578392	0.00346153
1108	-0.36	-0.578195	0.00346402
1109	-0.52	-0.578142	0.00346129
1110	-0.52	-0.57809	0.00345857
1111	-0.44	-0.577966	0.00345769
1112	-0.44	-0.577842	0.00345681
1113	-0.6	-0.577862	0.00345376
1114	-0.6	-0.577882	0.00345071
1115	-0.6	-0.577901	0.00344767
1116	-0.52	-0.577849	0.00344497
1117	-0.6	-0.577869	0.00344195
1118	-0.44	-0.577746	0.00344108
1119	-0.6	-0.577766	0.00343806
1120	-0.6	-0.577786	0.00343504
1121	-0.6	-0.577806	0.00343204
1122	-0.52	-0.577754	0.00342936
1123	-0.52	-0.577703	0.00342669
1124	-0.52	-0.577651	0.00342403
1125	-0.52	-0.5776	0.00342137
1126	-0.52	-0.577549	0.00341871
1127	-0.52	-0.577498	0.00341606
1128	-0.44	-0.577376	0.0034152
1129	-0.6	-0.577396	0.00341224
1130	-0.52	-0.577345	0.00340959
1131	-0.52	-0.577294	0.00340695
1132	-0.52	-0.577244	0.00340432
1133	-0.44	-0.577123	0.00340347
1134	-0.44	-0.577002	0.00340262
1135	-0.52	-0.576952	0.00339999
1136	-0.44	-0.576831	0.00339913
1137	-0.52	-0.576781	0.00339651
1138	-0.52	-0.576731	0.00339389
1139	-0.44	-0.576611	0.00339303
1140	-0.52	-0.576561	0.00339042
1141	-0.6	-0.576582	0.00338751
1142	-0.52	-0.576532	0.0033849
1143	-0.52	-0.576483	0.0033823
1144	-0.52	-0.576434	0.00337971
1145	-0.44	-0.576314	0.00337885
1146	-0.36	-0.576126	0.00338118
1147	-0.52	-0.576077	0.00337858
1148	-0.6	-0.576098	0.0033757
1149	-0.52	-0.576049	0.00337312
1150	-0.6	-0.57607	0.00337025
1151	-0.44	-0.575951	0.00336939
1152	-0.6	-0.575972	0.00336653
1153	-0.52	-0.575924	0.00336396
1154	-0.6	-0.575945	0.00336111
1155	-0.52	-0.575896	0.00335855
1156	-0.76	-0.576055	0.00335942
1157	-0.84	-0.576283	0.00336426
1158	-0.6	-0.576304	0.00336141
1159	-0.52	-0.576255	0.00335886
1160	-0.36	-0.576069	0.00336114
1161	-0.44	-0.575952	0.00336029
1162	-0.52	-0.575904	0.00335774
1163	-0.44	-0.575787	0.00335688
1164	-0.52	-0.575739	0.00335434
1165	-0.52	-0.575691	0.0033518
1166	-0.36	-0.575506	0.00335403
1167	-0.44	-0.57539	0.00335317
1168	-0.52	-0.575342	0.00335063
1169	-0.44	-0.575227	0.00334977
1170	-0.52	-0.575179	0.00334723
1171	-0.52	-0.575132	0.00334471
1172	-0.44	-0.575017	0.00334384
1173	-0.6	-0.575038	0.00334106
1174	-0.6	-0.57506	0.00333828
1175	-0.68	-0.575149	0.00333663
1176	-0.68	-0.575238	0.00333498
1177	-0.6	-0.575259	0.00333221
1178	-0.52	-0.575212	0.00332972
1179	-0.52	-0.575165	0.00332722
1180	-0.6	-0.575186	0.00332447
1181	-0.52	-0.57514	0.00332198
1182	-0.44	-0.575025	0.00332113
1183	-0.36	-0.574844	0.0033233
1184	-0.36	-0.574662	0.00332545
1185	-0.52	-0.574616	0.00332296
1186	-0.52	-0.57457	0.00332048
1187	-0.6	-0.574591	0.00331775
1188	-0.44	-0.574478	0.00331689
1189	-0.6	-0.5745	0.00331417
1190	-0.6	-0.574521	0.00331145
1191	-0.68	-0.57461	0.00330985
1192	-0.52	-0.574564	0.00330739
1193	-0.68	-0.574652	0.0033058
1194	-0.52	-0.574606	0.00330335
1195	-0.52	-0.574561	0.0033009
1196	-0.68	-0.574649	0.00329932
1197	-0.76	-0.574804	0.00330019
1198	-0.76	-0.574958	0.00330106
1199	-0.6	-0.574979	0.00329837
1200	-0.6	-0.575	0.00329569
1201	-0.6	-0.575021	0.00329301
1202	-0.6	-0.575042	0.00329033
1203	-0.44	-0.574929	0.00328951
1204	-0.68	-0.575017	0.00328794
1205	-0.6	-0.575037	0.00328527
1206	-0.68	-0.575124	0.0032837
1207	-0.68	-0.575211	0.00328213
1208	-0.6	-0.575232	0.00327948
1209	-0.52	-0.575186	0.00327708
1210	-0.6	-0.575207	0.00327444
1211	-0.52	-0.575161	0.00327205
1212	-0.6	-0.575182	0.00326941
1213	-0.6	-0.575202	0.00326678
1214	-0.52	-0.575157	0.0032644
1215	-0.68	-0.575243	0.00326286
1216	-0.6	-0.575263	0.00326024
1217	-0.52	-0.575218	0.00325787
1218	-0.52	-0.575172	0.00325551
1219	-0.68	-0.575258	0.00325398
1220	-0.6	-0.575279	0.00325137
1221	-0.36	-0.575102	0.00325349
1222	-0.6	-0.575123	0.00325089
1223	-0.52	-0.575078	0.00324854
1224	-0.6	-0.575098	0.00324595
1225	-0.6	-0.575118	0.00324336
1226	-0.6	-0.575139	0.00324078
1227	-0.6	-0.575159	0.0032382
1228	-0.76	-0.575309	0.00323906
1229	-0.68	-0.575395	0.00323755
1230	-0.6	-0.575415	0.00323498
1231	-0.6	-0.575435	0.00323241
1232	-0.52	-0.57539	0.0032301
1233	-0.44	-0.57528	0.00322934
1234	-0.44	-0.57517	0.00322859
1235	-0.6	-0.57519	0.00322604
1236	-0.6	-0.57521	0.00322349
1237	-0.6	-0.57523	0.00322094
1238	-0.36	-0.575057	0.00322303
1239	-0.44	-0.574948	0.00322227
1240	-0.52	-0.574903	0.00321998
1241	-0.6	-0.574923	0.00321745
1242	-0.36	-0.57475	0.00321951
1243	-0.36	-0.574578	0.00322155
1244	-0.52	-0.574534	0.00321926
1245	-0.52	-0.57449	0.00321697
1246	-0.52	-0.574446	0.00321469
1247	-0.44	-0.574338	0.00321392
1248	-0.52	-0.574295	0.00321164
1249	-0.52	-0.574251	0.00320936
1250	-0.52	-0.574208	0.00320708
1251	-0.52	-0.574165	0.00320481
1252	-0.68	-0.574249	0.00320337
1253	-0.52	-0.574206	0.0032011
1254	-0.68	-0.57429	0.00319966
1255	-0.68	-0.574375	0.00319822
1256	-0.52	-0.574331	0.00319597
1257	-0.44	-0.574224	0.00319521
1258	-0.44	-0.574118	0.00319445
1259	-0.44	-0.574011	0.00319369
1260	-0.68	-0.574095	0.00319226
1261	-0.6	-0.574116	0.0031898
1262	-0.76	-0.574263	0.00319067
1263	-0.6	-0.574283	0.00318821
1264	-0.52	-0.574241	0.00318597
1265	-0.6	-0.574261	0.00318352
1266	-0.68	-0.574344	0.0031821
1267	-0.68	-0.574428	0.00318068
1268	-0.6	-0.574448	0.00317824
1269	-0.76	-0.574594	0.00317909
1270	-0.52	-0.574551	0.00317688
1271	-0.44	-0.574445	0.00317615
1272	-0.6	-0.574465	0.00317371
1273	-0.6	-0.574485	0.00317128
1274	-0.6	-0.574505	0.00316885
1275	-0.52	-0.574463	0.00316666
1276	-0.44	-0.574357	0.00316593
1277	-0.6	-0.574377	0.00316351
1278	-0.6	-0.574397	0.0031611
1279	-0.36	-0.57423	0.00316307
1280	-0.44	-0.574125	0.00316234
1281	-0.6	-0.574145	0.00315993
1282	-0.52	-0.574103	0.00315775
1283	-0.68	-0.574186	0.00315637
1284	-0.6	-0.574206	0.00315397
1285	-0.52	-0.574163	0.0031518
1286	-0.2	-0.573872	0.00316276
1287	-0.28	-0.573644	0.00316854
1288	-0.52	-0.573602	0.00316635
1289	-0.52	-0.573561	0.00316417
1290	-0.6	-0.573581	0.00316178
1291	-0.68	-0.573664	0.0031604
1292	-0.6	-0.573684	0.00315802
1293	-0.68	-0.573766	0.00315665
1294	-0.76	-0.57391	0.00315749
1295	-0.52	-0.573869	0.00315533
1296	-0.6	-0.573889	0.00315296
1297	-0.68	-0.573971	0.00315159
1298	-0.52	-0.573929	0.00314943
1299	-0.6	-0.573949	0.00314707
1300	-0.84	-0.574154	0.0031513
1301	-0.76	-0.574297	0.00315212
1302	-0.68	-0.574378	0.00315074
1303	-0.84	-0.574582	0.00315491
1304	-0.76	-0.574724	0.0031557
1305	-0.68	-0.574805	0.00315431
1306	-0.6	-0.574824	0.00315195
1307	-0.6	-0.574843	0.0031496
1308	-0.68	-0.574924	0.00314822
1309	-0.6	-0.574943	0.00314587
1310	-0.52	-0.574901	0.00314375
1311	-0.6	-0.57492	0.00314141
1312	-0.6	-0.574939	0.00313907
1313	-0.52	-0.574897	0.00313696
1314	-0.6	-0.574916	0.00313463
1315	-0.52	-0.574875	0.00313252
1316	-0.44	-0.574772	0.00313182
1317	-0.44	-0.57467	0.00313111
1318	-0.6	-0.574689	0.00312879
1319	-0.52	-0.574647	0.0031267
1320	-0.2	-0.574364	0.00313719
1321	-0.36	-0.574201	0.00313901
1322	-0.52	-0.57416	0.00313691
1323	-0.52	-0.574119	0.0031348
1324	-0.68	-0.574199	0.00313345
1325	-0.6	-0.574219	0.00313115
1326	-0.52	-0.574178	0.00312905
1327	-0.52	-0.574137	0.00312696
1328	-0.6	-0.574157	0.00312467
1329	-0.6	-0.574176	0.00312237
1330	-0.6	-0.574195	0.00312009
1331	-0.36	-0.574035	0.00312189
1332	-0.68	-0.574114	0.00312056
1333	-0.52	-0.574074	0.00311848
1334	-0.44	-0.573973	0.00311777
1335	-0.44	-0.573873	0.00311705
1336	-0.68	-0.573952	0.00311572
1337	-0.76	-0.574091	0.0031165
1338	-0.6	-0.574111	0.00311423
1339	-0.52	-0.57407	0.00311217
1340	-0.68	-0.574149	0.00311085
1341	-0.6	-0.574169	0.00310859
1342	-0.44	-0.574069	0.00310788
1343	-0.44	-0.573969	0.00310717
1344	-0.44	-0.573869	0.00310645
1345	-0.68	-0.573948	0.00310515
1346	-0.68	-0.574027	0.00310384
1347	-0.6	-0.574046	0.00310159
1348	-0.68	-0.574125	0.00310029
1349	-0.52	-0.574085	0.00309825
1350	-0.52	-0.574044	0.00309621
1351	-0.52	-0.574004	0.00309418
1352	-0.52	-0.573964	0.00309215
1353	-0.68	-0.574043	0.00309085
1354	-0.68	-0.574121	0.00308956
1355	-0.68	-0.574199	0.00308827
1356	-0.68	-0.574277	0.00308698
1357	-0.68	-0.574355	0.00308569
1358	-0.68	-0.574433	0.00308439
1359	-0.52	-0.574393	0.00308238
1360	-0.44	-0.574294	0.0030817
1361	-0.44	-0.574195	0.00308102
1362	-0.44	-0.574097	0.00308033
1363	-0.28	-0.573881	0.00308562
1364	-0.52	-0.573842	0.00308361
1365	-0.44	-0.573744	0.00308291
1366	-0.6	-0.573763	0.00308071
1367	-0.6	-0.573782	0.00307852
1368	-0.6	-0.573801	0.00307633
1369	-0.52	-0.573762	0.00307433
1370	-0.44	-0.573664	0.00307364
1371	-0.6	-0.573683	0.00307146
1372	-0.6	-0.573703	0.00306928
1373	-0.68	-0.57378	0.00306802
1374	-0.68	-0.573857	0.00306676
1375	-0.68	-0.573935	0.0030655
1376	-0.68	-0.574012	0.00306424
1377	-0.76	-0.574147	0.00306499
1378	-0.68	-0.574224	0.00306373
1379	-0.84	-0.574416	0.00306757
1380	-0.76	-0.574551	0.00306829
1381	-0.76	-0.574685	0.00306901
1382	-0.68	-0.574761	0.00306773
1383	-0.68	-0.574837	0.00306646
1384	-0.68	-0.574913	0.00306518
1385	-0.6	-0.574931	0.00306302
1386	-0.52	-0.574892	0.00306107
1387	-0.6	-0.57491	0.00305892
1388	-0.6	-0.574928	0.00305676
1389	-0.52	-0.574888	0.00305482
1390	-0.6	-0.574906	0.00305267
1391	-0.68	-0.574982	0.00305141
1392	-0.68	-0.575057	0.00305015
1393	-0.76	-0.57519	0.00305085
1394	-0.76	-0.575323	0.00305155
1395	-0.68	-0.575398	0.00305028
1396	-0.6	-0.575415	0.00304815
1397	-0.68	-0.57549	0.00304688
1398	-0.68	-0.575565	0.00304562
1399	-0.68	-0.57564	0.00304436
1400	-0.52	-0.5756	0.00304244
1401	-0.68	-0.575675	0.00304118
1402	-0.44	-0.575578	0.00304055
1403	-0.68	-0.575652	0.0030393
1404	-0.6	-0.57567	0.00303718
1405	-0.6	-0.575687	0.00303507
1406	-0.68	-0.575761	0.00303382
1407	-0.52	-0.575721	0.00303192
1408	-0.36	-0.575568	0.00303364
1409	-0.36	-0.575415	0.00303534
1410	-0.52	-0.575376	0.00303344
1411	-0.68	-0.57545	0.0030322
1412	-0.44	-0.575354	0.00303157
1413	-0.52	-0.575315	0.00302967
1414	-0.52	-0.575276	0.00302778
1415	-0.44	-0.57518	0.00302715
1416	-0.44	-0.575085	0.00302652
1417	-0.52	-0.575046	0.00302463
1418	-0.6	-0.575063	0.00302255
1419	-0.52	-0.575025	0.00302067
1420	-0.44	-0.57493	0.00302004
1421	-0.52	-0.574891	0.00301816
1422	-0.44	-0.574796	0.00301753
1423	-0.44	-0.574701	0.00301689
1424	-0.6	-0.574719	0.00301483
1425	-0.68	-0.574793	0.00301362
1426	-0.6	-0.574811	0.00301155
1427	-0.68	-0.574884	0.00301035
1428	-0.68	-0.574958	0.00300914
1429	-0.76	-0.575087	0.00300982
1430	-0.6	-0.575105	0.00300776
1431	-0.52	-0.575066	0.00300591
1432	-0.6	-0.575084	0.00300386
1433	-0.6	-0.575101	0.00300181
1434	-0.68	-0.575174	0.00300061
1435	-0.76	-0.575303	0.00300128
1436	-0.6	-0.57532	0.00299924
1437	-0.52	-0.575282	0.0029974
1438	-0.68	-0.575355	0.0029962
1439	-0.76	-0.575483	0.00299687
1440	-0.68	-0.575556	0.00299566
1441	-0.6	-0.575573	0.00299363
1442	-0.6	-0.575589	0.0029916
1443	-0.6	-0.575606	0.00298958
1444	-0.6	-0.575623	0.00298755
1445	-0.52	-0.575585	0.00298573
1446	-0.6	-0.575602	0.00298372
1447	-0.52	-0.575563	0.0029819
1448	-0.44	-0.57547	0.00298131
1449	-0.6	-0.575487	0.0029793
1450	-0.6	-0.575503	0.00297729
1451	-0.6	-0.57552	0.00297529
1452	-0.68	-0.575592	0.00297411
1453	-0.6	-0.575609	0.00297211
1454	-0.76	-0.575736	0.00297277
1455	-0.44	-0.575643	0.00297219
1456	-0.52	-0.575604	0.00297039
1457	-0.6	-0.575621	0.0029684
1458	-0.68	-0.575693	0.00296723
1459	-0.68	-0.575764	0.00296606
1460	-0.6	-0.575781	0.00296407
1461	-0.6	-0.575797	0.00296209
1462	-0.6	-0.575814	0.00296011
1463	-0.6	-0.57583	0.00295813
1464	-0.44	-0.575738	0.00295756
1465	-0.6	-0.575754	0.00295559
1466	-0.52	-0.575716	0.00295382
1467	-0.36	-0.575569	0.00295547
1468	-0.44	-0.575477	0.00295489
1469	-0.6	-0.575494	0.00295293
1470	-0.6	-0.57551	0.00295097
1471	-0.44	-0.575418	0.0029504
1472	-0.52	-0.57538	0.00294863
1473	-0.52	-0.575343	0.00294687
1474	-0.68	-0.575414	0.00294573
1475	-0.6	-0.575431	0.00294378
1476	-0.68	-0.575501	0.00294264
1477	-0.6	-0.575518	0.00294069
1478	-0.6	-0.575535	0.00293875
1479	-0.68	-0.575605	0.00293761
1480	-0.52	-0.575568	0.00293586
1481	-0.28	-0.575368	0.00294066
1482	-0.44	-0.575277	0.00294009
1483	-0.68	-0.575347	0.00293896
1484	-0.68	-0.575418	0.00293782
1485	-0.6	-0.575434	0.00293589
1486	-0.52	-0.575397	0.00293415
1487	-0.68	-0.575467	0.00293302
1488	-0.68	-0.575538	0.00293189
1489	-0.68	-0.575608	0.00293076
1490	-0.52	-0.57557	0.00292903
1491	-0.52	-0.575533	0.0029273
1492	-0.68	-0.575603	0.00292618
1493	-0.6	-0.57562	0.00292426
1494	-0.68	-0.575689	0.00292314
1495	-0.6	-0.575706	0.00292123
1496	-0.76	-0.575829	0.00292188
1497	-0.68	-0.575898	0.00292075
1498	-0.68	-0.575968	0.00291963
1499	-0.52	-0.575931	0.00291792
1500	-0.6	-0.575947	0.00291602
1501	-0.68	-0.576016	0.0029149
1502	-0.68	-0.576085	0.00291378
1503	-0.68	-0.576154	0.00291266
1504	-0.68	-0.576223	0.00291154
1505	-0.6	-0.576239	0.00290965
1506	-0.68	-0.576308	0.00290853
1507	-0.6	-0.576324	0.00290665
1508	-0.52	-0.576286	0.00290496
1509	-0.68	-0.576355	0.00290385
1510	-0.6	-0.576371	0.00290196
1511	-0.44	-0.576281	0.00290145
1512	-0.44	-0.57619	0.00290093
1513	-0.52	-0.576153	0.00289925
1514	-0.44	-0.576063	0.00289873
1515	-0.76	-0.576185	0.00289936
1516	-0.68	-0.576253	0.00289825
1517	-0.68	-0.576322	0.00289715
1518	-0.6	-0.576337	0.00289528
1519	-0.44	-0.576248	0.00289477
1520	-0.6	-0.576263	0.0028929
1521	-0.52	-0.576226	0.00289124
1522	-0.52	-0.576189	0.00288957
1523	-0.52	-0.576152	0.00288791
1524	-0.6	-0.576168	0.00288606
1525	-0.76	-0.576289	0.00288668
1526	-0.68	-0.576356	0.00288559
1527	-0.76	-0.576477	0.00288621
1528	-0.68	-0.576545	0.00288511
1529	-0.68	-0.576612	0.00288402
1530	-0.76	-0.576732	0.00288463
1531	-0.68	-0.576799	0.00288353
1532	-0.68	-0.576867	0.00288244
1533	-0.6	-0.576882	0.00288059
1534	-0.6	-0.576897	0.00287875
1535	-0.6	-0.576912	0.00287692
1536	-0.68	-0.576979	0.00287583
1537	-0.68	-0.577046	0.00287474
1538	-0.68	-0.577113	0.00287365
1539	-0.68	-0.57718	0.00287256
1540	-0.52	-0.577143	0.00287093
1541	-0.68	-0.57721	0.00286984
1542	-0.76	-0.577328	0.00287043
1543	-0.68	-0.577395	0.00286934
1544	-0.52	-0.577358	0.00286772
1545	-0.52	-0.57732	0.00286611
1546	-0.52	-0.577283	0.00286449
1547	-0.6	-0.577298	0.00286268
1548	-0.68	-0.577364	0.0028616
1549	-0.36	-0.577224	0.00286319
1550	-0.52	-0.577187	0.00286158
1551	-0.68	-0.577253	0.0028605
1552	-0.6	-0.577268	0.0028587
1553	-0.52	-0.577231	0.00285709
1554	-0.6	-0.577246	0.00285529
1555	-0.52	-0.577209	0.00285369
1556	-0.6	-0.577224	0.0028519
1557	-0.68	-0.57729	0.00285083
1558	-0.6	-0.577304	0.00284904
1559	-0.68	-0.57737	0.00284797
1560	-0.68	-0.577436	0.0028469
1561	-0.52	-0.577399	0.00284532
1562	-0.68	-0.577465	0.00284425
1563	-0.52	-0.577428	0.00284267
1564	-0.52	-0.577391	0.00284109
1565	-0.52	-0.577355	0.00283951
1566	-0.52	-0.577318	0.00283793
1567	-0.6	-0.577332	0.00283616
1568	-0.44	-0.577245	0.0028357
1569	-0.6	-0.577259	0.00283393
1570	-0.52	-0.577223	0.00283236
1571	-0.52	-0.577187	0.00283079
1572	-0.36	-0.577048	0.00283236
1573	-0.52	-0.577012	0.00283079
1574	-0.6	-0.577027	0.00282903
1575	-0.68	-0.577092	0.00282799
1576	-0.6	-0.577107	0.00282623
1577	-0.68	-0.577172	0.00282519
1578	-0.6	-0.577186	0.00282344
1579	-0.68	-0.577251	0.0028224
1580	-0.68	-0.577316	0.00282137
1581	-0.68	-0.577381	0.00282033
1582	-0.52	-0.577345	0.00281878
1583	-0.44	-0.577258	0.00281833
1584	-0.44	-0.577172	0.00281789
1585	-0.44	-0.577085	0.00281744
1586	-0.28	-0.576898	0.00282188
1587	-0.44	-0.576812	0.00282142
1588	-0.52	-0.576776	0.00281987
1589	-0.68	-0.576841	0.00281885
1590	-0.44	-0.576755	0.00281839
1591	-0.52	-0.576719	0.00281684
1592	-0.44	-0.576633	0.00281638
1593	-0.6	-0.576648	0.00281465
1594	-0.68	-0.576713	0.00281363
1595	-0.44	-0.576627	0.00281317
1596	-0.44	-0.576541	0.00281271
1597	-0.6	-0.576556	0.00281099
1598	-0.6	-0.576571	0.00280927
1599	-0.52	-0.576535	0.00280773
1600	-0.52	-0.5765	0.0028062
1601	-0.52	-0.576465	0.00280467
1602	-0.76	-0.576579	0.00280526
1603	-0.68	-0.576644	0.00280425
1604	-0.68	-0.576708	0.00280324
1605	-0.6	-0.576723	0.00280153
1606	-0.68	-0.576787	0.00280053
1607	-0.36	-0.576652	0.00280203
1608	-0.6	-0.576667	0.00280033
1609	-0.68	-0.576731	0.00279932
1610	-0.6	-0.576745	0.00279762
1611	-0.52	-0.57671	0.00279611
1612	-0.6	-0.576725	0.00279441
1613	-0.44	-0.57664	0.00279396
1614	-0.52	-0.576605	0.00279245
1615	-0.44	-0.57652	0.002792
1616	-0.68	-0.576584	0.00279101
1617	-0.52	-0.576549	0.0027895
1618	-0.6	-0.576564	0.00278781
1619	-0.68	-0.576628	0.00278682
1620	-0.6	-0.576642	0.00278514
1621	-0.76	-0.576755	0.00278572
1622	-0.68	-0.576819	0.00278473
1623	-0.52	-0.576784	0.00278323
1624	-0.6	-0.576798	0.00278156
1625	-0.52	-0.576763	0.00278006
1626	-0.44	-0.576679	0.00277963
1627	-0.52	-0.576644	0.00277814
1628	-0.36	-0.576511	0.00277962
1629	-0.36	-0.576378	0.00278109
1630	-0.6	-0.576393	0.00277942
1631	-0.6	-0.576407	0.00277775
1632	-0.6	-0.576422	0.00277609
1633	-0.68	-0.576485	0.00277511
1634	-0.6	-0.576499	0.00277345
1635	-0.6	-0.576514	0.00277179
1636	-0.44	-0.57643	0.00277135
1637	-0.52	-0.576396	0.00276987
1638	-0.52	-0.576361	0.00276839
1639	-0.6	-0.576376	0.00276674
1640	-0.52	-0.576341	0.00276527
1641	-0.6	-0.576356	0.00276362
1642	-0.6	-0.57637	0.00276197
1643	-0.68	-0.576433	0.00276101
1644	-0.52	-0.576399	0.00275955
1645	-0.6	-0.576413	0.00275791
1646	-0.44	-0.57633	0.00275748
1647	-0.68	-0.576393	0.00275652
1648	-0.6	-0.576408	0.00275488
1649	-0.6	-0.576422	0.00275325
1650	-0.68	-0.576485	0.0027523
1651	-0.68	-0.576548	0.00275134
1652	-0.6	-0.576562	0.00274971
1653	-0.6	-0.576576	0.00274809
1654	-0.6	-0.57659	0.00274646
1655	-0.84	-0.576749	0.00274941
1656	-0.76	-0.57686	0.00274998
1657	-0.6	-0.576874	0.00274835
1658	-0.6	-0.576888	0.00274673
1659	-0.68	-0.57695	0.00274578
1660	-0.76	-0.57706	0.00274634
1661	-0.76	-0.57717	0.00274689
1662	-0.68	-0.577232	0.00274594
1663	-0.52	-0.577198	0.0027445
1664	-0.44	-0.577115	0.00274409
1665	-0.44	-0.577033	0.00274368
1666	-0.76	-0.577143	0.00274423
1667	-0.6	-0.577157	0.00274262
1668	-0.52	-0.577122	0.00274119
1669	-0.76	-0.577232	0.00274173
1670	-0.76	-0.577341	0.00274228
1671	-0.68	-0.577403	0.00274132
1672	-0.6	-0.577416	0.00273972
1673	-0.52	-0.577382	0.00273829
1674	-0.68	-0.577443	0.00273734
1675	-0.52	-0.577409	0.00273592
1676	-0.6	-0.577422	0.00273432
1677	-0.6	-0.577436	0.00273273
1678	-0.6	-0.577449	0.00273113
1679	-0.52	-0.577415	0.00272972
1680	-0.68	-0.577476	0.00272878
1681	-0.44	-0.577394	0.00272838
1682	-0.52	-0.57736	0.00272697
1683	-0.52	-0.577326	0.00272556
1684	-0.6	-0.57734	0.00272398
1685	-0.76	-0.577448	0.00272452
1686	-0.52	-0.577414	0.00272311
1687	-0.68	-0.577475	0.00272218
1688	-0.68	-0.577536	0.00272124
1689	-0.68	-0.577596	0.00272031
1690	-0.68	-0.577657	0.00271937
1691	-0.68	-0.577717	0.00271844
1692	-0.52	-0.577683	0.00271704
1693	-0.6	-0.577696	0.00271547
1694	-0.52	-0.577662	0.00271408
1695	-0.6	-0.577676	0.00271251
1696	-0.52	-0.577642	0.00271113
1697	-0.52	-0.577608	0.00270974
1698	-0.44	-0.577527	0.00270936
1699	-0.68	-0.577587	0.00270843
1700	-0.76	-0.577694	0.00270896
1701	-0.76	-0.577801	0.00270949
1702	-0.52	-0.577767	0.00270811
1703	-0.52	-0.577733	0.00270673
1704	-0.52	-0.5777	0.00270536
1705	-0.52	-0.577666	0.00270398
1706	-0.6	-0.577679	0.00270243
1707	-0.52	-0.577645	0.00270106
1708	-0.52	-0.577611	0.00269969
1709	-0.52	-0.577578	0.00269832
1710	-0.76	-0.577684	0.00269885
1711	-0.6	-0.577697	0.0026973
1712	-0.44	-0.577617	0.00269692
1713	-0.44	-0.577536	0.00269655
1714	-0.68	-0.577596	0.00269564
1715	-0.6	-0.577609	0.0026941
1716	-0.68	-0.577669	0.00269319
1717	-0.52	-0.577635	0.00269183
1718	-0.44	-0.577555	0.00269145
1719	-0.52	-0.577522	0.00269009
1720	-0.52	-0.577488	0.00268874
1721	-0.6	-0.577501	0.00268721
1722	-0.6	-0.577515	0.00268568
1723	-0.68	-0.577574	0.00268478
1724	-0.76	-0.57768	0.0026853
1725	-0.52	-0.577646	0.00268396
1726	-0.68	-0.577706	0.00268306
1727	-0.76	-0.577811	0.00268358
1728	-0.84	-0.577963	0.00268631
1729	-0.84	-0.578115	0.00268903
1730	-0.84	-0.578266	0.00269174
1731	-0.68	-0.578325	0.00269083
1732	-0.6	-0.578337	0.0026893
1733	-0.76	-0.578442	0.00268979
1734	-0.76	-0.578547	0.00269028
1735	-0.6	-0.578559	0.00268876
1736	-0.6	-0.578571	0.00268723
1737	-0.6	-0.578584	0.00268572
1738	-0.52	-0.57855	0.00268438
1739	-0.68	-0.578608	0.00268347
1740	-0.76	-0.578713	0.00268395
1741	-0.6	-0.578725	0.00268244
1742	-0.44	-0.578645	0.00268208
1743	-0.44	-0.578566	0.00268172
1744	-0.44	-0.578486	0.00268136
1745	-0.68	-0.578544	0.00268046
1746	-0.6	-0.578557	0.00267895
1747	-0.6	-0.578569	0.00267744
1748	-0.6	-0.578581	0.00267594
1749	-0.44	-0.578502	0.00267558
1750	-0.52	-0.578469	0.00267426
1751	-0.52	-0.578435	0.00267294
1752	-0.68	-0.578493	0.00267205
1753	-0.6	-0.578505	0.00267055
1754	-0.76	-0.578609	0.00267103
1755	-0.44	-0.57853	0.00267068
1756	-0.52	-0.578497	0.00266936
1757	-0.6	-0.578509	0.00266787
1758	-0.6	-0.578521	0.00266638
1759	-0.52	-0.578488	0.00266507
1760	-0.6	-0.5785	0.00266359
1761	-0.68	-0.578558	0.0026627
1762	-0.52	-0.578524	0.00266139
1763	-0.52	-0.578491	0.00266009
1764	-0.52	-0.578458	0.00265879
1765	-0.6	-0.57847	0.00265731
1766	-0.68	-0.578528	0.00265643
1767	-0.68	-0.578585	0.00265554
1768	-0.52	-0.578552	0.00265425
1769	-0.52	-0.578519	0.00265295
1770	-0.6	-0.578531	0.00265148
1771	-0.68	-0.578588	0.0026506
1772	-0.6	-0.5786	0.00264914
1773	-0.76	-0.578703	0.00264962
1774	-0.52	-0.57867	0.00264833
1775	-0.52	-0.578637	0.00264704
1776	-0.52	-0.578604	0.00264576
1777	-0.44	-0.578526	0.00264542
1778	-0.52	-0.578493	0.00264414
1779	-0.52	-0.57846	0.00264285
1780	-0.6	-0.578472	0.0026414
1781	-0.68	-0.578529	0.00264053
1782	-0.44	-0.578451	0.00264019
1783	-0.6	-0.578463	0.00263874
1784	-0.68	-0.57852	0.00263787
1785	-0.76	-0.578622	0.00263835
1786	-0.68	-0.578679	0.00263749
1787	-0.76	-0.57878	0.00263796
1788	-0.68	-0.578837	0.0026371
1789	-0.76	-0.578938	0.00263757
1790	-0.6	-0.57895	0.00263612
1791	-0.52	-0.578917	0.00263485
1792	-0.44	-0.578839	0.00263452
1793	-0.44	-0.578762	0.00263419
1794	-0.44	-0.578685	0.00263386
1795	-0.52	-0.578652	0.00263259
1796	-0.6	-0.578664	0.00263115
1797	-0.6	-0.578676	0.00262971
1798	-0.44	-0.578598	0.00262938
1799	-0.6	-0.57861	0.00262795
1800	-0.68	-0.578667	0.00262709
1801	-0.6	-0.578679	0.00262566
1802	-0.68	-0.578735	0.0026248
1803	-0.68	-0.578791	0.00262395
1804	-0.6	-0.578803	0.00262252
1805	-0.36	-0.578681	0.00262387
1806	-0.36	-0.57856	0.00262521
1807	-0.28	-0.578395	0.00262895
1808	-0.36	-0.578274	0.00263027
1809	-0.44	-0.578198	0.00262993
1810	-0.44	-0.578122	0.00262959
1811	-0.6	-0.578134	0.00262816
1812	-0.6	-0.578146	0.00262674
1813	-0.6	-0.578158	0.00262532
1814	-0.36	-0.578037	0.00262662
1815	-0.44	-0.577961	0.00262628
1816	-0.68	-0.578018	0.00262543
1817	-0.44	-0.577942	0.00262509
1818	-0.68	-0.577998	0.00262424
1819	-0.68	-0.578054	0.0026234
1820	-0.36	-0.577934	0.00262469
1821	-0.36	-0.577814	0.00262598
1822	-0.6	-0.577827	0.00262457
1823	-0.52	-0.577795	0.00262332
1824	-0.52	-0.577763	0.00262207
1825	-0.52	-0.577732	0.00262083
1826	-0.44	-0.577656	0.00262048
1827	-0.44	-0.577581	0.00262012
1828	-0.52	-0.577549	0.00261888
1829	-0.36	-0.57743	0.00262015
1830	-0.52	-0.577399	0.0026189
1831	-0.6	-0.577411	0.0026175
1832	-0.6	-0.577424	0.0026161
1833	-0.6	-0.577436	0.0026147
1834	-0.6	-0.577448	0.00261331
1835	-0.6	-0.57746	0.00261191
1836	-0.52	-0.577429	0.00261068
1837	-0.52	-0.577398	0.00260944
1838	-0.6	-0.57741	0.00260805
1839	-0.44	-0.577336	0.0026077
1840	-0.44	-0.577261	0.00260735
1841	-0.36	-0.577143	0.00260861
1842	-0.36	-0.577025	0.00260986
1843	-0.52	-0.576994	0.00260862
1844	-0.6	-0.577007	0.00260724
1845	-0.76	-0.577106	0.00260771
1846	-0.76	-0.577205	0.00260818
1847	-0.6	-0.577217	0.0026068
1848	-0.6	-0.577229	0.00260541
1849	-0.6	-0.577242	0.00260403
1850	-0.52	-0.577211	0.00260281
1851	-0.6	-0.577223	0.00260143
1852	-0.76	-0.577322	0.0026019
1853	-0.68	-0.577377	0.00260109
1854	-0.52	-0.577346	0.00259987
1855	-0.36	-0.577229	0.00260111
1856	-0.52	-0.577198	0.00259989
1857	-0.52	-0.577167	0.00259867
1858	-0.6	-0.57718	0.0025973
1859	-0.6	-0.577192	0.00259593
1860	-0.84	-0.577333	0.00259838
1861	-0.68	-0.577389	0.00259757
1862	-0.68	-0.577444	0.00259676
1863	-0.52	-0.577413	0.00259555
1864	-0.44	-0.577339	0.0025952
1865	-0.6	-0.577351	0.00259384
1866	-0.44	-0.577278	0.00259349
1867	-0.52	-0.577247	0.00259228
1868	-0.52	-0.577216	0.00259108
1869	-0.68	-0.577271	0.00259027
1870	-0.68	-0.577326	0.00258947
1871	-0.6	-0.577338	0.00258811
1872	-0.6	-0.57735	0.00258676
1873	-0.52	-0.57732	0.00258556
1874	-0.36	-0.577204	0.00258678
1875	-0.52	-0.577173	0.00258558
1876	-0.44	-0.5771	0.00258524
1877	-0.36	-0.576985	0.00258645
1878	-0.6	-0.576997	0.0025851
1879	-0.68	-0.577052	0.0025843
1880	-0.6	-0.577064	0.00258296
1881	-0.52	-0.577033	0.00258176
1882	-0.52	-0.577003	0.00258057
1883	-0.44	-0.57693	0.00258022
1884	-0.44	-0.576858	0.00257988
1885	-0.44	-0.576785	0.00257953
1886	-0.52	-0.576755	0.00257834
1887	-0.6	-0.576767	0.002577
1888	-0.52	-0.576737	0.00257581
1889	-0.68	-0.576792	0.00257503
1890	-0.68	-0.576847	0.00257424
1891	-0.52	-0.576816	0.00257306
1892	-0.52	-0.576786	0.00257187
1893	-0.52	-0.576756	0.00257069
1894	-0.44	-0.576684	0.00257034
1895	-0.52	-0.576654	0.00256916
1896	-0.52	-0.576624	0.00256798
1897	-0.44	-0.576552	0.00256764
1898	-0.44	-0.576481	0.00256729
1899	-0.36	-0.576367	0.00256847
1900	-0.76	-0.576463	0.00256894
1901	-0.68	-0.576518	0.00256816
1902	-0.52	-0.576488	0.00256698
1903	-0.44	-0.576416	0.00256664
1904	-0.52	-0.576387	0.00256546
1905	-0.44	-0.576315	0.00256511
1906	-0.44	-0.576243	0.00256476
1907	-0.36	-0.57613	0.00256593
1908	-0.6	-0.576143	0.00256461
1909	-0.68	-0.576197	0.00256384
1910	-0.76	-0.576293	0.00256431
1911	-0.68	-0.576347	0.00256354
1912	-0.76	-0.576444	0.002564
1913	-0.84	-0.576581	0.00256636
1914	-0.76	-0.576677	0.00256681
1915	-0.6	-0.576689	0.0025655
1916	-0.36	-0.576576	0.00256665
1917	-0.6	-0.576588	0.00256534
1918	-0.68	-0.576642	0.00256457
1919	-0.52	-0.576613	0.0025634
1920	-0.52	-0.576583	0.00256223
1921	-0.28	-0.576429	0.00256555
1922	-0.52	-0.5764	0.00256438
1923	-0.6	-0.576412	0.00256308
1924	-0.68	-0.576466	0.00256231
1925	-0.6	-0.576478	0.00256101
1926	-0.76	-0.576573	0.00256145
1927	-0.68	-0.576627	0.00256069
1928	-0.6	-0.576639	0.00255939
1929	-0.44	-0.576568	0.00255904
1930	-0.44	-0.576497	0.00255869
1931	-0.6	-0.57651	0.0025574
1932	-0.6	-0.576522	0.0025561
1933	-0.52	-0.576492	0.00255494
1934	-0.52	-0.576463	0.00255379
1935	-0.44	-0.576393	0.00255344
1936	-0.52	-0.576364	0.00255229
1937	-0.52	-0.576335	0.00255114
1938	-0.6	-0.576347	0.00254985
1939	-0.6	-0.576359	0.00254857
1940	-0.52	-0.57633	0.00254742
1941	-0.36	-0.576218	0.00254854
1942	-0.52	-0.576189	0.00254739
1943	-0.76	-0.576284	0.00254784
1944	-0.68	-0.576337	0.00254709
1945	-0.52	-0.576308	0.00254594
1946	-0.68	-0.576362	0.00254519
1947	-0.44	-0.576292	0.00254485
1948	-0.52	-0.576263	0.00254371
1949	-0.52	-0.576234	0.00254256
1950	-0.68	-0.576287	0.00254182
1951	-0.68	-0.57634	0.00254107
1952	-0.68	-0.576393	0.00254032
1953	-0.68	-0.576446	0.00253958
1954	-0.68	-0.576499	0.00253883
1955	-0.44	-0.57643	0.00253849
1956	-0.76	-0.576524	0.00253893
1957	-0.76	-0.576617	0.00253936
1958	-0.68	-0.57667	0.00253861
1959	-0.68	-0.576723	0.00253787
1960	-0.6	-0.576735	0.0025366
1961	-0.68	-0.576787	0.00253585
1962	-0.28	-0.576636	0.00253907
1963	-0.36	-0.576526	0.00254017
1964	-0.36	-0.576415	0.00254127
1965	-0.36	-0.576305	0.00254236
1966	-0.44	-0.576236	0.00254202
1967	-0.6	-0.576248	0.00254075
1968	-0.52	-0.57622	0.00253962
1969	-0.52	-0.576191	0.00253849
1970	-0.52	-0.576162	0.00253736
1971	-0.68	-0.576215	0.00253662
1972	-0.68	-0.576268	0.00253588
1973	-0.6	-0.57628	0.00253463
1974	-0.68	-0.576332	0.00253389
1975	-0.6	-0.576344	0.00253263
1976	-0.6	-0.576356	0.00253138
1977	-0.44	-0.576287	0.00253104
1978	-0.6	-0.576299	0.00252979
1979	-0.52	-0.576271	0.00252867
1980	-0.52	-0.576242	0.00252755
1981	-0.52	-0.576214	0.00252643
1982	-0.76	-0.576307	0.00252686
1983	-0.68	-0.576359	0.00252613
1984	-0.68	-0.576411	0.00252539
1985	-0.44	-0.576343	0.00252506
1986	-0.44	-0.576274	0.00252472
1987	-0.52	-0.576246	0.00252361
1988	-0.6	-0.576258	0.00252236
1989	-0.44	-0.576189	0.00252203
1990	-0.44	-0.576121	0.00252169
1991	-0.52	-0.576092	0.00252058
1992	-0.6	-0.576104	0.00251934
1993	-0.52	-0.576076	0.00251823
1994	-0.44	-0.576008	0.0025179
1995	-0.44	-0.57594	0.00251756
1996	-0.44	-0.575872	0.00251722
1997	-0.6	-0.575884	0.00251598
1998	-0.68	-0.575936	0.00251526
1999	-0.76	-0.576028	0.00251569
2000	-0.6	-0.57604	0.00251446
