1	-0.76	-0.76	0
2	-0.84	-0.8	0.04
3	-0.84	-0.813333	0.0266667
4	-0.84	-0.82	0.02
5	-0.84	-0.824	0.016
6	-0.84	-0.826667	0.0133333
7	-0.76	-0.817143	0.0147542
8	-0.76	-0.81	0.0146385
9	-0.76	-0.804444	0.0140546
10	-0.76	-0.8	0.0133333
11	-0.76	-0.796364	0.0125967
12	-0.68	-0.786667	0.015042
13	-0.68	-0.778462	0.0160866
14	-0.76	-0.777143	0.0149515
15	-0.76	-0.776	0.0139659
16	-0.76	-0.775	0.0131022
17	-0.84	-0.778824	0.0128876
18	-0.92	-0.786667	0.014462
19	-0.92	-0.793684	0.0153747
20	-0.84	-0.796	0.0147684
21	-0.92	-0.801905	0.0152381
22	-0.92	-0.807273	0.0154889
23	-0.84	-0.808696	0.0148684
24	-0.76	-0.806667	0.0143793
25	-0.76	-0.8048	0.0139179
26	-0.68	-0.8	0.0142073
27	-0.68	-0.795556	0.0143752
28	-0.68	-0.791429	0.014454
29	-0.6	-0.784828	0.01543
30	-0.68	-0.781333	0.0153108
31	-0.68	-0.778065	0.0151652
32	-0.76	-0.7775	0.0146945
33	-0.76	-0.77697	0.0142521
34	-0.68	-0.774118	0.0141176
35	-0.84	-0.776	0.013837
36	-0.84	-0.777778	0.0135641
37	-0.84	-0.779459	0.0132992
38	-0.68	-0.776842	0.0132065
39	-0.76	-0.77641	0.0128706
40	-0.84	-0.778	0.0126451
41	-0.84	-0.779512	0.0124251
42	-0.84	-0.780952	0.0122109
43	-0.84	-0.782326	0.0120024
44	-0.76	-0.781818	0.0117374
45	-0.68	-0.779556	0.0116946
46	-0.76	-0.77913	0.0114454
47	-0.76	-0.778723	0.0112066
48	-0.68	-0.776667	0.0111618
49	-0.6	-0.773061	0.0115109
50	-0.68	-0.7712	0.0114309
51	-0.68	-0.769412	0.0113463
52	-0.84	-0.770769	0.0112085
53	-0.76	-0.770566	0.0109968
54	-0.68	-0.768889	0.0109208
55	-0.76	-0.768727	0.0107216
56	-0.84	-0.77	0.0106051
57	-0.76	-0.769825	0.0104188
58	-0.76	-0.769655	0.010239
59	-0.84	-0.770847	0.0101344
60	-0.84	-0.772	0.0100305
61	-0.68	-0.770492	0.00997929
62	-0.76	-0.770323	0.00981847
63	-0.76	-0.770159	0.00966275
64	-0.76	-0.77	0.0095119
65	-0.84	-0.771077	0.00942614
66	-0.84	-0.772121	0.00934078
67	-0.92	-0.774328	0.00946135
68	-0.92	-0.776471	0.00956417
69	-0.92	-0.778551	0.00965137
70	-0.92	-0.780571	0.00972475
71	-0.92	-0.782535	0.00978587
72	-0.92	-0.784444	0.00983608
73	-0.76	-0.78411	0.00970618
74	-0.68	-0.782703	0.00967693
75	-0.76	-0.7824	0.00955183
76	-0.76	-0.782105	0.00942992
77	-0.76	-0.781818	0.00931107
78	-0.76	-0.781538	0.00919518
79	-0.76	-0.781266	0.00908213
80	-0.76	-0.781	0.00897183
81	-0.6	-0.778765	0.0091378
82	-0.76	-0.778537	0.00902858
83	-0.68	-0.777349	0.0089978
84	-0.76	-0.777143	0.00889244
85	-0.76	-0.776941	0.00878951
86	-0.76	-0.776744	0.00868894
87	-0.76	-0.776552	0.00859065
88	-0.76	-0.776364	0.00849455
89	-0.6	-0.774382	0.00862917
90	-0.68	-0.773333	0.00859695
91	-0.68	-0.772308	0.0085636
92	-0.6	-0.770435	0.0086746
93	-0.68	-0.769462	0.00863575
94	-0.76	-0.769362	0.00854397
95	-0.76	-0.769263	0.00845413
96	-0.76	-0.769167	0.00836616
97	-0.68	-0.768247	0.00833034
98	-0.68	-0.767347	0.00829393
99	-0.76	-0.767273	0.00821006
100	-0.76	-0.7672	0.00812787
101	-0.76	-0.767129	0.00804731
102	-0.76	-0.767059	0.00796833
103	-0.76	-0.76699	0.00789088
104	-0.76	-0.766923	0.00781493
105	-0.84	-0.767619	0.00777137
106	-0.84	-0.768302	0.00772793
107	-0.68	-0.767477	0.00769972
108	-0.84	-0.768148	0.0076576
109	-0.84	-0.768807	0.0076156
110	-0.84	-0.769455	0.00757375
111	-0.76	-0.769369	0.00750569
112	-0.84	-0.77	0.00746506
113	-0.84	-0.770619	0.00742459
114	-0.76	-0.770526	0.00735977
115	-0.68	-0.769739	0.00733783
116	-0.6	-0.768276	0.00742001
117	-0.68	-0.767521	0.00739491
118	-0.6	-0.766102	0.00746816
119	-0.6	-0.764706	0.00753553
120	-0.76	-0.764667	0.00747258
121	-0.68	-0.763967	0.00744352
122	-0.68	-0.763279	0.00741427
123	-0.68	-0.762602	0.00738485
124	-0.76	-0.762581	0.00732508
125	-0.76	-0.76256	0.00726628
126	-0.84	-0.763175	0.00723453
127	-0.84	-0.76378	0.00720279
128	-0.76	-0.76375	0.00714635
129	-0.68	-0.763101	0.0071204
130	-0.6	-0.761846	0.00717594
131	-0.76	-0.761832	0.00712097
132	-0.76	-0.761818	0.00706683
133	-0.76	-0.761805	0.00701351
134	-0.68	-0.761194	0.00698769
135	-0.68	-0.760593	0.00696176
136	-0.76	-0.760588	0.00691039
137	-0.92	-0.761752	0.00695775
138	-0.92	-0.762899	0.00700169
139	-0.92	-0.764029	0.00704242
140	-0.76	-0.764	0.00699199
141	-0.68	-0.763404	0.00696774
142	-0.68	-0.762817	0.00694339
143	-0.68	-0.762238	0.00691894
144	-0.68	-0.761667	0.00689442
145	-0.76	-0.761655	0.00684672
146	-0.84	-0.762192	0.0068208
147	-0.84	-0.762721	0.00679489
148	-0.76	-0.762703	0.00674885
149	-0.84	-0.763221	0.00672344
150	-0.68	-0.762667	0.00670148
151	-0.84	-0.763179	0.00667662
152	-0.76	-0.763158	0.00663258
153	-0.76	-0.763137	0.00658912
154	-0.92	-0.764156	0.00662497
155	-0.84	-0.764645	0.00660025
156	-0.84	-0.765128	0.00657557
157	-0.76	-0.765096	0.00653363
158	-0.6	-0.764051	0.0065757
159	-0.68	-0.763522	0.00655556
160	-0.68	-0.763	0.00653534
161	-0.68	-0.762484	0.00651505
162	-0.76	-0.762469	0.00647473
163	-0.76	-0.762454	0.0064349
164	-0.84	-0.762927	0.006413
165	-0.84	-0.763394	0.00639111
166	-0.6	-0.76241	0.00642829
167	-0.68	-0.761916	0.00640871
168	-0.76	-0.761905	0.00637046
169	-0.76	-0.761893	0.00633266
170	-0.68	-0.761412	0.00631371
171	-0.68	-0.760936	0.00629471
172	-0.92	-0.76186	0.00632597
173	-0.92	-0.762775	0.00635537
174	-1	-0.764138	0.00646415
175	-1	-0.765486	0.00656691
176	-1	-0.766818	0.00666406
177	-1	-0.768136	0.00675599
178	-0.84	-0.768539	0.00673005
179	-0.76	-0.768492	0.00669252
180	-0.76	-0.768444	0.0066554
181	-0.68	-0.767956	0.00663654
182	-0.68	-0.767473	0.00661765
183	-0.68	-0.766995	0.00659872
184	-0.68	-0.766522	0.00657977
185	-0.68	-0.766054	0.0065608
186	-0.76	-0.766022	0.00652551
187	-0.68	-0.765561	0.0065068
188	-0.76	-0.765532	0.00647216
189	-0.76	-0.765503	0.0064379
190	-0.76	-0.765474	0.00640399
191	-0.76	-0.765445	0.00637044
192	-0.76	-0.765417	0.00633723
193	-0.76	-0.765389	0.00630437
194	-0.76	-0.765361	0.00627186
195	-0.76	-0.765333	0.00623967
196	-0.76	-0.765306	0.00620781
197	-0.84	-0.765685	0.00618785
198	-0.68	-0.765253	0.00617171
199	-0.76	-0.765226	0.00614067
200	-0.76	-0.7652	0.00610995
201	-0.84	-0.765572	0.00609085
202	-0.84	-0.765941	0.00607181
203	-0.84	-0.766305	0.00605283
204	-0.68	-0.765882	0.00603793
205	-0.84	-0.766244	0.00601927
206	-0.76	-0.766214	0.00599006
207	-0.76	-0.766184	0.00596113
208	-0.68	-0.765769	0.00594685
209	-0.68	-0.765359	0.00593254
210	-0.6	-0.764571	0.0059565
211	-0.68	-0.764171	0.00594174
212	-0.68	-0.763774	0.00592695
213	-0.68	-0.76338	0.00591216
214	-0.84	-0.763738	0.00589535
215	-0.84	-0.764093	0.00587858
216	-0.84	-0.764444	0.00586184
217	-0.76	-0.764424	0.0058348
218	-0.84	-0.764771	0.00581831
219	-0.76	-0.764749	0.00579172
220	-0.76	-0.764727	0.00576538
221	-0.76	-0.764706	0.00573927
222	-0.68	-0.764324	0.00572609
223	-0.68	-0.763946	0.00571288
224	-0.68	-0.763571	0.00569965
225	-0.6	-0.762844	0.00572065
226	-0.76	-0.762832	0.00569529
227	-0.76	-0.762819	0.00567016
228	-0.84	-0.763158	0.00565538
229	-0.76	-0.763144	0.00563064
230	-0.84	-0.763478	0.00561606
231	-0.76	-0.763463	0.00559171
232	-0.6	-0.762759	0.00561196
233	-0.6	-0.76206	0.00563132
234	-0.68	-0.761709	0.00561816
235	-0.76	-0.761702	0.0055942
236	-0.76	-0.761695	0.00557045
237	-0.76	-0.761688	0.00554691
238	-0.6	-0.761008	0.00556517
239	-0.68	-0.760669	0.00555219
240	-0.76	-0.760667	0.00552901
241	-0.76	-0.760664	0.00550602
242	-0.76	-0.760661	0.00548322
243	-0.68	-0.760329	0.00547069
244	-0.52	-0.759344	0.00553654
245	-0.6	-0.758694	0.00555212
246	-0.6	-0.758049	0.00556701
247	-0.68	-0.757733	0.00555342
248	-0.92	-0.758387	0.00556955
249	-0.84	-0.758715	0.00555681
250	-0.84	-0.75904	0.00554408
251	-0.84	-0.759363	0.00553136
252	-0.92	-0.76	0.00554612
253	-0.84	-0.760316	0.0055332
254	-0.6	-0.759685	0.0055474
255	-0.68	-0.759373	0.00553443
256	-0.6	-0.75875	0.00554781
257	-0.6	-0.758132	0.0055606
258	-0.6	-0.757519	0.00557281
259	-0.68	-0.75722	0.00555931
260	-0.68	-0.756923	0.00554585
261	-0.76	-0.756935	0.00552457
262	-0.68	-0.756641	0.00551127
263	-0.76	-0.756654	0.00549029
264	-0.68	-0.756364	0.00547716
265	-0.76	-0.756377	0.00545647
266	-0.68	-0.75609	0.00544349
267	-0.76	-0.756105	0.00542309
268	-0.76	-0.756119	0.00540283
269	-0.76	-0.756134	0.00538273
270	-0.68	-0.755852	0.00537017
271	-0.84	-0.756162	0.00535932
272	-0.84	-0.756471	0.00534847
273	-0.84	-0.756777	0.00533761
274	-0.76	-0.756788	0.00531811
275	-0.84	-0.757091	0.00530737
276	-0.84	-0.757391	0.00529663
277	-0.84	-0.75769	0.00528589
278	-0.84	-0.757986	0.00527516
279	-0.84	-0.75828	0.00526443
280	-0.76	-0.758286	0.0052456
281	-0.76	-0.758292	0.00522691
282	-0.84	-0.758582	0.00521639
283	-0.76	-0.758587	0.00519793
284	-0.76	-0.758592	0.0051796
285	-0.76	-0.758596	0.00516139
286	-0.76	-0.758601	0.00514332
287	-0.76	-0.758606	0.00512537
288	-0.76	-0.758611	0.00510754
289	-0.76	-0.758616	0.00508984
290	-0.84	-0.758897	0.00508001
291	-0.76	-0.7589	0.00506253
292	-0.76	-0.758904	0.00504516
293	-0.84	-0.759181	0.00503553
294	-0.76	-0.759184	0.00501837
295	-0.84	-0.759458	0.00500883
296	-0.76	-0.759459	0.00499188
297	-0.76	-0.759461	0.00497504
298	-0.68	-0.759195	0.00496548
299	-0.76	-0.759197	0.00494885
300	-0.6	-0.758667	0.00496079
301	-0.68	-0.758405	0.00495118
302	-0.76	-0.758411	0.00493477
303	-0.76	-0.758416	0.00491845
304	-0.76	-0.758421	0.00490225
305	-0.52	-0.757639	0.00494829
306	-0.68	-0.757386	0.00493861
307	-0.76	-0.757394	0.00492251
308	-0.76	-0.757403	0.00490651
309	-0.68	-0.757152	0.00489701
310	-0.84	-0.757419	0.0048885
311	-0.76	-0.757428	0.00487276
312	-0.68	-0.757179	0.00486346
313	-0.76	-0.757188	0.0048479
314	-0.84	-0.757452	0.00483963
315	-0.84	-0.757714	0.00483135
316	-0.76	-0.757722	0.00481604
317	-0.76	-0.757729	0.00480083
318	-0.84	-0.757987	0.0047927
319	-0.84	-0.758245	0.00478457
320	-0.84	-0.7585	0.00477643
321	-0.84	-0.758754	0.00476829
322	-0.84	-0.759006	0.00476015
323	-0.84	-0.759257	0.00475201
324	-0.76	-0.759259	0.00473732
325	-0.76	-0.759262	0.00472272
326	-0.84	-0.759509	0.00471472
327	-0.76	-0.759511	0.00470028
328	-0.84	-0.759756	0.00469235
329	-0.76	-0.759757	0.00467807
330	-0.68	-0.759515	0.00467013
331	-0.68	-0.759275	0.00466219
332	-0.76	-0.759277	0.00464813
333	-0.76	-0.759279	0.00463415
334	-0.76	-0.759281	0.00462025
335	-0.68	-0.759045	0.00461252
336	-0.76	-0.759048	0.00459877
337	-0.76	-0.75905	0.0045851
338	-0.76	-0.759053	0.00457152
339	-0.76	-0.759056	0.00455801
340	-0.76	-0.759059	0.00454459
341	-0.76	-0.759062	0.00453124
342	-0.76	-0.759064	0.00451798
343	-0.76	-0.759067	0.00450479
344	-0.76	-0.75907	0.00449167
345	-0.84	-0.759304	0.00448477
346	-0.84	-0.759538	0.00447787
347	-0.76	-0.759539	0.00446495
348	-0.84	-0.75977	0.0044581
349	-0.84	-0.76	0.00445125
350	-0.84	-0.760229	0.00444439
351	-0.84	-0.760456	0.00443753
352	-0.76	-0.760455	0.00442491
353	-0.76	-0.760453	0.00441236
354	-0.68	-0.760226	0.00440574
355	-0.68	-0.76	0.00439912
356	-0.76	-0.76	0.00438675
357	-0.84	-0.760224	0.00438018
358	-0.84	-0.760447	0.00437361
359	-0.84	-0.760669	0.00436703
360	-0.68	-0.760444	0.00436065
361	-0.68	-0.760222	0.00435426
362	-0.6	-0.759779	0.00436471
363	-0.44	-0.758898	0.00444092
364	-0.76	-0.758901	0.0044287
365	-0.76	-0.758904	0.00441656
366	-0.68	-0.758689	0.00440974
367	-0.68	-0.758474	0.00440294
368	-0.68	-0.758261	0.00439613
369	-0.76	-0.758266	0.0043842
370	-0.84	-0.758486	0.00437791
371	-0.84	-0.758706	0.00437162
372	-0.84	-0.758925	0.00436533
373	-0.84	-0.759142	0.00435903
374	-0.84	-0.759358	0.00435273
375	-0.76	-0.75936	0.00434111
376	-0.68	-0.759149	0.00433469
377	-0.68	-0.758939	0.00432827
378	-0.68	-0.75873	0.00432186
379	-0.68	-0.758522	0.00431544
380	-0.76	-0.758526	0.00430407
381	-0.68	-0.75832	0.0042977
382	-0.84	-0.758534	0.00429177
383	-0.84	-0.758747	0.00428583
384	-0.76	-0.75875	0.00427466
385	-0.76	-0.758753	0.00426354
386	-0.84	-0.758964	0.00425769
387	-0.84	-0.759173	0.00425183
388	-0.76	-0.759175	0.00424086
389	-0.68	-0.758972	0.00423484
390	-0.84	-0.759179	0.00422907
391	-0.84	-0.759386	0.0042233
392	-0.84	-0.759592	0.00421753
393	-0.84	-0.759796	0.00421176
394	-0.84	-0.76	0.00420598
395	-0.84	-0.760203	0.00420021
396	-0.84	-0.760404	0.00419443
397	-0.84	-0.760605	0.00418865
398	-0.84	-0.760804	0.00418287
399	-0.76	-0.760802	0.00417238
400	-0.84	-0.761	0.00416664
401	-0.84	-0.761197	0.0041609
402	-0.68	-0.760995	0.00415545
403	-0.84	-0.761191	0.00414976
404	-0.92	-0.761584	0.0041581
405	-0.84	-0.761778	0.00415234
406	-0.84	-0.76197	0.00414658
407	-0.84	-0.762162	0.00414082
408	-0.84	-0.762353	0.00413506
409	-0.76	-0.762347	0.00412494
410	-0.84	-0.762537	0.00411922
411	-0.84	-0.762725	0.00411351
412	-0.76	-0.762718	0.00410352
413	-0.76	-0.762712	0.00409357
414	-0.76	-0.762705	0.00408368
415	-0.68	-0.762506	0.0040787
416	-0.76	-0.7625	0.00406889
417	-0.84	-0.762686	0.00406337
418	-0.84	-0.762871	0.00405785
419	-0.84	-0.763055	0.00405234
420	-0.68	-0.762857	0.00404752
421	-0.76	-0.76285	0.0040379
422	-0.84	-0.763033	0.00403246
423	-0.84	-0.763215	0.00402703
424	-0.76	-0.763208	0.00401753
425	-0.76	-0.7632	0.00400807
426	-0.92	-0.763568	0.00401556
427	-0.92	-0.763934	0.00402286
428	-0.84	-0.764112	0.00401738
429	-0.92	-0.764476	0.00402444
430	-0.92	-0.764837	0.00403133
431	-0.92	-0.765197	0.00403805
432	-0.84	-0.76537	0.00403241
433	-0.84	-0.765543	0.00402677
434	-0.76	-0.76553	0.00401751
435	-0.76	-0.765517	0.00400828
436	-0.84	-0.765688	0.00400272
437	-0.68	-0.765492	0.00399836
438	-0.92	-0.765845	0.00400479
439	-0.84	-0.766014	0.00399923
440	-0.92	-0.766364	0.00400545
441	-0.92	-0.766712	0.00401151
442	-0.84	-0.766878	0.00400586
443	-0.92	-0.767223	0.00401172
444	-0.92	-0.767568	0.00401744
445	-0.84	-0.76773	0.0040117
446	-0.92	-0.768072	0.00401723
447	-0.92	-0.768412	0.00402262
448	-0.92	-0.76875	0.00402787
449	-0.92	-0.769087	0.00403298
450	-0.92	-0.769422	0.00403796
451	-0.92	-0.769756	0.00404281
452	-0.84	-0.769912	0.00403685
453	-0.84	-0.770066	0.00403089
454	-0.76	-0.770044	0.00402207
455	-0.76	-0.770022	0.00401328
456	-0.84	-0.770175	0.00400741
457	-0.84	-0.770328	0.00400155
458	-0.84	-0.77048	0.0039957
459	-0.92	-0.770806	0.00400027
460	-0.92	-0.77113	0.00400472
461	-0.92	-0.771453	0.00400905
462	-0.92	-0.771775	0.00401326
463	-0.92	-0.772095	0.00401736
464	-0.92	-0.772414	0.00402135
465	-0.76	-0.772387	0.00401278
466	-0.68	-0.772189	0.00400906
467	-0.68	-0.771991	0.00400534
468	-0.68	-0.771795	0.0040016
469	-0.84	-0.77194	0.00399571
470	-0.76	-0.771915	0.00398728
471	-0.76	-0.77189	0.00397888
472	-0.84	-0.772034	0.00397306
473	-0.84	-0.772178	0.00396726
474	-0.76	-0.772152	0.00395896
475	-0.84	-0.772295	0.0039532
476	-0.84	-0.772437	0.00394745
477	-0.84	-0.772579	0.00394171
478	-0.84	-0.77272	0.00393599
479	-0.84	-0.77286	0.00393027
480	-0.84	-0.773	0.00392457
481	-0.84	-0.773139	0.00391888
482	-0.76	-0.773112	0.00391083
483	-0.84	-0.773251	0.00390518
484	-0.76	-0.773223	0.0038972
485	-0.84	-0.773361	0.00389159
486	-0.76	-0.773333	0.00388368
487	-0.84	-0.77347	0.00387811
488	-0.92	-0.77377	0.00388179
489	-0.92	-0.77407	0.00388536
490	-0.92	-0.774367	0.00388885
491	-0.84	-0.774501	0.00388322
492	-0.84	-0.774634	0.00387761
493	-0.76	-0.774604	0.00386985
494	-0.76	-0.774575	0.00386212
495	-0.68	-0.774384	0.00385904
496	-0.84	-0.774516	0.00385352
497	-0.76	-0.774487	0.00384587
498	-0.84	-0.774618	0.0038404
499	-0.76	-0.774589	0.0038328
500	-0.84	-0.77472	0.00382737
501	-0.76	-0.774691	0.00381983
502	-0.68	-0.774502	0.00381688
503	-0.84	-0.774632	0.00381151
504	-0.84	-0.774762	0.00380615
505	-0.84	-0.774891	0.0038008
506	-0.76	-0.774862	0.0037934
507	-0.76	-0.774832	0.00378602
508	-0.84	-0.774961	0.00378074
509	-0.76	-0.774931	0.00377342
510	-0.76	-0.774902	0.00376612
511	-0.76	-0.774873	0.00375886
512	-0.76	-0.774844	0.00375162
513	-0.84	-0.774971	0.00374646
514	-0.76	-0.774942	0.00373927
515	-0.84	-0.775068	0.00373414
516	-0.92	-0.775349	0.00373747
517	-0.84	-0.775474	0.00373233
518	-0.84	-0.775598	0.0037272
519	-0.84	-0.775723	0.00372208
520	-0.84	-0.775846	0.00371697
521	-0.84	-0.775969	0.00371187
522	-0.84	-0.776092	0.00370679
523	-0.76	-0.776061	0.00369982
524	-0.76	-0.776031	0.00369288
525	-0.68	-0.775848	0.00369037
526	-0.76	-0.775817	0.00368347
527	-0.76	-0.775787	0.0036766
528	-0.76	-0.775758	0.00366975
529	-0.84	-0.775879	0.00366482
530	-0.84	-0.776	0.0036599
531	-0.76	-0.77597	0.00365313
532	-0.76	-0.77594	0.00364638
533	-0.84	-0.77606	0.00364151
534	-0.76	-0.77603	0.00363481
535	-0.84	-0.77615	0.00362998
536	-0.76	-0.776119	0.00362333
537	-0.84	-0.776238	0.00361853
538	-0.84	-0.776357	0.00361374
539	-0.84	-0.776475	0.00360896
540	-0.76	-0.776444	0.0036024
541	-0.84	-0.776562	0.00359766
542	-0.68	-0.776384	0.00359543
543	-0.68	-0.776206	0.00359319
544	-0.68	-0.776029	0.00359093
545	-0.68	-0.775853	0.00358867
546	-0.76	-0.775824	0.00358221
547	-0.84	-0.775941	0.00357758
548	-0.84	-0.776058	0.00357295
549	-0.76	-0.776029	0.00356656
550	-0.76	-0.776	0.00356019
551	-0.76	-0.775971	0.00355384
552	-0.76	-0.775942	0.00354751
553	-0.84	-0.776058	0.00354299
554	-0.68	-0.775884	0.00354083
555	-0.6	-0.775568	0.00354863
556	-0.68	-0.775396	0.00354641
557	-0.6	-0.775081	0.00355401
558	-0.76	-0.775054	0.00354774
559	-0.76	-0.775027	0.00354149
560	-0.84	-0.775143	0.00353706
561	-0.84	-0.775258	0.00353265
562	-0.84	-0.775374	0.00352824
563	-0.84	-0.775488	0.00352383
564	-0.76	-0.775461	0.00351769
565	-0.84	-0.775575	0.00351331
566	-0.84	-0.775689	0.00350895
567	-0.84	-0.775802	0.00350459
568	-0.84	-0.775915	0.00350024
569	-0.76	-0.775888	0.00349419
570	-0.68	-0.775719	0.00349211
571	-0.84	-0.775832	0.00348781
572	-0.92	-0.776084	0.00349082
573	-0.84	-0.776195	0.0034865
574	-0.68	-0.776028	0.00348446
575	-0.92	-0.776278	0.00348739
576	-0.84	-0.776389	0.00348309
577	-0.84	-0.776499	0.00347879
578	-0.84	-0.776609	0.00347451
579	-0.76	-0.77658	0.00346862
580	-0.84	-0.77669	0.00346436
581	-0.84	-0.776799	0.00346011
582	-0.92	-0.777045	0.00346291
583	-0.84	-0.777153	0.00345865
584	-0.84	-0.77726	0.0034544
585	-0.84	-0.777368	0.00345016
586	-0.84	-0.777474	0.00344592
587	-0.84	-0.777581	0.0034417
588	-0.84	-0.777687	0.00343748
589	-0.76	-0.777657	0.00343177
590	-0.68	-0.777492	0.00342994
591	-0.76	-0.777462	0.00342426
592	-0.6	-0.777162	0.00343159
593	-0.6	-0.776863	0.0034388
594	-0.76	-0.776835	0.00343313
595	-0.84	-0.776941	0.003429
596	-0.76	-0.776913	0.00342336
597	-0.84	-0.777018	0.00341925
598	-0.84	-0.777124	0.00341515
599	-0.84	-0.777229	0.00341106
600	-0.84	-0.777333	0.00340698
601	-0.84	-0.777438	0.0034029
602	-0.76	-0.777409	0.00339737
603	-0.84	-0.777512	0.00339332
604	-0.68	-0.777351	0.00339154
605	-0.76	-0.777322	0.00338605
606	-0.84	-0.777426	0.00338204
607	-0.84	-0.777529	0.00337804
608	-0.76	-0.7775	0.0033726
609	-0.68	-0.77734	0.00337086
610	-0.68	-0.77718	0.00336911
611	-0.84	-0.777283	0.00336516
612	-0.84	-0.777386	0.00336122
613	-0.84	-0.777488	0.00335729
614	-0.84	-0.77759	0.00335336
615	-0.76	-0.777561	0.00334803
616	-0.84	-0.777662	0.00334413
617	-0.76	-0.777634	0.00333882
618	-0.76	-0.777605	0.00333354
619	-0.76	-0.777577	0.00332827
620	-0.76	-0.777548	0.00332302
621	-0.76	-0.77752	0.00331778
622	-0.76	-0.777492	0.00331257
623	-0.76	-0.777464	0.00330736
624	-0.84	-0.777564	0.00330358
625	-0.84	-0.777664	0.0032998
626	-0.84	-0.777764	0.00329603
627	-0.84	-0.777863	0.00329227
628	-0.84	-0.777962	0.00328851
629	-0.84	-0.77806	0.00328476
630	-0.84	-0.778159	0.00328101
631	-0.76	-0.77813	0.00327594
632	-0.76	-0.778101	0.00327087
633	-0.76	-0.778073	0.00326583
634	-0.84	-0.77817	0.00326213
635	-0.92	-0.778394	0.00326464
636	-0.84	-0.778491	0.00326094
637	-0.84	-0.778587	0.00325725
638	-0.84	-0.778683	0.00325357
639	-0.84	-0.778779	0.00324989
640	-0.84	-0.778875	0.00324622
641	-0.84	-0.77897	0.00324255
642	-0.84	-0.779065	0.00323889
643	-0.84	-0.77916	0.00323524
644	-0.84	-0.779255	0.00323159
645	-0.84	-0.779349	0.00322795
646	-0.76	-0.779319	0.00322309
647	-0.76	-0.779289	0.00321824
648	-0.76	-0.779259	0.00321341
649	-0.76	-0.77923	0.00320859
650	-0.76	-0.7792	0.00320379
651	-0.84	-0.779293	0.00320023
652	-0.84	-0.779387	0.00319667
653	-0.84	-0.779479	0.00319312
654	-0.76	-0.77945	0.00318838
655	-0.76	-0.77942	0.00318364
656	-0.68	-0.779268	0.0031824
657	-0.76	-0.779239	0.00317768
658	-0.76	-0.77921	0.00317299
659	-0.68	-0.779059	0.00317174
660	-0.52	-0.778667	0.00319117
661	-0.68	-0.778517	0.00318983
662	-0.68	-0.778369	0.00318848
663	-0.6	-0.7781	0.00319501
664	-0.68	-0.777952	0.00319362
665	-0.84	-0.778045	0.00319018
666	-0.84	-0.778138	0.00318674
667	-0.76	-0.778111	0.00318208
668	-0.84	-0.778204	0.00317866
669	-0.84	-0.778296	0.00317525
670	-0.76	-0.778269	0.00317062
671	-0.84	-0.778361	0.00316723
672	-0.76	-0.778333	0.00316263
673	-0.92	-0.778544	0.00316494
674	-0.84	-0.778635	0.00316155
675	-0.68	-0.778489	0.00316025
676	-0.68	-0.778343	0.00315893
677	-0.92	-0.778552	0.00316119
678	-0.92	-0.778761	0.00316341
679	-1	-0.779087	0.00317551
680	-1	-0.779412	0.00318744
681	-0.92	-0.779618	0.00318944
682	-0.84	-0.779707	0.00318599
683	-0.84	-0.779795	0.00318255
684	-0.84	-0.779883	0.00317911
685	-0.92	-0.780088	0.00318105
686	-0.92	-0.780292	0.00318295
687	-0.84	-0.780378	0.0031795
688	-0.84	-0.780465	0.00317606
689	-0.84	-0.780552	0.00317262
690	-0.76	-0.780522	0.00316816
691	-0.92	-0.780724	0.00317001
692	-0.92	-0.780925	0.00317182
693	-0.92	-0.781126	0.00317359
694	-0.84	-0.78121	0.00317015
695	-0.92	-0.78141	0.00317187
696	-0.84	-0.781494	0.00316843
697	-0.84	-0.781578	0.003165
698	-0.84	-0.781662	0.00316157
699	-0.76	-0.781631	0.00315719
700	-0.76	-0.7816	0.00315283
701	-0.68	-0.781455	0.00315166
702	-0.76	-0.781425	0.00314732
703	-0.76	-0.781394	0.00314299
704	-0.76	-0.781364	0.00313867
705	-0.76	-0.781333	0.00313436
706	-0.76	-0.781303	0.00313006
707	-0.68	-0.78116	0.00312891
708	-0.6	-0.780904	0.00313495
709	-0.6	-0.780649	0.00314091
710	-0.76	-0.78062	0.00313661
711	-0.6	-0.780366	0.00314248
712	-0.84	-0.780449	0.00313919
713	-0.84	-0.780533	0.00313589
714	-0.84	-0.780616	0.0031326
715	-0.84	-0.780699	0.00312932
716	-0.84	-0.780782	0.00312605
717	-0.76	-0.780753	0.00312182
718	-0.76	-0.780724	0.0031176
719	-0.76	-0.780695	0.0031134
720	-0.68	-0.780556	0.00311221
721	-0.68	-0.780416	0.00311102
722	-0.68	-0.780277	0.00310982
723	-0.6	-0.780028	0.00311551
724	-0.76	-0.78	0.00311133
725	-0.76	-0.779972	0.00310715
726	-0.76	-0.779945	0.00310299
727	-0.76	-0.779917	0.00309884
728	-0.84	-0.78	0.00309568
729	-0.84	-0.780082	0.00309253
730	-0.84	-0.780164	0.00308938
731	-0.84	-0.780246	0.00308624
732	-0.84	-0.780328	0.0030831
733	-0.68	-0.780191	0.00308193
734	-0.76	-0.780163	0.00307785
735	-0.76	-0.780136	0.00307379
736	-0.76	-0.780109	0.00306973
737	-0.84	-0.78019	0.00306664
738	-0.84	-0.780271	0.00306355
739	-0.84	-0.780352	0.00306047
740	-0.76	-0.780324	0.00305646
741	-0.76	-0.780297	0.00305245
742	-0.76	-0.78027	0.00304846
743	-0.76	-0.780242	0.00304447
744	-0.84	-0.780323	0.00304144
745	-0.76	-0.780295	0.00303748
746	-0.76	-0.780268	0.00303352
747	-0.76	-0.780241	0.00302958
748	-0.76	-0.780214	0.00302565
749	-0.68	-0.78008	0.00302457
750	-0.68	-0.779947	0.00302348
751	-0.68	-0.779814	0.00302238
752	-0.68	-0.779681	0.00302128
753	-0.68	-0.779548	0.00302017
754	-0.68	-0.779416	0.00301905
755	-0.84	-0.779497	0.00301611
756	-0.84	-0.779577	0.00301318
757	-0.76	-0.779551	0.00300931
758	-0.68	-0.77942	0.00300821
759	-0.68	-0.779289	0.00300709
760	-0.68	-0.779158	0.00300598
761	-0.84	-0.779238	0.00300309
762	-0.84	-0.779318	0.0030002
763	-0.68	-0.779187	0.00299909
764	-0.76	-0.779162	0.00299527
765	-0.76	-0.779137	0.00299146
766	-0.76	-0.779112	0.00298766
767	-0.68	-0.778983	0.00298655
768	-0.76	-0.778958	0.00298277
769	-0.68	-0.77883	0.00298166
770	-0.68	-0.778701	0.00298055
771	-0.76	-0.778677	0.00297678
772	-0.68	-0.778549	0.00297567
773	-0.68	-0.778422	0.00297455
774	-0.68	-0.778295	0.00297343
775	-0.76	-0.778271	0.00296968
776	-0.76	-0.778247	0.00296595
777	-0.68	-0.778121	0.00296482
778	-0.68	-0.777995	0.0029637
779	-0.76	-0.777972	0.00295998
780	-0.68	-0.777846	0.00295885
781	-0.6	-0.777618	0.00296382
782	-0.6	-0.777391	0.00296873
783	-0.52	-0.777063	0.0029831
784	-0.68	-0.776939	0.00298186
785	-0.6	-0.776713	0.00298658
786	-0.68	-0.77659	0.00298532
787	-0.76	-0.776569	0.00298159
788	-0.76	-0.776548	0.00297788
789	-0.76	-0.776527	0.00297418
790	-0.84	-0.776608	0.0029715
791	-0.84	-0.776688	0.00296882
792	-0.84	-0.776768	0.00296615
793	-0.76	-0.776747	0.00296248
794	-0.76	-0.776725	0.00295882
795	-0.76	-0.776704	0.00295517
796	-0.68	-0.776583	0.00295396
797	-0.68	-0.776462	0.00295274
798	-0.68	-0.776341	0.00295151
799	-0.76	-0.77632	0.00294789
800	-0.76	-0.7763	0.00294427
801	-0.84	-0.77638	0.00294167
802	-0.84	-0.776459	0.00293907
803	-0.76	-0.776438	0.00293548
804	-0.76	-0.776418	0.00293189
805	-0.76	-0.776398	0.00292832
806	-0.76	-0.776377	0.00292476
807	-0.68	-0.776258	0.00292357
808	-0.68	-0.776139	0.00292238
809	-0.76	-0.776119	0.00291883
810	-0.76	-0.776099	0.00291529
811	-0.76	-0.776079	0.00291177
812	-0.76	-0.776059	0.00290824
813	-0.84	-0.776138	0.00290573
814	-0.84	-0.776216	0.00290322
815	-0.92	-0.776393	0.00290502
816	-0.76	-0.776373	0.00290152
817	-0.84	-0.77645	0.00289902
818	-0.76	-0.77643	0.00289554
819	-0.76	-0.77641	0.00289207
820	-0.84	-0.776488	0.00288958
821	-0.84	-0.776565	0.0028871
822	-0.84	-0.776642	0.00288462
823	-0.76	-0.776622	0.00288118
824	-0.68	-0.776505	0.00288007
825	-0.84	-0.776582	0.00287761
826	-0.84	-0.776659	0.00287514
827	-0.92	-0.776832	0.00287689
828	-0.92	-0.777005	0.00287861
829	-0.92	-0.777177	0.00288031
830	-0.92	-0.777349	0.00288198
831	-0.92	-0.777521	0.00288362
832	-0.84	-0.777596	0.00288113
833	-0.92	-0.777767	0.00288274
834	-0.92	-0.777938	0.00288433
835	-0.92	-0.778108	0.0028859
836	-0.92	-0.778278	0.00288743
837	-0.76	-0.778256	0.00288407
838	-0.76	-0.778234	0.0028807
839	-0.76	-0.778212	0.00287735
840	-0.76	-0.77819	0.002874
841	-0.68	-0.778074	0.00287296
842	-0.76	-0.778052	0.00286962
843	-0.76	-0.778031	0.0028663
844	-0.76	-0.778009	0.00286298
845	-0.68	-0.777893	0.00286194
846	-0.6	-0.777683	0.00286628
847	-0.68	-0.777568	0.00286522
848	-0.68	-0.777453	0.00286415
849	-0.68	-0.777338	0.00286307
850	-0.68	-0.777224	0.002862
851	-0.68	-0.777109	0.00286091
852	-0.76	-0.777089	0.00285762
853	-0.68	-0.776975	0.00285654
854	-0.6	-0.776768	0.00286071
855	-0.68	-0.776655	0.0028596
856	-0.6	-0.776449	0.0028637
857	-0.6	-0.776243	0.00286776
858	-0.68	-0.776131	0.00286661
859	-0.76	-0.776112	0.00286334
860	-0.76	-0.776093	0.00286007
861	-0.76	-0.776074	0.0028568
862	-0.84	-0.776148	0.00285445
863	-0.84	-0.776222	0.0028521
864	-0.84	-0.776296	0.00284975
865	-0.84	-0.77637	0.00284741
866	-0.76	-0.776351	0.00284418
867	-0.84	-0.776424	0.00284185
868	-0.92	-0.77659	0.00284339
869	-0.92	-0.776755	0.0028449
870	-0.68	-0.776644	0.00284381
871	-0.76	-0.776625	0.00284061
872	-0.76	-0.776606	0.00283741
873	-0.6	-0.776403	0.00284137
874	-0.6	-0.776201	0.00284528
875	-0.68	-0.776091	0.00284416
876	-0.52	-0.775799	0.00285591
877	-0.6	-0.775599	0.00285969
878	-0.84	-0.775672	0.00285737
879	-0.76	-0.775654	0.00285417
880	-0.76	-0.775636	0.00285098
881	-0.76	-0.775619	0.0028478
882	-0.76	-0.775601	0.00284462
883	-0.84	-0.775674	0.00284234
884	-0.84	-0.775747	0.00284005
885	-0.76	-0.775729	0.0028369
886	-0.84	-0.775801	0.00283462
887	-0.76	-0.775784	0.00283148
888	-0.84	-0.775856	0.00282921
889	-0.84	-0.775928	0.00282695
890	-0.92	-0.77609	0.00282841
891	-0.84	-0.776162	0.00282614
892	-0.84	-0.776233	0.00282388
893	-0.92	-0.776394	0.00282531
894	-0.92	-0.776555	0.00282671
895	-0.92	-0.776715	0.0028281
896	-0.84	-0.776786	0.00282582
897	-0.84	-0.776856	0.00282355
898	-0.68	-0.776748	0.00282246
899	-0.76	-0.77673	0.00281938
900	-0.76	-0.776711	0.00281631
901	-0.68	-0.776604	0.00281523
902	-0.76	-0.776585	0.00281217
903	-0.76	-0.776567	0.00280911
904	-0.68	-0.77646	0.00280804
905	-0.76	-0.776442	0.00280499
906	-0.76	-0.776424	0.00280195
907	-0.6	-0.776229	0.00280561
908	-0.68	-0.776123	0.00280452
909	-0.68	-0.776018	0.00280343
910	-0.68	-0.775912	0.00280234
911	-0.76	-0.775895	0.00279931
912	-0.76	-0.775877	0.0027963
913	-0.76	-0.77586	0.00279329
914	-0.68	-0.775755	0.0027922
915	-0.6	-0.775563	0.00279575
916	-0.6	-0.775371	0.00279927
917	-0.76	-0.775354	0.00279626
918	-0.84	-0.775425	0.0027941
919	-0.76	-0.775408	0.00279111
920	-0.84	-0.775478	0.00278896
921	-0.76	-0.775461	0.00278598
922	-0.76	-0.775445	0.00278301
923	-0.76	-0.775428	0.00278004
924	-0.76	-0.775411	0.00277708
925	-0.76	-0.775395	0.00277413
926	-0.84	-0.775464	0.00277201
927	-0.84	-0.775534	0.00276989
928	-0.76	-0.775517	0.00276695
929	-0.52	-0.775242	0.00277763
930	-0.6	-0.775054	0.00278103
931	-0.68	-0.774952	0.00277992
932	-0.68	-0.77485	0.0027788
933	-0.68	-0.774748	0.00277768
934	-0.68	-0.774647	0.00277656
935	-0.84	-0.774717	0.00277447
936	-0.76	-0.774701	0.00277155
937	-0.76	-0.774685	0.00276863
938	-0.76	-0.77467	0.00276572
939	-0.84	-0.774739	0.00276365
940	-0.84	-0.774809	0.00276158
941	-0.84	-0.774878	0.00275952
942	-0.84	-0.774947	0.00275745
943	-0.68	-0.774846	0.00275637
944	-0.68	-0.774746	0.00275528
945	-0.6	-0.774561	0.00275856
946	-0.68	-0.774461	0.00275746
947	-0.76	-0.774446	0.00275459
948	-0.76	-0.77443	0.00275172
949	-0.84	-0.774499	0.00274969
950	-0.84	-0.774568	0.00274766
951	-0.76	-0.774553	0.00274481
952	-0.76	-0.774538	0.00274197
953	-0.76	-0.774523	0.00273913
954	-0.76	-0.774507	0.0027363
955	-0.84	-0.774576	0.0027343
956	-0.84	-0.774644	0.00273229
957	-0.76	-0.774629	0.00272948
958	-0.84	-0.774697	0.00272748
959	-0.76	-0.774682	0.00272468
960	-0.6	-0.7745	0.00272791
961	-0.68	-0.774402	0.00272685
962	-0.6	-0.77422	0.00273004
963	-0.6	-0.774039	0.0027332
964	-0.76	-0.774025	0.0027304
965	-0.84	-0.774093	0.00272842
966	-0.76	-0.774079	0.00272564
967	-0.68	-0.773981	0.00272455
968	-0.68	-0.773884	0.00272347
969	-0.76	-0.77387	0.0027207
970	-0.68	-0.773773	0.00271961
971	-0.76	-0.773759	0.00271685
972	-0.76	-0.773745	0.00271409
973	-0.76	-0.773731	0.00271133
974	-0.76	-0.773717	0.00270858
975	-0.76	-0.773703	0.00270584
976	-0.76	-0.773689	0.0027031
977	-0.68	-0.773593	0.00270204
978	-0.76	-0.773579	0.00269931
979	-0.76	-0.773565	0.00269659
980	-0.76	-0.773551	0.00269387
981	-0.6	-0.773374	0.00269693
982	-0.68	-0.773279	0.00269586
983	-0.68	-0.773184	0.00269479
984	-0.76	-0.773171	0.00269208
985	-0.92	-0.77332	0.00269347
986	-0.92	-0.773469	0.00269485
987	-0.92	-0.773617	0.00269621
988	-0.92	-0.773765	0.00269755
989	-0.92	-0.773913	0.00269887
990	-0.76	-0.773899	0.00269618
991	-0.84	-0.773966	0.00269429
992	-0.84	-0.774032	0.00269239
993	-0.6	-0.773857	0.00269538
994	-0.68	-0.773763	0.00269433
995	-0.6	-0.773588	0.00269728
996	-0.6	-0.773414	0.0027002
997	-0.52	-0.773159	0.00270944
998	-0.52	-0.772906	0.00271858
999	-0.6	-0.772733	0.00272137
1000	-0.68	-0.77264	0.00272023
1001	-0.76	-0.772627	0.00271754
1002	-0.76	-0.772615	0.00271485
1003	-0.76	-0.772602	0.00271217
1004	-0.6	-0.77243	0.00271492
1005	-0.68	-0.772338	0.00271378
1006	-0.68	-0.772247	0.00271263
1007	-0.92	-0.772393	0.0027139
1008	-0.92	-0.77254	0.00271516
1009	-0.92	-0.772686	0.0027164
1010	-0.84	-0.772752	0.00271453
1011	-0.76	-0.77274	0.00271187
1012	-0.76	-0.772727	0.00270922
1013	-0.68	-0.772636	0.00270809
1014	-0.68	-0.772544	0.00270696
1015	-0.68	-0.772453	0.00270583
1016	-0.68	-0.772362	0.0027047
1017	-0.68	-0.772271	0.00270356
1018	-0.68	-0.772181	0.00270243
1019	-0.68	-0.77209	0.00270129
1020	-0.76	-0.772078	0.00269867
1021	-0.84	-0.772145	0.00269684
1022	-0.68	-0.772055	0.00269571
1023	-0.76	-0.772043	0.0026931
1024	-0.84	-0.772109	0.00269129
1025	-0.84	-0.772176	0.00268948
1026	-0.84	-0.772242	0.00268767
1027	-0.84	-0.772308	0.00268586
1028	-0.76	-0.772296	0.00268327
1029	-0.84	-0.772362	0.00268147
1030	-0.84	-0.772427	0.00267967
1031	-0.68	-0.772338	0.00267857
1032	-0.68	-0.772248	0.00267747
1033	-0.68	-0.772159	0.00267637
1034	-0.76	-0.772147	0.0026738
1035	-0.76	-0.772135	0.00267124
1036	-0.76	-0.772124	0.00266869
1037	-0.68	-0.772035	0.00266759
1038	-0.68	-0.771946	0.0026665
1039	-0.76	-0.771935	0.00266395
1040	-0.92	-0.772077	0.0026652
1041	-0.92	-0.772219	0.00266642
1042	-0.92	-0.772361	0.00266764
1043	-0.68	-0.772272	0.00266655
1044	-0.68	-0.772184	0.00266546
1045	-0.84	-0.772249	0.0026637
1046	-0.84	-0.772314	0.00266194
1047	-0.84	-0.772378	0.00266018
1048	-0.76	-0.772366	0.00265767
1049	-0.92	-0.772507	0.00265886
1050	-0.92	-0.772648	0.00266004
1051	-0.84	-0.772712	0.00265828
1052	-0.92	-0.772852	0.00265944
1053	-0.92	-0.772991	0.00266058
1054	-0.92	-0.773131	0.00266171
1055	-0.84	-0.773194	0.00265995
1056	-0.92	-0.773333	0.00266106
1057	-0.84	-0.773396	0.00265929
1058	-0.84	-0.773459	0.00265752
1059	-0.84	-0.773522	0.00265575
1060	-0.84	-0.773585	0.00265399
1061	-0.84	-0.773648	0.00265222
1062	-0.84	-0.77371	0.00265046
1063	-0.84	-0.773772	0.0026487
1064	-0.92	-0.77391	0.00264978
1065	-0.92	-0.774047	0.00265084
1066	-0.92	-0.774184	0.00265189
1067	-0.92	-0.774321	0.00265292
1068	-0.84	-0.774382	0.00265115
1069	-0.68	-0.774294	0.00265014
1070	-0.84	-0.774355	0.00264838
1071	-0.6	-0.774192	0.00265091
1072	-0.76	-0.774179	0.00264846
1073	-0.92	-0.774315	0.00264948
1074	-0.92	-0.774451	0.00265049
1075	-0.92	-0.774586	0.00265148
1076	-0.84	-0.774647	0.00264971
1077	-1	-0.774856	0.00265551
1078	-1	-0.775065	0.00266125
1079	-1	-0.775273	0.00266694
1080	-1	-0.775481	0.00267259
1081	-1	-0.775689	0.00267818
1082	-0.84	-0.775749	0.00267636
1083	-0.92	-0.775882	0.0026772
1084	-0.84	-0.775941	0.00267539
1085	-0.84	-0.776	0.00267357
1086	-0.92	-0.776133	0.0026744
1087	-0.84	-0.776191	0.00267258
1088	-0.92	-0.776324	0.0026734
1089	-0.92	-0.776455	0.0026742
1090	-0.84	-0.776514	0.00267238
1091	-0.84	-0.776572	0.00267056
1092	-0.84	-0.77663	0.00266875
1093	-0.84	-0.776688	0.00266693
1094	-0.84	-0.776746	0.00266512
1095	-0.76	-0.776731	0.00266273
1096	-0.76	-0.776715	0.00266035
1097	-0.76	-0.7767	0.00265796
1098	-0.68	-0.776612	0.002657
1099	-0.6	-0.776451	0.00265944
1100	-0.68	-0.776364	0.00265847
1101	-0.6	-0.776203	0.00266088
1102	-0.68	-0.776116	0.0026599
1103	-0.68	-0.776029	0.00265891
1104	-0.76	-0.776014	0.00265654
1105	-0.76	-0.776	0.00265418
1106	-0.84	-0.776058	0.00265241
1107	-0.84	-0.776116	0.00265064
1108	-0.84	-0.776173	0.00264887
1109	-0.76	-0.776159	0.00264653
1110	-0.68	-0.776072	0.00264556
1111	-0.68	-0.775986	0.00264459
1112	-0.6	-0.775827	0.00264695
1113	-0.6	-0.775669	0.00264928
1114	-0.6	-0.775512	0.0026516
1115	-0.68	-0.775426	0.0026506
1116	-0.68	-0.775341	0.0026496
1117	-0.68	-0.775255	0.00264861
1118	-0.68	-0.77517	0.00264761
1119	-0.76	-0.775156	0.00264528
1120	-0.76	-0.775143	0.00264295
1121	-0.76	-0.775129	0.00264062
1122	-0.76	-0.775116	0.0026383
1123	-0.68	-0.775031	0.00263731
1124	-0.68	-0.774947	0.00263632
1125	-0.6	-0.774791	0.00263856
1126	-0.68	-0.774707	0.00263756
1127	-0.84	-0.774765	0.00263586
1128	-0.68	-0.774681	0.00263486
1129	-0.76	-0.774668	0.00263256
1130	-0.68	-0.774584	0.00263156
1131	-0.52	-0.774359	0.00263885
1132	-0.76	-0.774346	0.00263655
1133	-0.76	-0.774334	0.00263425
1134	-0.76	-0.774321	0.00263196
1135	-0.76	-0.774308	0.00262967
1136	-0.76	-0.774296	0.00262738
1137	-0.76	-0.774283	0.0026251
1138	-0.76	-0.774271	0.00262282
1139	-0.68	-0.774188	0.00262183
1140	-0.76	-0.774175	0.00261956
1141	-0.76	-0.774163	0.00261729
1142	-0.68	-0.774081	0.00261629
1143	-0.84	-0.774138	0.00261464
1144	-0.76	-0.774126	0.00261238
1145	-0.76	-0.774114	0.00261013
1146	-0.76	-0.774101	0.00260788
1147	-0.84	-0.774159	0.00260624
1148	-0.76	-0.774146	0.002604
1149	-0.84	-0.774204	0.00260236
1150	-0.84	-0.774261	0.00260073
1151	-0.76	-0.774248	0.0025985
1152	-0.92	-0.774375	0.00259932
1153	-0.92	-0.774501	0.00260013
1154	-0.92	-0.774627	0.00260094
1155	-0.92	-0.774753	0.00260173
1156	-0.92	-0.774879	0.00260251
1157	-0.76	-0.774866	0.0026003
1158	-0.76	-0.774853	0.00259808
1159	-0.76	-0.77484	0.00259587
1160	-0.76	-0.774828	0.00259366
1161	-0.76	-0.774815	0.00259146
1162	-0.84	-0.774871	0.00258984
1163	-0.84	-0.774927	0.00258821
1164	-0.84	-0.774983	0.00258659
1165	-0.84	-0.775039	0.00258498
1166	-0.84	-0.775094	0.00258336
1167	-0.84	-0.77515	0.00258174
1168	-0.84	-0.775205	0.00258013
1169	-0.84	-0.775261	0.00257852
1170	-0.84	-0.775316	0.00257691
1171	-0.68	-0.775235	0.00257599
1172	-0.76	-0.775222	0.00257382
1173	-0.76	-0.775209	0.00257166
1174	-0.76	-0.775196	0.0025695
1175	-0.68	-0.775115	0.00256859
1176	-0.68	-0.775034	0.00256768
1177	-0.76	-0.775021	0.00256553
1178	-0.84	-0.775076	0.00256395
1179	-0.76	-0.775064	0.0025618
1180	-0.76	-0.775051	0.00255966
1181	-0.76	-0.775038	0.00255753
1182	-0.84	-0.775093	0.00255595
1183	-0.76	-0.77508	0.00255382
1184	-0.76	-0.775068	0.0025517
1185	-0.68	-0.774987	0.0025508
1186	-0.84	-0.775042	0.00254924
1187	-0.84	-0.775097	0.00254768
1188	-0.76	-0.775084	0.00254557
1189	-0.68	-0.775004	0.00254468
1190	-0.52	-0.77479	0.00255156
1191	-0.44	-0.774509	0.00256486
1192	-0.52	-0.774295	0.00257159
1193	-0.68	-0.774216	0.00257065
1194	-0.6	-0.77407	0.00257264
1195	-0.6	-0.773925	0.00257461
1196	-0.68	-0.773846	0.00257365
1197	-0.68	-0.773768	0.0025727
1198	-0.68	-0.773689	0.00257174
1199	-0.76	-0.773678	0.00256962
1200	-0.84	-0.773733	0.00256807
1201	-0.76	-0.773722	0.00256596
1202	-0.76	-0.77371	0.00256385
1203	-0.68	-0.773633	0.0025629
1204	-0.6	-0.773488	0.00256483
1205	-0.76	-0.773477	0.00256272
1206	-0.76	-0.773466	0.00256062
1207	-0.76	-0.773455	0.00255852
1208	-0.68	-0.773377	0.00255757
1209	-0.76	-0.773366	0.00255548
1210	-0.76	-0.773355	0.00255339
1211	-0.76	-0.773344	0.00255131
1212	-0.76	-0.773333	0.00254923
1213	-0.76	-0.773322	0.00254715
1214	-0.6	-0.77318	0.00254905
1215	-0.68	-0.773103	0.0025481
1216	-0.68	-0.773026	0.00254716
1217	-0.84	-0.773081	0.00254566
1218	-0.76	-0.773071	0.00254359
1219	-0.76	-0.77306	0.00254153
1220	-0.76	-0.773049	0.00253947
1221	-0.76	-0.773038	0.00253741
1222	-0.76	-0.773028	0.00253535
1223	-0.76	-0.773017	0.0025333
1224	-0.76	-0.773007	0.00253125
1225	-0.84	-0.773061	0.00252978
1226	-0.84	-0.773116	0.0025283
1227	-0.76	-0.773105	0.00252626
1228	-0.84	-0.77316	0.00252479
1229	-0.84	-0.773214	0.00252332
1230	-0.84	-0.773268	0.00252186
1231	-0.92	-0.773387	0.00252263
1232	-0.84	-0.773442	0.00252116
1233	-0.84	-0.773496	0.00251969
1234	-0.76	-0.773485	0.00251767
1235	-0.76	-0.773474	0.00251565
1236	-0.68	-0.773398	0.00251476
1237	-0.68	-0.773323	0.00251386
1238	-0.68	-0.773247	0.00251296
1239	-0.68	-0.773172	0.00251205
1240	-0.68	-0.773097	0.00251115
1241	-0.76	-0.773086	0.00250915
1242	-0.76	-0.773076	0.00250715
1243	-0.76	-0.773065	0.00250516
1244	-0.76	-0.773055	0.00250316
1245	-0.76	-0.773044	0.00250117
1246	-0.76	-0.773034	0.00249919
1247	-0.68	-0.772959	0.0024983
1248	-0.76	-0.772949	0.00249632
1249	-0.76	-0.772938	0.00249434
1250	-0.68	-0.772864	0.00249345
1251	-0.76	-0.772854	0.00249148
1252	-0.76	-0.772843	0.00248951
1253	-0.68	-0.772769	0.00248862
1254	-0.68	-0.772695	0.00248774
1255	-0.68	-0.772622	0.00248685
1256	-0.76	-0.772611	0.00248489
1257	-0.68	-0.772538	0.00248401
1258	-0.68	-0.772464	0.00248312
1259	-0.6	-0.772327	0.00248493
1260	-0.6	-0.77219	0.00248672
1261	-0.6	-0.772054	0.00248849
1262	-0.68	-0.771981	0.00248759
1263	-0.76	-0.771971	0.00248564
1264	-0.68	-0.771899	0.00248474
1265	-0.76	-0.771889	0.00248279
1266	-0.84	-0.771943	0.00248141
1267	-0.68	-0.771871	0.00248051
1268	-0.76	-0.771861	0.00247857
1269	-0.76	-0.771852	0.00247664
1270	-0.76	-0.771843	0.00247471
1271	-0.76	-0.771833	0.00247277
1272	-0.68	-0.771761	0.00247188
1273	-0.76	-0.771752	0.00246996
1274	-0.76	-0.771743	0.00246804
1275	-0.68	-0.771671	0.00246715
1276	-0.68	-0.771599	0.00246626
1277	-0.68	-0.771527	0.00246537
1278	-0.76	-0.771518	0.00246346
1279	-0.68	-0.771446	0.00246257
1280	-0.76	-0.771437	0.00246067
1281	-0.68	-0.771366	0.00245978
1282	-0.76	-0.771357	0.00245788
1283	-0.92	-0.771473	0.00245869
1284	-0.84	-0.771526	0.00245735
1285	-0.92	-0.771642	0.00245816
1286	-0.92	-0.771757	0.00245895
1287	-0.84	-0.77181	0.00245761
1288	-0.92	-0.771925	0.0024584
1289	-0.92	-0.77204	0.00245918
1290	-0.84	-0.772093	0.00245783
1291	-0.76	-0.772084	0.00245595
1292	-0.84	-0.772136	0.00245461
1293	-0.76	-0.772127	0.00245273
1294	-0.6	-0.771994	0.00245444
1295	-0.84	-0.772046	0.0024531
1296	-0.84	-0.772099	0.00245177
1297	-0.76	-0.772089	0.0024499
1298	-0.84	-0.772142	0.00244857
1299	-0.76	-0.772132	0.0024467
1300	-0.84	-0.772185	0.00244538
1301	-0.84	-0.772237	0.00244405
1302	-0.84	-0.772289	0.00244273
1303	-0.76	-0.772279	0.00244087
1304	-0.76	-0.77227	0.00243902
1305	-0.6	-0.772138	0.00244072
1306	-0.68	-0.772067	0.00243987
1307	-0.76	-0.772058	0.00243802
1308	-0.76	-0.772049	0.00243617
1309	-0.76	-0.77204	0.00243433
1310	-0.76	-0.772031	0.00243249
1311	-0.68	-0.77196	0.00243164
1312	-0.76	-0.771951	0.00242981
1313	-0.68	-0.771881	0.00242897
1314	-0.76	-0.771872	0.00242713
1315	-0.76	-0.771863	0.0024253
1316	-0.76	-0.771854	0.00242348
1317	-0.68	-0.771784	0.00242264
1318	-0.68	-0.771715	0.0024218
1319	-0.68	-0.771645	0.00242096
1320	-0.6	-0.771515	0.00242262
1321	-0.76	-0.771506	0.0024208
1322	-0.68	-0.771437	0.00241996
1323	-0.68	-0.771368	0.00241912
1324	-0.6	-0.771239	0.00242075
1325	-0.76	-0.77123	0.00241894
1326	-0.76	-0.771222	0.00241713
1327	-0.76	-0.771213	0.00241532
1328	-0.84	-0.771265	0.00241406
1329	-0.84	-0.771317	0.0024128
1330	-0.6	-0.771188	0.00241442
1331	-0.84	-0.77124	0.00241316
1332	-0.84	-0.771291	0.0024119
1333	-0.84	-0.771343	0.00241064
1334	-0.84	-0.771394	0.00240938
1335	-0.92	-0.771506	0.00241015
1336	-0.84	-0.771557	0.00240889
1337	-0.68	-0.771488	0.00240806
1338	-0.68	-0.77142	0.00240723
1339	-0.68	-0.771352	0.0024064
1340	-0.6	-0.771224	0.002408
1341	-0.68	-0.771156	0.00240717
1342	-0.68	-0.771088	0.00240633
1343	-0.68	-0.77102	0.0024055
1344	-0.6	-0.770893	0.00240707
1345	-0.68	-0.770825	0.00240623
1346	-0.68	-0.770758	0.00240539
1347	-0.68	-0.77069	0.00240455
1348	-0.68	-0.770623	0.00240371
1349	-0.68	-0.770556	0.00240286
1350	-0.76	-0.770548	0.00240109
1351	-0.76	-0.77054	0.00239933
1352	-0.68	-0.770473	0.00239849
1353	-0.84	-0.770525	0.00239727
1354	-0.92	-0.770635	0.00239804
1355	-0.92	-0.770745	0.0023988
1356	-0.92	-0.770855	0.00239956
1357	-0.84	-0.770906	0.00239833
1358	-0.76	-0.770898	0.00239658
1359	-0.76	-0.77089	0.00239483
1360	-0.84	-0.770941	0.0023936
1361	-0.92	-0.771051	0.00239435
1362	-0.84	-0.771101	0.00239313
1363	-0.76	-0.771093	0.00239139
1364	-0.6	-0.770968	0.00239292
1365	-0.76	-0.77096	0.00239118
1366	-0.68	-0.770893	0.00239036
1367	-0.76	-0.770885	0.00238862
1368	-0.76	-0.770877	0.00238689
1369	-0.76	-0.770869	0.00238516
1370	-0.68	-0.770803	0.00238434
1371	-0.68	-0.770737	0.00238352
1372	-0.68	-0.770671	0.0023827
1373	-0.68	-0.770605	0.00238188
1374	-0.76	-0.770597	0.00238016
1375	-0.68	-0.770531	0.00237934
1376	-0.68	-0.770465	0.00237852
1377	-0.68	-0.770399	0.0023777
1378	-0.68	-0.770334	0.00237688
1379	-0.6	-0.77021	0.00237836
1380	-0.6	-0.770087	0.00237984
1381	-0.6	-0.769964	0.0023813
1382	-0.68	-0.769899	0.00238047
1383	-0.68	-0.769834	0.00237963
1384	-0.68	-0.769769	0.0023788
1385	-0.68	-0.769704	0.00237796
1386	-0.68	-0.769639	0.00237713
1387	-0.76	-0.769632	0.00237542
1388	-0.68	-0.769568	0.00237459
1389	-0.6	-0.769446	0.00237602
1390	-0.52	-0.769266	0.00238108
1391	-0.52	-0.769087	0.00238611
1392	-0.6	-0.768966	0.00238748
1393	-0.68	-0.768902	0.00238662
1394	-0.52	-0.768723	0.00239159
1395	-0.52	-0.768545	0.00239651
1396	-0.6	-0.768424	0.00239784
1397	-0.76	-0.768418	0.00239613
1398	-0.76	-0.768412	0.00239442
1399	-0.76	-0.768406	0.00239272
1400	-0.84	-0.768457	0.00239155
1401	-0.76	-0.768451	0.00238985
1402	-0.76	-0.768445	0.00238816
1403	-0.68	-0.768382	0.00238729
1404	-0.84	-0.768433	0.00238613
1405	-0.84	-0.768484	0.00238497
1406	-0.84	-0.768535	0.00238382
1407	-0.76	-0.768529	0.00238213
1408	-0.76	-0.768523	0.00238045
1409	-0.84	-0.768573	0.0023793
1410	-0.84	-0.768624	0.00237815
1411	-0.92	-0.768731	0.00237889
1412	-0.84	-0.768782	0.00237774
1413	-0.76	-0.768776	0.00237606
1414	-0.76	-0.768769	0.00237439
1415	-0.76	-0.768763	0.00237272
1416	-0.76	-0.768757	0.00237105
1417	-0.76	-0.768751	0.00236938
1418	-0.76	-0.768745	0.00236772
1419	-0.6	-0.768626	0.00236904
1420	-0.76	-0.76862	0.00236738
1421	-0.76	-0.768614	0.00236572
1422	-0.76	-0.768608	0.00236406
1423	-0.76	-0.768602	0.00236241
1424	-0.76	-0.768596	0.00236075
1425	-0.68	-0.768533	0.00235992
1426	-0.68	-0.768471	0.00235908
1427	-0.6	-0.768353	0.00236038
1428	-0.76	-0.768347	0.00235873
1429	-0.76	-0.768341	0.00235709
1430	-0.76	-0.768336	0.00235545
1431	-0.84	-0.768386	0.00235433
1432	-0.84	-0.768436	0.00235322
1433	-0.92	-0.768542	0.00235395
1434	-0.92	-0.768647	0.00235468
1435	-0.68	-0.768585	0.00235385
1436	-0.76	-0.768579	0.00235222
1437	-0.92	-0.768685	0.00235294
1438	-0.84	-0.768734	0.00235183
1439	-0.84	-0.768784	0.00235072
1440	-0.84	-0.768833	0.0023496
1441	-0.92	-0.768938	0.00235031
1442	-0.92	-0.769043	0.00235102
1443	-0.84	-0.769092	0.0023499
1444	-0.84	-0.769141	0.00234879
1445	-0.84	-0.76919	0.00234768
1446	-0.68	-0.769129	0.00234686
1447	-0.84	-0.769178	0.00234575
1448	-0.76	-0.769171	0.00234414
1449	-0.76	-0.769165	0.00234253
1450	-0.76	-0.769159	0.00234092
1451	-0.76	-0.769152	0.00233932
1452	-0.84	-0.769201	0.00233821
1453	-0.68	-0.76914	0.00233741
1454	-0.76	-0.769133	0.00233581
1455	-0.92	-0.769237	0.00233651
1456	-0.92	-0.769341	0.0023372
1457	-0.92	-0.769444	0.00233788
1458	-0.92	-0.769547	0.00233856
1459	-0.92	-0.76965	0.00233923
1460	-0.92	-0.769753	0.00233989
1461	-0.92	-0.769856	0.00234055
1462	-0.84	-0.769904	0.00233944
1463	-0.84	-0.769952	0.00233833
1464	-0.84	-0.77	0.00233722
1465	-0.76	-0.769993	0.00233564
1466	-0.84	-0.770041	0.00233453
1467	-0.76	-0.770034	0.00233295
1468	-0.76	-0.770027	0.00233137
1469	-0.84	-0.770075	0.00233027
1470	-0.84	-0.770122	0.00232917
1471	-0.84	-0.77017	0.00232807
1472	-0.76	-0.770163	0.0023265
1473	-0.76	-0.770156	0.00232493
1474	-0.76	-0.770149	0.00232336
1475	-0.76	-0.770142	0.0023218
1476	-0.84	-0.77019	0.00232071
1477	-0.84	-0.770237	0.00231961
1478	-0.84	-0.770284	0.00231853
1479	-0.84	-0.770331	0.00231744
1480	-0.84	-0.770378	0.00231635
1481	-0.84	-0.770425	0.00231526
1482	-0.84	-0.770472	0.00231417
1483	-0.68	-0.770411	0.00231342
1484	-0.84	-0.770458	0.00231233
1485	-0.76	-0.770451	0.00231079
1486	-0.76	-0.770444	0.00230924
1487	-0.68	-0.770383	0.00230849
1488	-0.6	-0.770269	0.00230978
1489	-0.68	-0.770208	0.00230902
1490	-0.68	-0.770148	0.00230827
1491	-0.76	-0.770141	0.00230673
1492	-0.84	-0.770188	0.00230566
1493	-0.84	-0.770234	0.00230459
1494	-0.84	-0.770281	0.00230352
1495	-0.68	-0.770221	0.00230277
1496	-0.68	-0.77016	0.00230202
1497	-0.68	-0.7701	0.00230127
1498	-0.76	-0.770093	0.00229974
1499	-0.84	-0.77014	0.00229868
1500	-0.84	-0.770187	0.00229762
1501	-0.84	-0.770233	0.00229656
1502	-0.84	-0.77028	0.0022955
1503	-0.84	-0.770326	0.00229444
1504	-0.84	-0.770372	0.00229338
1505	-0.76	-0.770365	0.00229187
1506	-0.68	-0.770305	0.00229113
1507	-0.68	-0.770246	0.00229039
1508	-0.84	-0.770292	0.00228934
1509	-0.92	-0.770391	0.00228998
1510	-0.84	-0.770437	0.00228892
1511	-0.76	-0.77043	0.00228742
1512	-0.76	-0.770423	0.00228591
1513	-0.76	-0.770416	0.00228441
1514	-0.76	-0.77041	0.00228291
1515	-0.76	-0.770403	0.00228142
1516	-0.6	-0.77029	0.00228268
1517	-0.68	-0.770231	0.00228195
1518	-0.68	-0.770171	0.00228122
1519	-0.6	-0.770059	0.00228247
1520	-0.68	-0.77	0.00228174
1521	-0.76	-0.769993	0.00228025
1522	-0.68	-0.769934	0.00227952
1523	-0.68	-0.769875	0.00227878
1524	-0.76	-0.769869	0.0022773
1525	-0.76	-0.769862	0.00227581
1526	-0.68	-0.769803	0.00227508
1527	-0.6	-0.769692	0.00227631
1528	-0.76	-0.769686	0.00227483
1529	-0.68	-0.769627	0.0022741
1530	-0.68	-0.769569	0.00227337
1531	-0.76	-0.769562	0.00227189
1532	-0.76	-0.769556	0.00227041
1533	-0.76	-0.76955	0.00226894
1534	-0.68	-0.769492	0.00226821
1535	-0.76	-0.769485	0.00226674
1536	-0.76	-0.769479	0.00226528
1537	-0.84	-0.769525	0.00226427
1538	-0.84	-0.769571	0.00226326
1539	-0.68	-0.769513	0.00226254
1540	-0.68	-0.769455	0.00226181
1541	-0.68	-0.769396	0.00226109
1542	-0.76	-0.76939	0.00225963
1543	-0.76	-0.769384	0.00225817
1544	-0.76	-0.769378	0.00225672
1545	-0.68	-0.76932	0.002256
1546	-0.84	-0.769366	0.002255
1547	-0.76	-0.76936	0.00225355
1548	-0.68	-0.769302	0.00225284
1549	-0.76	-0.769296	0.00225139
1550	-0.68	-0.769239	0.00225067
1551	-0.84	-0.769284	0.00224969
1552	-0.92	-0.769381	0.00225033
1553	-0.92	-0.769478	0.00225097
1554	-0.92	-0.769575	0.00225161
1555	-0.92	-0.769672	0.00225224
1556	-0.84	-0.769717	0.00225124
1557	-0.76	-0.769711	0.00224981
1558	-0.84	-0.769756	0.00224881
1559	-0.84	-0.769801	0.00224782
1560	-0.84	-0.769846	0.00224683
1561	-0.76	-0.76984	0.0022454
1562	-0.76	-0.769834	0.00224397
1563	-0.76	-0.769827	0.00224255
1564	-0.76	-0.769821	0.00224112
1565	-0.68	-0.769764	0.00224042
1566	-0.84	-0.769808	0.00223944
1567	-0.84	-0.769853	0.00223846
1568	-0.68	-0.769796	0.00223777
1569	-0.76	-0.76979	0.00223635
1570	-0.76	-0.769783	0.00223493
1571	-0.76	-0.769777	0.00223352
1572	-0.76	-0.769771	0.0022321
1573	-0.76	-0.769765	0.00223069
1574	-0.76	-0.769759	0.00222928
1575	-0.76	-0.769752	0.00222788
1576	-0.76	-0.769746	0.00222647
1577	-0.84	-0.769791	0.0022255
1578	-0.76	-0.769785	0.0022241
1579	-0.76	-0.769778	0.0022227
1580	-0.84	-0.769823	0.00222174
1581	-0.76	-0.769817	0.00222034
1582	-0.76	-0.76981	0.00221895
1583	-0.76	-0.769804	0.00221755
1584	-0.76	-0.769798	0.00221616
1585	-0.68	-0.769741	0.00221549
1586	-0.68	-0.769685	0.00221481
1587	-0.76	-0.769679	0.00221343
1588	-0.76	-0.769673	0.00221204
1589	-0.76	-0.769666	0.00221066
1590	-0.76	-0.76966	0.00220927
1591	-0.76	-0.769654	0.00220789
1592	-0.76	-0.769648	0.00220651
1593	-0.76	-0.769642	0.00220514
1594	-0.84	-0.769686	0.00220419
1595	-0.84	-0.76973	0.00220325
1596	-0.84	-0.769774	0.00220231
1597	-0.84	-0.769818	0.00220137
1598	-0.84	-0.769862	0.00220043
1599	-0.84	-0.769906	0.00219949
1600	-0.84	-0.76995	0.00219856
1601	-0.76	-0.769944	0.00219719
1602	-0.76	-0.769938	0.00219583
1603	-0.84	-0.769981	0.00219489
1604	-0.84	-0.770025	0.00219396
1605	-0.84	-0.770069	0.00219302
1606	-0.92	-0.770162	0.00219365
1607	-0.84	-0.770205	0.00219271
1608	-0.92	-0.770299	0.00219333
1609	-0.84	-0.770342	0.00219239
1610	-0.92	-0.770435	0.002193
1611	-0.84	-0.770478	0.00219206
1612	-0.84	-0.770521	0.00219113
1613	-0.76	-0.770515	0.00218978
1614	-0.84	-0.770558	0.00218884
1615	-0.84	-0.770601	0.00218791
1616	-0.76	-0.770594	0.00218657
1617	-0.6	-0.770489	0.00218776
1618	-0.68	-0.770433	0.00218712
1619	-0.68	-0.770377	0.00218648
1620	-0.68	-0.770321	0.00218585
1621	-0.76	-0.770315	0.00218451
1622	-0.76	-0.770308	0.00218317
1623	-0.84	-0.770351	0.00218224
1624	-0.84	-0.770394	0.00218132
1625	-0.68	-0.770338	0.00218069
1626	-0.68	-0.770283	0.00218006
1627	-0.68	-0.770227	0.00217942
1628	-0.76	-0.770221	0.00217809
1629	-0.68	-0.770166	0.00217746
1630	-0.68	-0.77011	0.00217683
1631	-0.68	-0.770055	0.00217619
1632	-0.68	-0.77	0.00217556
1633	-0.52	-0.769847	0.00217961
1634	-0.6	-0.769743	0.00218075
1635	-0.6	-0.769639	0.00218189
1636	-0.68	-0.769584	0.00218124
1637	-0.6	-0.769481	0.00218237
1638	-0.76	-0.769475	0.00218105
1639	-0.76	-0.769469	0.00217972
1640	-0.76	-0.769463	0.0021784
1641	-0.84	-0.769506	0.0021775
1642	-0.76	-0.769501	0.00217618
1643	-0.84	-0.769544	0.00217528
1644	-0.84	-0.769586	0.00217438
1645	-0.76	-0.769581	0.00217306
1646	-0.68	-0.769526	0.00217242
1647	-0.84	-0.769569	0.00217152
1648	-0.76	-0.769563	0.00217021
1649	-0.76	-0.769557	0.00216891
1650	-0.76	-0.769552	0.0021676
1651	-0.68	-0.769497	0.00216696
1652	-0.6	-0.769395	0.00216808
1653	-0.76	-0.769389	0.00216678
1654	-0.84	-0.769432	0.00216589
1655	-0.92	-0.769523	0.00216649
1656	-0.84	-0.769565	0.0021656
1657	-0.92	-0.769656	0.00216619
1658	-0.84	-0.769698	0.0021653
1659	-0.68	-0.769644	0.00216467
1660	-0.68	-0.76959	0.00216404
1661	-0.68	-0.769536	0.00216341
1662	-0.76	-0.769531	0.00216212
1663	-0.84	-0.769573	0.00216123
1664	-0.84	-0.769615	0.00216035
1665	-0.76	-0.76961	0.00215906
1666	-0.76	-0.769604	0.00215777
1667	-0.92	-0.769694	0.00215836
1668	-0.84	-0.769736	0.00215748
1669	-0.84	-0.769778	0.0021566
1670	-0.84	-0.76982	0.00215571
1671	-0.76	-0.769814	0.00215443
1672	-0.76	-0.769809	0.00215315
1673	-0.68	-0.769755	0.00215253
1674	-0.68	-0.769701	0.00215191
1675	-0.76	-0.769696	0.00215064
1676	-0.84	-0.769737	0.00214976
1677	-0.76	-0.769732	0.00214849
1678	-0.76	-0.769726	0.00214722
1679	-0.76	-0.76972	0.00214594
1680	-0.76	-0.769714	0.00214467
1681	-0.76	-0.769709	0.00214341
1682	-0.76	-0.769703	0.00214214
1683	-0.76	-0.769697	0.00214087
1684	-0.6	-0.769596	0.00214197
1685	-0.84	-0.769638	0.00214111
1686	-0.84	-0.76968	0.00214025
1687	-0.76	-0.769674	0.00213899
1688	-0.76	-0.769668	0.00213773
1689	-0.68	-0.769615	0.00213712
1690	-0.52	-0.769467	0.00214095
1691	-0.68	-0.769415	0.00214034
1692	-0.76	-0.769409	0.00213908
1693	-0.84	-0.769451	0.00213823
1694	-0.84	-0.769492	0.00213737
1695	-0.84	-0.769534	0.00213651
1696	-0.92	-0.769623	0.0021371
1697	-0.76	-0.769617	0.00213584
1698	-0.76	-0.769611	0.00213459
1699	-0.84	-0.769653	0.00213374
1700	-0.92	-0.769741	0.00213432
1701	-0.92	-0.76983	0.00213489
1702	-0.84	-0.769871	0.00213403
1703	-0.92	-0.769959	0.0021346
1704	-0.76	-0.769953	0.00213336
1705	-0.68	-0.7699	0.00213276
1706	-0.76	-0.769894	0.00213151
1707	-0.92	-0.769982	0.00213208
1708	-0.92	-0.77007	0.00213264
1709	-0.76	-0.770064	0.0021314
1710	-0.84	-0.770105	0.00213055
1711	-0.84	-0.770146	0.00212969
1712	-0.76	-0.77014	0.00212846
1713	-0.76	-0.770134	0.00212722
1714	-0.76	-0.770128	0.00212599
1715	-0.76	-0.770122	0.00212476
1716	-0.68	-0.77007	0.00212417
1717	-0.76	-0.770064	0.00212294
1718	-0.6	-0.769965	0.00212401
1719	-0.52	-0.76982	0.00212775
1720	-0.52	-0.769674	0.00213146
1721	-0.68	-0.769622	0.00213086
1722	-0.6	-0.769524	0.0021319
1723	-0.6	-0.769425	0.00213293
1724	-0.76	-0.76942	0.0021317
1725	-0.76	-0.769414	0.00213048
1726	-0.76	-0.769409	0.00212925
1727	-0.76	-0.769404	0.00212802
1728	-0.76	-0.769398	0.0021268
1729	-0.76	-0.769393	0.00212557
1730	-0.76	-0.769387	0.00212435
1731	-0.76	-0.769382	0.00212313
1732	-0.68	-0.76933	0.00212253
1733	-0.68	-0.769279	0.00212193
1734	-0.76	-0.769273	0.00212072
1735	-0.76	-0.769268	0.0021195
1736	-0.76	-0.769263	0.00211828
1737	-0.68	-0.769211	0.00211769
1738	-0.68	-0.76916	0.00211709
1739	-0.68	-0.769109	0.0021165
1740	-0.68	-0.769057	0.0021159
1741	-0.68	-0.769006	0.0021153
1742	-0.68	-0.768955	0.0021147
1743	-0.6	-0.768858	0.00211571
1744	-0.6	-0.768761	0.00211671
1745	-0.6	-0.768665	0.00211771
1746	-0.52	-0.768522	0.00212128
1747	-0.68	-0.768472	0.00212067
1748	-0.76	-0.768467	0.00211947
1749	-0.76	-0.768462	0.00211826
1750	-0.76	-0.768457	0.00211705
1751	-0.84	-0.768498	0.00211624
1752	-0.84	-0.768539	0.00211542
1753	-0.84	-0.76858	0.00211461
1754	-0.68	-0.768529	0.00211401
1755	-0.76	-0.768524	0.00211281
1756	-0.76	-0.768519	0.00211161
1757	-0.76	-0.768515	0.00211041
1758	-0.76	-0.76851	0.00210922
1759	-0.84	-0.76855	0.00210841
1760	-0.76	-0.768545	0.00210722
1761	-0.68	-0.768495	0.00210662
1762	-0.84	-0.768536	0.00210582
1763	-0.84	-0.768576	0.00210501
1764	-0.76	-0.768571	0.00210382
1765	-0.76	-0.768567	0.00210264
1766	-0.68	-0.768516	0.00210205
1767	-0.68	-0.768466	0.00210145
1768	-0.76	-0.768462	0.00210027
1769	-0.76	-0.768457	0.00209909
1770	-0.76	-0.768452	0.00209791
1771	-0.76	-0.768447	0.00209673
1772	-0.76	-0.768442	0.00209555
1773	-0.84	-0.768483	0.00209475
1774	-0.76	-0.768478	0.00209358
1775	-0.76	-0.768473	0.0020924
1776	-0.76	-0.768468	0.00209123
1777	-0.76	-0.768464	0.00209006
1778	-0.68	-0.768414	0.00208948
1779	-0.84	-0.768454	0.00208869
1780	-0.84	-0.768494	0.0020879
1781	-0.84	-0.768535	0.00208712
1782	-0.84	-0.768575	0.00208633
1783	-0.84	-0.768615	0.00208554
1784	-0.76	-0.76861	0.00208438
1785	-0.76	-0.768605	0.00208322
1786	-0.84	-0.768645	0.00208244
1787	-0.76	-0.76864	0.00208128
1788	-0.84	-0.76868	0.00208049
1789	-0.84	-0.76872	0.00207971
1790	-0.68	-0.76867	0.00207914
1791	-0.68	-0.768621	0.00207857
1792	-0.68	-0.768571	0.002078
1793	-0.68	-0.768522	0.00207743
1794	-0.6	-0.768428	0.00207839
1795	-0.6	-0.768334	0.00207935
1796	-0.68	-0.768285	0.00207878
1797	-0.68	-0.768236	0.0020782
1798	-0.68	-0.768187	0.00207762
1799	-0.76	-0.768182	0.00207647
1800	-0.76	-0.768178	0.00207532
1801	-0.68	-0.768129	0.00207475
1802	-0.68	-0.76808	0.00207417
1803	-0.68	-0.768031	0.0020736
1804	-0.68	-0.767982	0.00207302
1805	-0.68	-0.767934	0.00207245
1806	-0.84	-0.767973	0.00207168
1807	-0.76	-0.767969	0.00207054
1808	-0.68	-0.76792	0.00206997
1809	-0.76	-0.767916	0.00206883
1810	-0.76	-0.767912	0.00206769
1811	-0.68	-0.767863	0.00206712
1812	-0.6	-0.76777	0.00206805
1813	-0.68	-0.767722	0.00206748
1814	-0.76	-0.767718	0.00206634
1815	-0.76	-0.767713	0.00206521
1816	-0.68	-0.767665	0.00206464
1817	-0.6	-0.767573	0.00206556
1818	-0.6	-0.767481	0.00206648
1819	-0.68	-0.767433	0.00206591
1820	-0.52	-0.767297	0.00206924
1821	-0.76	-0.767293	0.00206811
1822	-0.76	-0.767289	0.00206698
1823	-0.68	-0.767241	0.0020664
1824	-0.76	-0.767237	0.00206527
1825	-0.76	-0.767233	0.00206414
1826	-0.76	-0.767229	0.00206301
1827	-0.68	-0.767181	0.00206244
1828	-0.68	-0.767133	0.00206186
1829	-0.6	-0.767042	0.00206276
1830	-0.68	-0.766995	0.00206218
1831	-0.76	-0.766991	0.00206105
1832	-0.76	-0.766987	0.00205993
1833	-0.76	-0.766983	0.00205881
1834	-0.76	-0.766979	0.00205769
1835	-0.84	-0.767019	0.00205696
1836	-0.84	-0.767059	0.00205622
1837	-0.84	-0.767099	0.00205548
1838	-0.84	-0.767138	0.00205475
1839	-0.68	-0.767091	0.00205418
1840	-0.68	-0.767043	0.00205361
1841	-0.6	-0.766953	0.00205449
1842	-0.6	-0.766862	0.00205538
1843	-0.52	-0.766728	0.00205862
1844	-0.68	-0.766681	0.00205805
1845	-0.84	-0.766721	0.00205731
1846	-0.84	-0.766761	0.00205658
1847	-0.76	-0.766757	0.00205547
1848	-0.6	-0.766667	0.00205634
1849	-0.68	-0.76662	0.00205576
1850	-0.68	-0.766573	0.00205518
1851	-0.68	-0.766526	0.00205461
1852	-0.68	-0.766479	0.00205403
1853	-0.76	-0.766476	0.00205292
1854	-0.76	-0.766472	0.00205182
1855	-0.76	-0.766469	0.00205071
1856	-0.84	-0.766509	0.00204999
1857	-0.84	-0.766548	0.00204927
1858	-0.84	-0.766588	0.00204855
1859	-0.84	-0.766627	0.00204783
1860	-0.76	-0.766624	0.00204673
1861	-0.84	-0.766663	0.00204601
1862	-0.84	-0.766702	0.00204529
1863	-0.84	-0.766742	0.00204457
1864	-0.68	-0.766695	0.002044
1865	-0.68	-0.766649	0.00204343
1866	-0.76	-0.766645	0.00204234
1867	-0.92	-0.766727	0.0020429
1868	-0.92	-0.766809	0.00204345
1869	-0.92	-0.766891	0.002044
1870	-0.84	-0.76693	0.00204328
1871	-0.84	-0.76697	0.00204256
1872	-0.52	-0.766838	0.00204573
1873	-0.68	-0.766791	0.00204516
1874	-0.76	-0.766788	0.00204408
1875	-0.76	-0.766784	0.00204299
1876	-0.76	-0.76678	0.0020419
1877	-0.76	-0.766777	0.00204082
1878	-0.76	-0.766773	0.00203973
1879	-0.68	-0.766727	0.00203917
1880	-0.6	-0.766638	0.00204002
1881	-0.68	-0.766592	0.00203945
1882	-0.68	-0.766546	0.00203889
1883	-0.68	-0.7665	0.00203832
1884	-0.68	-0.766454	0.00203776
1885	-0.68	-0.766408	0.00203719
1886	-0.68	-0.766363	0.00203663
1887	-0.68	-0.766317	0.00203606
1888	-0.76	-0.766314	0.00203498
1889	-0.76	-0.76631	0.00203391
1890	-0.92	-0.766392	0.00203446
1891	-0.92	-0.766473	0.00203501
1892	-0.84	-0.766512	0.0020343
1893	-0.92	-0.766593	0.00203484
1894	-0.92	-0.766674	0.00203538
1895	-0.76	-0.76667	0.00203431
1896	-0.76	-0.766667	0.00203324
1897	-0.76	-0.766663	0.00203217
1898	-0.6	-0.766575	0.002033
1899	-0.6	-0.766488	0.00203382
1900	-0.6	-0.7664	0.00203463
1901	-0.6	-0.766312	0.00203545
1902	-0.52	-0.766183	0.00203849
1903	-0.68	-0.766138	0.00203793
1904	-0.6	-0.76605	0.00203872
1905	-0.6	-0.765963	0.00203952
1906	-0.68	-0.765918	0.00203894
1907	-0.6	-0.765831	0.00203973
1908	-0.84	-0.76587	0.00203903
1909	-0.84	-0.765909	0.00203833
1910	-0.84	-0.765948	0.00203764
1911	-0.84	-0.765986	0.00203694
1912	-0.84	-0.766025	0.00203624
1913	-0.84	-0.766064	0.00203554
1914	-0.92	-0.766144	0.00203607
1915	-0.76	-0.766141	0.00203501
1916	-0.84	-0.76618	0.00203431
1917	-0.84	-0.766218	0.00203361
1918	-0.84	-0.766257	0.00203292
1919	-0.84	-0.766295	0.00203222
1920	-0.76	-0.766292	0.00203116
1921	-0.76	-0.766288	0.00203011
1922	-0.76	-0.766285	0.00202906
1923	-0.76	-0.766282	0.002028
1924	-0.68	-0.766237	0.00202744
1925	-0.76	-0.766234	0.00202639
1926	-0.84	-0.766272	0.0020257
1927	-0.76	-0.766269	0.00202465
1928	-0.6	-0.766183	0.00202544
1929	-0.68	-0.766138	0.00202488
1930	-0.68	-0.766093	0.00202433
1931	-0.68	-0.766049	0.00202377
1932	-0.68	-0.766004	0.00202321
1933	-0.76	-0.766001	0.00202217
1934	-0.76	-0.765998	0.00202112
1935	-0.6	-0.765912	0.0020219
1936	-0.84	-0.76595	0.00202122
1937	-0.76	-0.765947	0.00202018
1938	-0.84	-0.765986	0.00201949
1939	-0.84	-0.766024	0.00201881
1940	-0.76	-0.766021	0.00201777
1941	-0.76	-0.766018	0.00201674
1942	-0.76	-0.766014	0.0020157
1943	-0.76	-0.766011	0.00201467
1944	-0.76	-0.766008	0.00201363
1945	-0.76	-0.766005	0.0020126
1946	-0.76	-0.766002	0.00201157
1947	-0.76	-0.765999	0.00201054
1948	-0.76	-0.765996	0.00200951
1949	-0.84	-0.766034	0.00200883
1950	-0.84	-0.766072	0.00200816
1951	-0.92	-0.766151	0.00200868
1952	-0.92	-0.76623	0.0020092
1953	-0.92	-0.766308	0.00200971
1954	-0.84	-0.766346	0.00200904
1955	-0.84	-0.766384	0.00200836
1956	-0.92	-0.766462	0.00200887
1957	-0.92	-0.766541	0.00200938
1958	-0.76	-0.766537	0.00200835
1959	-0.76	-0.766534	0.00200733
1960	-0.84	-0.766571	0.00200666
1961	-0.84	-0.766609	0.00200598
1962	-0.68	-0.766565	0.00200545
1963	-0.68	-0.766521	0.00200491
1964	-0.6	-0.766436	0.00200568
1965	-0.68	-0.766392	0.00200514
1966	-0.68	-0.766348	0.0020046
1967	-0.76	-0.766345	0.00200359
1968	-0.84	-0.766382	0.00200292
1969	-0.84	-0.76642	0.00200225
1970	-0.84	-0.766457	0.00200158
1971	-0.84	-0.766494	0.00200091
1972	-0.76	-0.766491	0.0019999
1973	-0.92	-0.766569	0.0020004
1974	-0.84	-0.766606	0.00199973
1975	-0.84	-0.766643	0.00199907
1976	-0.68	-0.766599	0.00199854
1977	-0.76	-0.766596	0.00199753
1978	-0.76	-0.766593	0.00199652
1979	-0.76	-0.766589	0.00199551
1980	-0.68	-0.766545	0.00199498
1981	-0.68	-0.766502	0.00199446
1982	-0.68	-0.766458	0.00199393
1983	-0.68	-0.766415	0.0019934
1984	-0.6	-0.766331	0.00199416
1985	-0.76	-0.766327	0.00199316
1986	-0.68	-0.766284	0.00199263
1987	-0.76	-0.766281	0.00199163
1988	-0.68	-0.766237	0.0019911
1989	-0.68	-0.766194	0.00199057
1990	-0.76	-0.766191	0.00198957
1991	-0.76	-0.766188	0.00198857
1992	-0.76	-0.766185	0.00198758
1993	-0.76	-0.766182	0.00198658
1994	-0.84	-0.766219	0.00198593
1995	-0.76	-0.766216	0.00198494
1996	-0.76	-0.766212	0.00198394
1997	-0.68	-0.766169	0.00198342
1998	-0.6	-0.766086	0.00198417
1999	-0.76	-0.766083	0.00198318
2000	-0.84	-0.76612	0.00198253
