1	-0.52	-0.52	0
2	-0.68	-0.6	0.08
3	-0.76	-0.653333	0.0705534
4	-0.68	-0.66	0.0503322
5	-0.68	-0.664	0.0391918
6	-0.76	-0.68	0.0357771
7	-0.68	-0.68	0.0302372
8	-0.68	-0.68	0.0261861
9	-0.76	-0.688889	0.0247456
10	-0.76	-0.696	0.0232475
11	-0.76	-0.701818	0.0218182
12	-0.84	-0.713333	0.0230064
13	-0.76	-0.716923	0.0214651
14	-0.84	-0.725714	0.0217305
15	-0.68	-0.722667	0.0204582
16	-0.76	-0.725	0.0192787
17	-0.68	-0.722353	0.0183016
18	-0.68	-0.72	0.0174146
19	-0.76	-0.722105	0.0166065
20	-0.6	-0.716	0.016896
21	-0.84	-0.721905	0.0171217
22	-0.92	-0.730909	0.0186435
23	-0.92	-0.73913	0.01962
24	-0.92	-0.746667	0.0202401
25	-0.76	-0.7472	0.019421
26	-0.76	-0.747692	0.0186655
27	-0.68	-0.745185	0.0181351
28	-0.76	-0.745714	0.0174834
29	-0.68	-0.743448	0.0170213
30	-0.76	-0.744	0.0164533
31	-0.76	-0.744516	0.0159221
32	-0.76	-0.745	0.0154241
33	-0.68	-0.74303	0.0150786
34	-0.52	-0.736471	0.0160318
35	-0.68	-0.734857	0.0156504
36	-0.68	-0.733333	0.0152856
37	-0.68	-0.731892	0.0149365
38	-0.6	-0.728421	0.0149467
39	-0.6	-0.725128	0.0149261
40	-0.52	-0.72	0.0154256
41	-0.68	-0.719024	0.0150762
42	-0.76	-0.72	0.0147452
43	-0.76	-0.72093	0.0144282
44	-0.76	-0.721818	0.0141245
45	-0.84	-0.724444	0.0140546
46	-0.84	-0.726957	0.0139733
47	-0.76	-0.72766	0.0136908
48	-0.76	-0.728333	0.0134195
49	-0.76	-0.72898	0.0131587
50	-0.76	-0.7296	0.0129077
51	-0.84	-0.731765	0.0128359
52	-0.84	-0.733846	0.0127576
53	-0.84	-0.735849	0.0126739
54	-0.76	-0.736296	0.012445
55	-0.76	-0.736727	0.0122242
56	-0.76	-0.737143	0.0120111
57	-0.68	-0.73614	0.011841
58	-0.68	-0.735172	0.0116753
59	-0.68	-0.734237	0.0115137
60	-0.76	-0.734667	0.0113283
61	-0.68	-0.73377	0.0111771
62	-0.68	-0.732903	0.0110295
63	-0.76	-0.733333	0.0108615
64	-0.68	-0.7325	0.0107229
65	-0.76	-0.732923	0.0105651
66	-0.76	-0.733333	0.0104119
67	-0.76	-0.733731	0.010263
68	-0.76	-0.734118	0.0101183
69	-0.68	-0.733333	0.0100014
70	-0.76	-0.733714	0.00986487
71	-0.76	-0.734085	0.00973198
72	-0.76	-0.734444	0.00960261
73	-0.68	-0.733699	0.00949947
74	-0.68	-0.732973	0.00939828
75	-0.68	-0.732267	0.00929898
76	-0.68	-0.731579	0.00920155
77	-0.68	-0.730909	0.00910593
78	-0.76	-0.731282	0.00899617
79	-0.76	-0.731646	0.008889
80	-0.68	-0.731	0.00880089
81	-0.68	-0.73037	0.00871434
82	-0.68	-0.729756	0.0086293
83	-0.84	-0.731084	0.00862755
84	-0.84	-0.732381	0.00862228
85	-0.84	-0.733647	0.00861379
86	-0.84	-0.734884	0.0086024
87	-0.92	-0.737011	0.00876513
88	-0.84	-0.738182	0.00874363
89	-0.84	-0.739326	0.0087202
90	-0.76	-0.739556	0.00862582
91	-0.76	-0.73978	0.00853346
92	-0.68	-0.73913	0.00846517
93	-0.76	-0.739355	0.00837666
94	-0.68	-0.738723	0.00831109
95	-0.68	-0.738105	0.00824634
96	-0.68	-0.7375	0.00818241
97	-0.76	-0.737732	0.00810093
98	-0.76	-0.737959	0.00802106
99	-0.76	-0.738182	0.00794275
100	-0.76	-0.7384	0.00786595
101	-0.76	-0.738614	0.00779061
102	-0.76	-0.738824	0.00771671
103	-0.76	-0.739029	0.00764418
104	-0.76	-0.739231	0.00757301
105	-0.68	-0.738667	0.00752172
106	-0.68	-0.738113	0.00747095
107	-0.76	-0.738318	0.00740363
108	-0.68	-0.737778	0.00735461
109	-0.76	-0.737982	0.00728967
110	-0.68	-0.737455	0.00724231
111	-0.68	-0.736937	0.0071954
112	-0.76	-0.737143	0.00713384
113	-0.76	-0.737345	0.00707332
114	-0.76	-0.737544	0.00701382
115	-0.76	-0.737739	0.0069553
116	-0.84	-0.738621	0.00695121
117	-0.76	-0.738803	0.00689396
118	-0.68	-0.738305	0.00685343
119	-0.68	-0.737815	0.00681323
120	-0.6	-0.736667	0.00685313
121	-0.76	-0.73686	0.006799
122	-0.76	-0.737049	0.0067457
123	-0.6	-0.735935	0.00678278
124	-0.68	-0.735484	0.00674296
125	-0.68	-0.73504	0.00670351
126	-0.76	-0.735238	0.00665305
127	-0.76	-0.735433	0.00660333
128	-0.84	-0.73625	0.00660228
129	-0.84	-0.737054	0.00660008
130	-0.84	-0.737846	0.00659682
131	-0.76	-0.738015	0.00654845
132	-0.84	-0.738788	0.00654442
133	-0.76	-0.738947	0.00649698
134	-0.84	-0.739701	0.00649226
135	-0.68	-0.739259	0.00645915
136	-0.68	-0.738824	0.00642627
137	-0.68	-0.738394	0.00639362
138	-0.68	-0.737971	0.00636121
139	-0.68	-0.737554	0.00632904
140	-0.6	-0.736571	0.00636002
141	-0.52	-0.735035	0.00649887
142	-0.6	-0.734085	0.00652263
143	-0.6	-0.733147	0.00654438
144	-0.68	-0.732778	0.00650925
145	-0.68	-0.732414	0.00647444
146	-0.76	-0.732603	0.00643272
147	-0.76	-0.732789	0.00639152
148	-0.76	-0.732973	0.00635085
149	-0.76	-0.733154	0.00631069
150	-0.76	-0.733333	0.00627103
151	-0.84	-0.73404	0.00626929
152	-0.84	-0.734737	0.0062668
153	-0.84	-0.735425	0.00626361
154	-0.76	-0.735584	0.00622485
155	-0.84	-0.736258	0.00622114
156	-0.84	-0.736923	0.0062168
157	-0.84	-0.73758	0.00621187
158	-0.84	-0.738228	0.00620637
159	-0.84	-0.738868	0.00620034
160	-0.76	-0.739	0.00616288
161	-0.76	-0.73913	0.00612587
162	-0.76	-0.739259	0.00608931
163	-0.76	-0.739387	0.00605317
164	-0.84	-0.74	0.00604735
165	-0.84	-0.740606	0.00604106
166	-0.84	-0.741205	0.00603434
167	-0.76	-0.741317	0.00599915
168	-0.84	-0.741905	0.0059922
169	-0.76	-0.742012	0.0059576
170	-0.6	-0.741176	0.00598107
171	-0.68	-0.740819	0.00595675
172	-0.76	-0.74093	0.00592306
173	-0.84	-0.741503	0.0059165
174	-0.84	-0.742069	0.00590958
175	-0.76	-0.742171	0.0058766
176	-0.6	-0.741364	0.00589869
177	-0.76	-0.741469	0.00586622
178	-0.84	-0.742022	0.00585937
179	-0.76	-0.742123	0.00582741
180	-0.68	-0.741778	0.00580522
181	-0.68	-0.741436	0.00578313
182	-0.76	-0.741538	0.00575218
183	-0.76	-0.741639	0.00572155
184	-0.76	-0.741739	0.00569124
185	-0.68	-0.741405	0.00567022
186	-0.76	-0.741505	0.00564054
187	-0.76	-0.741604	0.00561117
188	-0.76	-0.741702	0.0055821
189	-0.76	-0.741799	0.00555333
190	-0.84	-0.742316	0.00554815
191	-0.76	-0.742408	0.0055198
192	-0.76	-0.7425	0.00549174
193	-0.76	-0.742591	0.00546397
194	-0.84	-0.743093	0.00545887
195	-0.84	-0.74359	0.00545349
196	-0.84	-0.744082	0.00544785
197	-0.84	-0.744569	0.00544195
198	-0.84	-0.745051	0.00543581
199	-0.92	-0.74593	0.00547941
200	-0.84	-0.7464	0.0054722
201	-0.84	-0.746866	0.00546478
202	-0.92	-0.747723	0.00550479
203	-0.92	-0.748571	0.00554296
204	-0.92	-0.749412	0.00557937
205	-0.84	-0.749854	0.00556964
206	-0.84	-0.750291	0.00555979
207	-0.92	-0.751111	0.00559328
208	-0.92	-0.751923	0.00562523
209	-0.68	-0.751579	0.00560882
210	-0.76	-0.751619	0.00558219
211	-0.76	-0.751659	0.00555581
212	-0.68	-0.751321	0.00553987
213	-0.76	-0.751362	0.00551395
214	-0.84	-0.751776	0.00550373
215	-0.84	-0.752186	0.00549342
216	-0.84	-0.752593	0.00548302
217	-0.84	-0.752995	0.00547254
218	-0.84	-0.753394	0.00546198
219	-0.84	-0.75379	0.00545134
220	-0.76	-0.753818	0.00542658
221	-0.76	-0.753846	0.00540204
222	-0.6	-0.753153	0.00542212
223	-0.52	-0.752108	0.00549808
224	-0.68	-0.751786	0.00548293
225	-0.76	-0.751822	0.00545863
226	-0.84	-0.752212	0.00544842
227	-0.76	-0.752247	0.00542447
228	-0.84	-0.752632	0.00541432
229	-0.84	-0.753013	0.00540411
230	-0.92	-0.753739	0.00542933
231	-0.84	-0.754113	0.00541865
232	-0.76	-0.754138	0.00539531
233	-0.76	-0.754163	0.00537216
234	-0.76	-0.754188	0.00534921
235	-0.76	-0.754213	0.00532646
236	-0.68	-0.753898	0.00531315
237	-0.76	-0.753924	0.00529075
238	-0.68	-0.753613	0.00527762
239	-0.68	-0.753305	0.00526451
240	-0.76	-0.753333	0.0052426
241	-0.76	-0.753361	0.00522088
242	-0.76	-0.753388	0.00519933
243	-0.68	-0.753086	0.00518669
244	-0.6	-0.752459	0.00520335
245	-0.68	-0.752163	0.00519051
246	-0.68	-0.75187	0.00517768
247	-0.68	-0.751579	0.00516488
248	-0.84	-0.751935	0.00515635
249	-0.84	-0.752289	0.00514776
250	-0.76	-0.75232	0.00512722
251	-0.84	-0.752669	0.00511869
252	-0.68	-0.752381	0.00510649
253	-0.76	-0.752411	0.00508635
254	-0.84	-0.752756	0.00507801
255	-0.76	-0.752784	0.00505814
256	-0.76	-0.752813	0.00503842
257	-0.76	-0.75284	0.00501885
258	-0.76	-0.752868	0.00499944
259	-0.68	-0.752587	0.00498804
260	-0.76	-0.752615	0.0049689
261	-0.76	-0.752644	0.00494991
262	-0.92	-0.753282	0.00497218
263	-0.84	-0.753612	0.0049642
264	-0.84	-0.753939	0.00495617
265	-0.92	-0.754566	0.00497704
266	-0.92	-0.755188	0.00499715
267	-0.92	-0.755805	0.00501652
268	-0.92	-0.756418	0.00503518
269	-0.92	-0.757026	0.00505315
270	-0.92	-0.75763	0.00507046
271	-0.92	-0.758229	0.00508712
272	-0.92	-0.758824	0.00510316
273	-0.84	-0.759121	0.00509312
274	-0.84	-0.759416	0.00508307
275	-0.84	-0.759709	0.00507303
276	-0.84	-0.76	0.00506298
277	-0.84	-0.760289	0.00505293
278	-0.76	-0.760288	0.00503472
279	-0.76	-0.760287	0.00501664
280	-0.76	-0.760286	0.00499869
281	-0.76	-0.760285	0.00498087
282	-0.84	-0.760567	0.00497122
283	-0.84	-0.760848	0.00496157
284	-0.84	-0.761127	0.00495192
285	-0.76	-0.761123	0.00493451
286	-0.84	-0.761399	0.00492496
287	-0.84	-0.761672	0.0049154
288	-0.84	-0.761944	0.00490585
289	-0.76	-0.761938	0.00488885
290	-0.76	-0.761931	0.00487197
291	-0.76	-0.761924	0.0048552
292	-0.76	-0.761918	0.00483855
293	-0.68	-0.761638	0.0048301
294	-0.68	-0.761361	0.00482165
295	-0.76	-0.761356	0.00480528
296	-0.6	-0.760811	0.00481994
297	-0.76	-0.760808	0.00480369
298	-0.76	-0.760805	0.00478754
299	-0.84	-0.76107	0.00477885
300	-0.76	-0.761067	0.00476289
301	-0.68	-0.760797	0.00475468
302	-0.68	-0.76053	0.00474645
303	-0.68	-0.760264	0.00473822
304	-0.6	-0.759737	0.00475194
305	-0.68	-0.759475	0.00474355
306	-0.76	-0.759477	0.00472802
307	-0.76	-0.759479	0.0047126
308	-0.68	-0.759221	0.00470435
309	-0.6	-0.758706	0.00471733
310	-0.68	-0.758452	0.00470894
311	-0.68	-0.758199	0.00470055
312	-0.68	-0.757949	0.00469215
313	-0.76	-0.757955	0.00467714
314	-0.84	-0.758217	0.00466954
315	-0.76	-0.758222	0.0046547
316	-0.84	-0.758481	0.00464716
317	-0.84	-0.758738	0.0046396
318	-0.84	-0.758994	0.00463205
319	-0.84	-0.759248	0.00462448
320	-0.68	-0.759	0.00461665
321	-0.76	-0.759003	0.00460225
322	-0.84	-0.759255	0.00459482
323	-0.84	-0.759505	0.00458739
324	-0.84	-0.759753	0.00457996
325	-0.76	-0.759754	0.00456584
326	-0.84	-0.76	0.00455847
327	-0.84	-0.760245	0.00455108
328	-0.84	-0.760488	0.0045437
329	-0.84	-0.760729	0.00453631
330	-0.76	-0.760727	0.00452254
331	-0.92	-0.761208	0.00453446
332	-0.92	-0.761687	0.00454601
333	-0.92	-0.762162	0.00455721
334	-0.92	-0.762635	0.00456805
335	-0.92	-0.763104	0.00457856
336	-0.92	-0.763571	0.00458873
337	-0.84	-0.763798	0.00458071
338	-0.84	-0.764024	0.0045727
339	-0.92	-0.764484	0.00458235
340	-0.76	-0.764471	0.00456887
341	-0.6	-0.763988	0.00458092
342	-0.68	-0.763743	0.0045741
343	-0.76	-0.763732	0.00456076
344	-0.76	-0.763721	0.00454749
345	-0.76	-0.76371	0.0045343
346	-0.76	-0.763699	0.00452119
347	-0.76	-0.763689	0.00450816
348	-0.76	-0.763678	0.0044952
349	-0.76	-0.763668	0.00448231
350	-0.76	-0.763657	0.0044695
351	-0.68	-0.763419	0.00446311
352	-0.76	-0.763409	0.00445043
353	-0.76	-0.763399	0.00443781
354	-0.68	-0.763164	0.00443153
355	-0.84	-0.76338	0.00442432
356	-0.84	-0.763596	0.00441712
357	-0.84	-0.76381	0.00440993
358	-0.84	-0.764022	0.00440274
359	-0.68	-0.763788	0.00439669
360	-0.68	-0.763556	0.00439064
361	-0.6	-0.763102	0.00440184
362	-0.68	-0.762873	0.00439566
363	-0.68	-0.762645	0.00438947
364	-0.68	-0.762418	0.00438328
365	-0.76	-0.762411	0.00437126
366	-0.76	-0.762404	0.00435931
367	-0.68	-0.76218	0.00435321
368	-0.76	-0.762174	0.00434136
369	-0.68	-0.761951	0.00433531
370	-0.68	-0.76173	0.00432924
371	-0.68	-0.761509	0.00432318
372	-0.68	-0.76129	0.0043171
373	-0.76	-0.761287	0.00430551
374	-0.68	-0.76107	0.00429948
375	-0.68	-0.760853	0.00429345
376	-0.84	-0.761064	0.00428719
377	-0.76	-0.761061	0.0042758
378	-0.84	-0.76127	0.00426958
379	-0.76	-0.761266	0.0042583
380	-0.68	-0.761053	0.00425246
381	-0.84	-0.76126	0.00424635
382	-0.76	-0.761257	0.00423522
383	-0.76	-0.761253	0.00422415
384	-0.76	-0.76125	0.00421313
385	-0.84	-0.761455	0.00420715
386	-0.84	-0.761658	0.00420117
387	-0.76	-0.761654	0.0041903
388	-0.68	-0.761443	0.00418478
389	-0.68	-0.761234	0.00417926
390	-0.76	-0.761231	0.00416853
391	-0.76	-0.761228	0.00415786
392	-0.84	-0.761429	0.0041521
393	-0.84	-0.761628	0.00414634
394	-0.84	-0.761827	0.00414059
395	-0.76	-0.761823	0.0041301
396	-0.68	-0.761616	0.00412483
397	-0.76	-0.761612	0.00411443
398	-0.76	-0.761608	0.00410408
399	-0.76	-0.761604	0.00409378
400	-0.76	-0.7616	0.00408354
401	-0.68	-0.761397	0.00407842
402	-0.76	-0.761393	0.00406827
403	-0.76	-0.76139	0.00405816
404	-0.76	-0.761386	0.0040481
405	-0.68	-0.761185	0.00404309
406	-0.68	-0.760985	0.00403808
407	-0.68	-0.760786	0.00403305
408	-0.68	-0.760588	0.00402803
409	-0.68	-0.760391	0.00402299
410	-0.76	-0.76039	0.00401317
411	-0.68	-0.760195	0.00400817
412	-0.52	-0.759612	0.00404071
413	-0.6	-0.759225	0.0040494
414	-0.68	-0.759034	0.00404413
415	-0.76	-0.759036	0.00403438
416	-0.76	-0.759038	0.00402467
417	-0.76	-0.759041	0.00401501
418	-0.84	-0.759234	0.00401007
419	-0.92	-0.759618	0.00401885
420	-0.84	-0.75981	0.00401383
421	-0.84	-0.76	0.00400881
422	-0.84	-0.76019	0.00400379
423	-0.84	-0.760378	0.00399877
424	-0.84	-0.760566	0.00399374
425	-0.76	-0.760565	0.00398434
426	-0.84	-0.760751	0.00397934
427	-0.76	-0.760749	0.00397001
428	-0.84	-0.760935	0.00396505
429	-0.84	-0.761119	0.00396009
430	-0.84	-0.761302	0.00395513
431	-0.84	-0.761485	0.00395016
432	-0.76	-0.761481	0.00394101
433	-0.76	-0.761478	0.0039319
434	-0.84	-0.761659	0.003927
435	-0.76	-0.761655	0.00391796
436	-0.76	-0.761651	0.00390897
437	-0.76	-0.761648	0.00390001
438	-0.68	-0.761461	0.00389556
439	-0.76	-0.761458	0.00388668
440	-0.76	-0.761455	0.00387784
441	-0.76	-0.761451	0.00386904
442	-0.84	-0.761629	0.00386436
443	-0.84	-0.761806	0.00385969
444	-0.84	-0.761982	0.00385501
445	-0.84	-0.762157	0.00385033
446	-0.84	-0.762332	0.00384565
447	-0.84	-0.762506	0.00384097
448	-0.76	-0.7625	0.00383239
449	-0.76	-0.762494	0.00382385
450	-0.84	-0.762667	0.00381923
451	-0.76	-0.762661	0.00381075
452	-0.76	-0.762655	0.00380232
453	-0.76	-0.762649	0.00379392
454	-0.76	-0.762643	0.00378556
455	-0.76	-0.762637	0.00377723
456	-0.68	-0.762456	0.00377329
457	-0.68	-0.762276	0.00376935
458	-0.68	-0.762096	0.0037654
459	-0.6	-0.761743	0.00377375
460	-0.52	-0.761217	0.00380203
461	-0.76	-0.761215	0.00379377
462	-0.76	-0.761212	0.00378555
463	-0.76	-0.76121	0.00377737
464	-0.84	-0.761379	0.00377304
465	-0.84	-0.761548	0.00376871
466	-0.84	-0.761717	0.00376439
467	-0.76	-0.761713	0.00375632
468	-0.76	-0.761709	0.00374828
469	-0.76	-0.761706	0.00374029
470	-0.84	-0.761872	0.00373603
471	-0.84	-0.762038	0.00373178
472	-0.76	-0.762034	0.00372387
473	-0.76	-0.76203	0.00371599
474	-0.76	-0.762025	0.00370815
475	-0.76	-0.762021	0.00370033
476	-0.76	-0.762017	0.00369255
477	-0.76	-0.762013	0.00368481
478	-0.84	-0.762176	0.00368071
479	-0.76	-0.762171	0.00367302
480	-0.76	-0.762167	0.00366536
481	-0.76	-0.762162	0.00365774
482	-0.76	-0.762158	0.00365014
483	-0.76	-0.762153	0.00364258
484	-0.76	-0.762149	0.00363505
485	-0.84	-0.762309	0.0036311
486	-0.76	-0.762305	0.00362362
487	-0.84	-0.762464	0.00361969
488	-0.76	-0.762459	0.00361227
489	-0.76	-0.762454	0.00360488
490	-0.76	-0.762449	0.00359752
491	-0.76	-0.762444	0.00359018
492	-0.76	-0.762439	0.00358288
493	-0.6	-0.76211	0.00359076
494	-0.68	-0.761943	0.00358733
495	-0.6	-0.761616	0.003595
496	-0.68	-0.761452	0.00359151
497	-0.68	-0.761288	0.00358802
498	-0.44	-0.760643	0.00363847
499	-0.52	-0.76016	0.00366305
500	-0.52	-0.75968	0.00368714
501	-0.44	-0.759042	0.00373468
502	-0.52	-0.758566	0.00375753
503	-0.68	-0.75841	0.00375331
504	-0.68	-0.758254	0.00374908
505	-0.68	-0.758099	0.00374486
506	-0.68	-0.757945	0.00374063
507	-0.76	-0.757949	0.00373325
508	-0.76	-0.757953	0.0037259
509	-0.76	-0.757957	0.00371857
510	-0.84	-0.758118	0.00371476
511	-0.76	-0.758121	0.00370748
512	-0.68	-0.757969	0.00370338
513	-0.76	-0.757973	0.00369616
514	-0.76	-0.757977	0.00368896
515	-0.76	-0.757981	0.00368179
516	-0.76	-0.757984	0.00367465
517	-0.76	-0.757988	0.00366754
518	-0.76	-0.757992	0.00366045
519	-0.68	-0.757842	0.00365648
520	-0.76	-0.757846	0.00364945
521	-0.76	-0.75785	0.00364244
522	-0.68	-0.757701	0.00363851
523	-0.76	-0.757706	0.00363155
524	-0.76	-0.75771	0.00362462
525	-0.76	-0.757714	0.00361771
526	-0.76	-0.757719	0.00361083
527	-0.76	-0.757723	0.00360397
528	-0.84	-0.757879	0.00360051
529	-0.76	-0.757883	0.0035937
530	-0.68	-0.757736	0.00358992
531	-0.92	-0.758041	0.00359616
532	-0.92	-0.758346	0.00360228
533	-0.92	-0.758649	0.00360829
534	-0.92	-0.758951	0.00361418
535	-0.92	-0.759252	0.00361995
536	-0.92	-0.759552	0.00362562
537	-0.92	-0.759851	0.00363117
538	-0.92	-0.760149	0.00363662
539	-0.92	-0.760445	0.00364196
540	-0.68	-0.760296	0.00363826
541	-0.92	-0.760591	0.00364351
542	-0.92	-0.760886	0.00364866
543	-0.92	-0.761179	0.0036537
544	-0.92	-0.761471	0.00365864
545	-0.92	-0.761761	0.00366349
546	-0.92	-0.762051	0.00366824
547	-0.92	-0.76234	0.0036729
548	-0.92	-0.762628	0.00367746
549	-0.84	-0.762769	0.00367346
550	-0.76	-0.762764	0.00366678
551	-0.84	-0.762904	0.0036628
552	-0.92	-0.763188	0.00366722
553	-0.92	-0.763472	0.00367155
554	-0.92	-0.763755	0.00367579
555	-0.92	-0.764036	0.00367995
556	-0.92	-0.764317	0.00368402
557	-0.84	-0.764452	0.00367991
558	-0.84	-0.764588	0.0036758
559	-0.68	-0.764436	0.00367234
560	-0.68	-0.764286	0.00366887
561	-0.68	-0.764135	0.00366541
562	-0.68	-0.763986	0.00366194
563	-0.68	-0.763837	0.00365847
564	-0.76	-0.76383	0.00365199
565	-0.76	-0.763823	0.00364552
566	-0.76	-0.763816	0.00363908
567	-0.68	-0.763668	0.00363567
568	-0.76	-0.763662	0.00362927
569	-0.84	-0.763796	0.00362537
570	-0.84	-0.76393	0.00362147
571	-0.84	-0.764063	0.00361757
572	-0.76	-0.764056	0.00361125
573	-0.68	-0.763909	0.00360793
574	-0.84	-0.764042	0.00360407
575	-0.76	-0.764035	0.00359781
576	-0.84	-0.764167	0.00359398
577	-0.6	-0.763882	0.00359901
578	-0.76	-0.763875	0.00359278
579	-0.84	-0.764007	0.00358898
580	-0.84	-0.764138	0.00358518
581	-0.84	-0.764269	0.00358139
582	-0.84	-0.764399	0.00357759
583	-0.84	-0.764528	0.00357381
584	-0.84	-0.764658	0.00357002
585	-0.84	-0.764786	0.00356624
586	-0.76	-0.764778	0.00356016
587	-0.76	-0.76477	0.0035541
588	-0.76	-0.764762	0.00354806
589	-0.68	-0.764618	0.00354495
590	-0.76	-0.76461	0.00353894
591	-0.84	-0.764738	0.00353525
592	-0.84	-0.764865	0.00353157
593	-0.76	-0.764857	0.00352562
594	-0.68	-0.764714	0.00352257
595	-0.68	-0.764571	0.00351953
596	-0.76	-0.764564	0.00351363
597	-0.68	-0.764422	0.00351059
598	-0.76	-0.764415	0.00350473
599	-0.76	-0.764407	0.00349888
600	-0.68	-0.764267	0.00349587
601	-0.68	-0.764126	0.00349287
602	-0.68	-0.763987	0.00348986
603	-0.68	-0.763847	0.00348685
604	-0.68	-0.763709	0.00348384
605	-0.6	-0.763438	0.00348859
606	-0.68	-0.7633	0.00348555
607	-0.68	-0.763163	0.0034825
608	-0.76	-0.763158	0.00347678
609	-0.76	-0.763153	0.00347107
610	-0.76	-0.763148	0.00346537
611	-0.76	-0.763142	0.0034597
612	-0.6	-0.762876	0.00346432
613	-0.6	-0.76261	0.00346885
614	-0.76	-0.762606	0.0034632
615	-0.76	-0.762602	0.00345757
616	-0.76	-0.762597	0.00345195
617	-0.84	-0.762723	0.00344863
618	-0.68	-0.762589	0.00344565
619	-0.6	-0.762326	0.00345009
620	-0.68	-0.762194	0.00344708
621	-0.76	-0.76219	0.00344153
622	-0.68	-0.762058	0.00343853
623	-0.76	-0.762055	0.00343301
624	-0.68	-0.761923	0.00343002
625	-0.84	-0.762048	0.00342681
626	-0.76	-0.762045	0.00342133
627	-0.84	-0.762169	0.00341813
628	-0.68	-0.762038	0.00341519
629	-0.76	-0.762035	0.00340976
630	-0.76	-0.762032	0.00340435
631	-0.76	-0.762029	0.00339895
632	-0.84	-0.762152	0.00339581
633	-0.84	-0.762275	0.00339267
634	-0.84	-0.762397	0.00338953
635	-0.84	-0.76252	0.00338639
636	-0.84	-0.762642	0.00338326
637	-0.84	-0.762763	0.00338013
638	-0.84	-0.762884	0.003377
639	-0.76	-0.762879	0.00337171
640	-0.84	-0.763	0.00336859
641	-0.76	-0.762995	0.00336334
642	-0.68	-0.762866	0.00336058
643	-0.68	-0.762737	0.00335782
644	-0.68	-0.762609	0.00335507
645	-0.68	-0.762481	0.00335231
646	-0.68	-0.762353	0.00334955
647	-0.68	-0.762226	0.00334679
648	-0.76	-0.762222	0.00334162
649	-0.76	-0.762219	0.00333647
650	-0.68	-0.762092	0.00333374
651	-0.68	-0.761966	0.003331
652	-0.84	-0.762086	0.00332804
653	-0.84	-0.762205	0.00332508
654	-0.76	-0.762202	0.00331999
655	-0.76	-0.762198	0.00331492
656	-0.84	-0.762317	0.00331199
657	-0.76	-0.762314	0.00330695
658	-0.84	-0.762432	0.00330403
659	-0.84	-0.762549	0.00330111
660	-0.84	-0.762667	0.00329819
661	-0.68	-0.762542	0.00329557
662	-0.68	-0.762417	0.00329295
663	-0.76	-0.762413	0.00328798
664	-0.76	-0.76241	0.00328303
665	-0.76	-0.762406	0.00327809
666	-0.6	-0.762162	0.00328224
667	-0.68	-0.762039	0.00327963
668	-0.76	-0.762036	0.00327471
669	-0.68	-0.761913	0.00327211
670	-0.76	-0.76191	0.00326723
671	-0.76	-0.761908	0.00326236
672	-0.68	-0.761786	0.00325978
673	-0.76	-0.761783	0.00325493
674	-0.76	-0.76178	0.0032501
675	-0.76	-0.761778	0.00324528
676	-0.76	-0.761775	0.00324048
677	-0.76	-0.761773	0.00323569
678	-0.76	-0.76177	0.00323091
679	-0.68	-0.761649	0.0032284
680	-0.68	-0.761529	0.00322588
681	-0.6	-0.761292	0.00322986
682	-0.6	-0.761056	0.00323379
683	-0.6	-0.76082	0.00323765
684	-0.68	-0.760702	0.00323507
685	-0.68	-0.760584	0.00323249
686	-0.68	-0.760466	0.00322991
687	-0.84	-0.760582	0.00322728
688	-0.76	-0.760581	0.00322259
689	-0.68	-0.760464	0.00322003
690	-0.68	-0.760348	0.00321748
691	-0.76	-0.760347	0.00321282
692	-0.84	-0.760462	0.00321023
693	-0.76	-0.760462	0.0032056
694	-0.84	-0.760576	0.00320303
695	-0.84	-0.760691	0.00320046
696	-0.76	-0.76069	0.00319585
697	-0.76	-0.760689	0.00319127
698	-0.68	-0.760573	0.00318879
699	-0.68	-0.760458	0.00318631
700	-0.76	-0.760457	0.00318175
701	-0.84	-0.760571	0.00317924
702	-0.76	-0.76057	0.0031747
703	-0.68	-0.760455	0.00317226
704	-0.6	-0.760227	0.00317594
705	-0.68	-0.760113	0.00317347
706	-0.68	-0.76	0.003171
707	-0.76	-0.76	0.00316651
708	-0.68	-0.759887	0.00316406
709	-0.76	-0.759887	0.00315959
710	-0.68	-0.759775	0.00315714
711	-0.68	-0.759662	0.00315469
712	-0.68	-0.759551	0.00315225
713	-0.76	-0.759551	0.00314782
714	-0.84	-0.759664	0.00314543
715	-0.76	-0.759664	0.00314103
716	-0.76	-0.759665	0.00313664
717	-0.6	-0.759442	0.00314017
718	-0.6	-0.75922	0.00314364
719	-0.36	-0.758665	0.00318799
720	-0.76	-0.758667	0.00318356
721	-0.92	-0.75889	0.00318701
722	-0.92	-0.759114	0.0031904
723	-0.92	-0.759336	0.00319375
724	-0.92	-0.759558	0.00319705
725	-0.84	-0.759669	0.00319456
726	-0.84	-0.75978	0.00319208
727	-0.84	-0.75989	0.00318959
728	-0.6	-0.75967	0.00319277
729	-0.76	-0.759671	0.00318839
730	-0.76	-0.759671	0.00318402
731	-0.84	-0.759781	0.00318156
732	-0.84	-0.759891	0.0031791
733	-0.76	-0.759891	0.00317476
734	-0.76	-0.759891	0.00317043
735	-0.84	-0.76	0.00316799
736	-0.84	-0.760109	0.00316555
737	-0.76	-0.760109	0.00316125
738	-0.84	-0.760217	0.00315882
739	-0.84	-0.760325	0.00315639
740	-0.84	-0.760432	0.00315396
741	-0.76	-0.760432	0.0031497
742	-0.76	-0.760431	0.00314545
743	-0.76	-0.760431	0.00314121
744	-0.68	-0.760323	0.00313885
745	-0.76	-0.760322	0.00313464
746	-0.84	-0.760429	0.00313225
747	-0.68	-0.760321	0.00312991
748	-0.76	-0.760321	0.00312572
749	-0.68	-0.760214	0.00312339
750	-0.76	-0.760213	0.00311922
751	-0.76	-0.760213	0.00311506
752	-0.76	-0.760213	0.00311092
753	-0.84	-0.760319	0.00310859
754	-0.76	-0.760318	0.00310447
755	-0.68	-0.760212	0.00310218
756	-0.68	-0.760106	0.00309989
757	-0.68	-0.76	0.0030976
758	-0.76	-0.76	0.00309351
759	-0.76	-0.76	0.00308943
760	-0.6	-0.759789	0.00309253
761	-0.68	-0.759685	0.00309025
762	-0.68	-0.75958	0.00308796
763	-0.76	-0.759581	0.00308391
764	-0.76	-0.759581	0.00307987
765	-0.68	-0.759477	0.0030776
766	-0.52	-0.759164	0.00308944
767	-0.76	-0.759166	0.00308541
768	-0.84	-0.759271	0.00308319
769	-0.84	-0.759376	0.00308096
770	-0.84	-0.759481	0.00307874
771	-0.76	-0.759481	0.00307475
772	-0.76	-0.759482	0.00307076
773	-0.76	-0.759483	0.00306679
774	-0.76	-0.759483	0.00306282
775	-0.84	-0.759587	0.00306063
776	-0.84	-0.759691	0.00305844
777	-0.84	-0.759794	0.00305625
778	-0.84	-0.759897	0.00305406
779	-0.84	-0.76	0.00305187
780	-0.84	-0.760103	0.00304968
781	-0.84	-0.760205	0.00304749
782	-0.92	-0.760409	0.00305044
783	-0.92	-0.760613	0.00305335
784	-0.84	-0.760714	0.00305114
785	-0.84	-0.760815	0.00304892
786	-0.84	-0.760916	0.0030467
787	-0.76	-0.760915	0.00304283
788	-0.76	-0.760914	0.00303897
789	-0.68	-0.760811	0.00303685
790	-0.68	-0.760709	0.00303472
791	-0.68	-0.760607	0.0030326
792	-0.76	-0.760606	0.00302877
793	-0.68	-0.760504	0.00302666
794	-0.76	-0.760504	0.00302284
795	-0.76	-0.760503	0.00301904
796	-0.76	-0.760503	0.00301524
797	-0.84	-0.760602	0.00301311
798	-0.84	-0.760702	0.00301097
799	-0.84	-0.760801	0.00300884
800	-0.84	-0.7609	0.00300671
801	-0.84	-0.760999	0.00300457
802	-0.92	-0.761197	0.00300737
803	-0.84	-0.761295	0.00300522
804	-0.76	-0.761294	0.00300148
805	-0.84	-0.761391	0.00299935
806	-0.76	-0.76139	0.00299562
807	-0.76	-0.761388	0.00299191
808	-0.76	-0.761386	0.0029882
809	-0.76	-0.761384	0.00298451
810	-0.68	-0.761284	0.00298252
811	-0.76	-0.761282	0.00297884
812	-0.76	-0.761281	0.00297517
813	-0.76	-0.761279	0.0029715
814	-0.68	-0.761179	0.00296953
815	-0.68	-0.76108	0.00296756
816	-0.84	-0.761176	0.0029655
817	-0.68	-0.761077	0.00296353
818	-0.68	-0.760978	0.00296156
819	-0.68	-0.760879	0.0029596
820	-0.68	-0.76078	0.00295763
821	-0.68	-0.760682	0.00295566
822	-0.68	-0.760584	0.0029537
823	-0.76	-0.760583	0.00295011
824	-0.68	-0.760485	0.00294815
825	-0.6	-0.760291	0.00295099
826	-0.6	-0.760097	0.0029538
827	-0.68	-0.76	0.00295181
828	-0.68	-0.759903	0.00294983
829	-0.76	-0.759903	0.00294627
830	-0.76	-0.759904	0.00294272
831	-0.76	-0.759904	0.00293917
832	-0.76	-0.759904	0.00293564
833	-0.76	-0.759904	0.00293211
834	-0.84	-0.76	0.00293017
835	-0.76	-0.76	0.00292666
836	-0.76	-0.76	0.00292315
837	-0.76	-0.76	0.00291966
838	-0.76	-0.76	0.00291617
839	-0.76	-0.76	0.00291269
840	-0.76	-0.76	0.00290923
841	-0.76	-0.76	0.00290576
842	-0.76	-0.76	0.00290231
843	-0.76	-0.76	0.00289887
844	-0.76	-0.76	0.00289543
845	-0.76	-0.76	0.002892
846	-0.68	-0.759905	0.00289013
847	-0.68	-0.759811	0.00288825
848	-0.6	-0.759623	0.002891
849	-0.6	-0.759435	0.0028937
850	-0.6	-0.759247	0.00289638
851	-0.68	-0.759154	0.00289447
852	-0.76	-0.759155	0.00289107
853	-0.76	-0.759156	0.00288768
854	-0.76	-0.759157	0.0028843
855	-0.76	-0.759158	0.00288092
856	-0.76	-0.759159	0.00287755
857	-0.68	-0.759067	0.00287568
858	-0.68	-0.758974	0.0028738
859	-0.68	-0.758882	0.00287193
860	-0.68	-0.758791	0.00287005
861	-0.6	-0.758606	0.00287264
862	-0.6	-0.758422	0.0028752
863	-0.6	-0.758239	0.00287773
864	-0.68	-0.758148	0.00287582
865	-0.68	-0.758058	0.00287392
866	-0.68	-0.757968	0.00287201
867	-0.76	-0.75797	0.0028687
868	-0.76	-0.757972	0.00286539
869	-0.84	-0.758067	0.00286365
870	-0.84	-0.758161	0.0028619
871	-0.84	-0.758255	0.00286016
872	-0.76	-0.758257	0.00285688
873	-0.84	-0.758351	0.00285514
874	-0.76	-0.758352	0.00285187
875	-0.68	-0.758263	0.00285002
876	-0.76	-0.758265	0.00284676
877	-0.6	-0.758084	0.00284924
878	-0.68	-0.757995	0.00284738
879	-0.68	-0.757907	0.00284552
880	-0.76	-0.757909	0.00284229
881	-0.76	-0.757911	0.00283906
882	-0.76	-0.757914	0.00283584
883	-0.76	-0.757916	0.00283263
884	-0.76	-0.757919	0.00282942
885	-0.76	-0.757921	0.00282622
886	-0.76	-0.757923	0.00282303
887	-0.68	-0.757835	0.00282122
888	-0.76	-0.757838	0.00281804
889	-0.76	-0.75784	0.00281487
890	-0.84	-0.757933	0.00281322
891	-0.84	-0.758025	0.00281157
892	-0.84	-0.758117	0.00280992
893	-0.84	-0.758208	0.00280827
894	-0.76	-0.75821	0.00280513
895	-0.76	-0.758212	0.00280199
896	-0.76	-0.758214	0.00279886
897	-0.84	-0.758305	0.00279723
898	-0.84	-0.758396	0.00279559
899	-0.84	-0.758487	0.00279395
900	-0.84	-0.758578	0.00279232
901	-0.84	-0.758668	0.00279068
902	-0.84	-0.758758	0.00278904
903	-0.84	-0.758848	0.0027874
904	-0.76	-0.75885	0.00278432
905	-0.68	-0.758762	0.00278261
906	-0.76	-0.758764	0.00277953
907	-0.76	-0.758765	0.00277647
908	-0.76	-0.758767	0.00277341
909	-0.84	-0.758856	0.0027718
910	-0.84	-0.758945	0.00277018
911	-0.76	-0.758946	0.00276714
912	-0.76	-0.758947	0.00276411
913	-0.76	-0.758949	0.00276108
914	-0.68	-0.758862	0.00275941
915	-0.68	-0.758776	0.00275774
916	-0.68	-0.75869	0.00275607
917	-0.68	-0.758604	0.0027544
918	-0.76	-0.758606	0.00275139
919	-0.76	-0.758607	0.0027484
920	-0.68	-0.758522	0.00274674
921	-0.6	-0.75835	0.00274915
922	-0.68	-0.758265	0.00274748
923	-0.76	-0.758267	0.0027445
924	-0.84	-0.758355	0.00274296
925	-0.84	-0.758443	0.00274141
926	-0.76	-0.758445	0.00273845
927	-0.76	-0.758447	0.00273549
928	-0.68	-0.758362	0.00273385
929	-0.76	-0.758364	0.00273091
930	-0.84	-0.758452	0.00272938
931	-0.84	-0.758539	0.00272786
932	-0.84	-0.758627	0.00272633
933	-0.84	-0.758714	0.0027248
934	-0.84	-0.758801	0.00272327
935	-0.84	-0.758888	0.00272175
936	-0.68	-0.758803	0.00272014
937	-0.68	-0.758719	0.00271854
938	-0.76	-0.758721	0.00271564
939	-0.76	-0.758722	0.00271275
940	-0.84	-0.758809	0.00271124
941	-0.68	-0.758725	0.00270965
942	-0.76	-0.758726	0.00270677
943	-0.6	-0.758558	0.00270913
944	-0.76	-0.758559	0.00270626
945	-0.76	-0.758561	0.0027034
946	-0.84	-0.758647	0.00270191
947	-0.76	-0.758648	0.00269906
948	-0.76	-0.75865	0.00269621
949	-0.6	-0.758483	0.00269855
950	-0.6	-0.758316	0.00270086
951	-0.68	-0.758233	0.00269928
952	-0.68	-0.758151	0.00269769
953	-0.52	-0.757901	0.00270642
954	-0.68	-0.75782	0.00270482
955	-0.76	-0.757822	0.00270199
956	-0.84	-0.757908	0.00270053
957	-0.76	-0.75791	0.0026977
958	-0.76	-0.757912	0.00269489
959	-0.68	-0.757831	0.0026933
960	-0.76	-0.757833	0.00269049
961	-0.76	-0.757836	0.00268769
962	-0.76	-0.757838	0.0026849
963	-0.6	-0.757674	0.00268711
964	-0.68	-0.757593	0.00268553
965	-0.52	-0.757347	0.00269402
966	-0.68	-0.757267	0.00269242
967	-0.76	-0.75727	0.00268964
968	-0.6	-0.757107	0.00269177
969	-0.52	-0.756863	0.0027001
970	-0.68	-0.756784	0.00269848
971	-0.76	-0.756787	0.0026957
972	-0.76	-0.75679	0.00269293
973	-0.68	-0.756711	0.00269131
974	-0.76	-0.756715	0.00268855
975	-0.76	-0.756718	0.0026858
976	-0.76	-0.756721	0.00268304
977	-0.76	-0.756725	0.0026803
978	-0.76	-0.756728	0.00267756
979	-0.76	-0.756731	0.00267482
980	-0.68	-0.756653	0.00267324
981	-0.68	-0.756575	0.00267166
982	-0.84	-0.75666	0.00267029
983	-0.76	-0.756663	0.00266757
984	-0.84	-0.756748	0.0026662
985	-0.92	-0.756914	0.00266865
986	-0.92	-0.757079	0.00267107
987	-0.84	-0.757163	0.00266968
988	-0.92	-0.757328	0.00267206
989	-1	-0.757573	0.00268062
990	-0.92	-0.757737	0.00268293
991	-0.92	-0.757901	0.00268522
992	-0.92	-0.758065	0.00268748
993	-0.92	-0.758228	0.00268972
994	-1	-0.758471	0.002698
995	-0.76	-0.758472	0.00269529
996	-0.84	-0.758554	0.00269382
997	-0.76	-0.758556	0.00269112
998	-0.92	-0.758717	0.00269328
999	-0.84	-0.758799	0.00269182
1000	-0.76	-0.7588	0.00268912
1001	-0.76	-0.758801	0.00268644
1002	-0.68	-0.758723	0.00268491
1003	-0.68	-0.758644	0.00268338
1004	-0.68	-0.758566	0.00268185
1005	-0.68	-0.758488	0.00268032
1006	-0.68	-0.75841	0.00267879
1007	-0.68	-0.758332	0.00267726
1008	-0.68	-0.758254	0.00267573
1009	-0.68	-0.758176	0.0026742
1010	-0.76	-0.758178	0.00267155
1011	-0.84	-0.758259	0.00267014
1012	-0.84	-0.75834	0.00266872
1013	-0.92	-0.7585	0.00267086
1014	-0.92	-0.758659	0.00267297
1015	-0.92	-0.758818	0.00267506
1016	-0.92	-0.758976	0.00267713
1017	-0.76	-0.758977	0.0026745
1018	-0.76	-0.758978	0.00267187
1019	-0.68	-0.758901	0.00267037
1020	-0.76	-0.758902	0.00266775
1021	-0.68	-0.758825	0.00266626
1022	-0.68	-0.758748	0.00266477
1023	-0.76	-0.758749	0.00266216
1024	-0.76	-0.75875	0.00265956
1025	-0.68	-0.758673	0.00265807
1026	-0.76	-0.758674	0.00265548
1027	-0.76	-0.758676	0.0026529
1028	-0.76	-0.758677	0.00265031
1029	-0.6	-0.758523	0.00265222
1030	-0.68	-0.758447	0.00265074
1031	-0.6	-0.758293	0.00265263
1032	-0.68	-0.758217	0.00265114
1033	-0.76	-0.758219	0.00264857
1034	-0.68	-0.758143	0.00264709
1035	-0.68	-0.758068	0.00264561
1036	-0.76	-0.758069	0.00264306
1037	-0.76	-0.758071	0.00264051
1038	-0.76	-0.758073	0.00263796
1039	-0.68	-0.757998	0.00263649
1040	-0.68	-0.757923	0.00263503
1041	-0.76	-0.757925	0.00263249
1042	-0.76	-0.757927	0.00262997
1043	-0.76	-0.757929	0.00262744
1044	-0.68	-0.757854	0.00262599
1045	-0.76	-0.757856	0.00262347
1046	-0.76	-0.757859	0.00262097
1047	-0.76	-0.757861	0.00261846
1048	-0.76	-0.757863	0.00261596
1049	-0.76	-0.757865	0.00261347
1050	-0.68	-0.75779	0.00261203
1051	-0.6	-0.75764	0.00261386
1052	-0.6	-0.75749	0.00261567
1053	-0.68	-0.757417	0.00261422
1054	-0.68	-0.757343	0.00261277
1055	-0.76	-0.757346	0.0026103
1056	-0.76	-0.757348	0.00260782
1057	-0.76	-0.757351	0.00260536
1058	-0.6	-0.757202	0.00260714
1059	-0.68	-0.757129	0.0026057
1060	-0.68	-0.757057	0.00260425
1061	-0.68	-0.756984	0.00260281
1062	-0.68	-0.756911	0.00260137
1063	-0.6	-0.756764	0.00260311
1064	-0.6	-0.756617	0.00260483
1065	-0.6	-0.756469	0.00260654
1066	-0.68	-0.756398	0.00260508
1067	-0.84	-0.756476	0.00260381
1068	-0.84	-0.756554	0.00260255
1069	-0.84	-0.756632	0.00260129
1070	-0.84	-0.75671	0.00260002
1071	-0.84	-0.756788	0.00259876
1072	-0.84	-0.756866	0.00259749
1073	-0.84	-0.756943	0.00259623
1074	-0.76	-0.756946	0.00259381
1075	-0.68	-0.756874	0.00259238
1076	-0.76	-0.756877	0.00258997
1077	-0.68	-0.756806	0.00258855
1078	-0.52	-0.756586	0.00259546
1079	-0.84	-0.756664	0.00259421
1080	-0.76	-0.756667	0.00259181
1081	-0.6	-0.756522	0.00259346
1082	-0.76	-0.756525	0.00259107
1083	-0.84	-0.756602	0.00258982
1084	-0.84	-0.756679	0.00258857
1085	-0.76	-0.756682	0.00258619
1086	-0.76	-0.756685	0.00258381
1087	-0.76	-0.756688	0.00258143
1088	-0.76	-0.756691	0.00257906
1089	-0.76	-0.756694	0.00257669
1090	-0.76	-0.756697	0.00257433
1091	-0.84	-0.756774	0.0025731
1092	-0.84	-0.75685	0.00257187
1093	-0.84	-0.756926	0.00257064
1094	-0.76	-0.756929	0.00256829
1095	-0.76	-0.756932	0.00256595
1096	-0.76	-0.756934	0.00256361
1097	-0.68	-0.756864	0.00256223
1098	-0.76	-0.756867	0.0025599
1099	-0.76	-0.75687	0.00255757
1100	-0.76	-0.756873	0.00255524
1101	-0.68	-0.756803	0.00255388
1102	-0.76	-0.756806	0.00255156
1103	-0.68	-0.756736	0.0025502
1104	-0.84	-0.756812	0.002549
1105	-0.84	-0.756887	0.00254781
1106	-0.76	-0.75689	0.0025455
1107	-0.84	-0.756965	0.00254431
1108	-0.92	-0.757112	0.00254627
1109	-0.84	-0.757187	0.00254507
1110	-0.84	-0.757261	0.00254387
1111	-0.84	-0.757336	0.00254267
1112	-0.84	-0.75741	0.00254147
1113	-0.92	-0.757556	0.00254338
1114	-0.84	-0.75763	0.00254218
1115	-0.84	-0.757704	0.00254097
1116	-0.84	-0.757778	0.00253976
1117	-0.84	-0.757851	0.00253856
1118	-0.76	-0.757853	0.00253629
1119	-0.76	-0.757855	0.00253402
1120	-0.76	-0.757857	0.00253176
1121	-0.76	-0.757859	0.0025295
1122	-0.52	-0.757647	0.00253612
1123	-0.68	-0.757578	0.0025348
1124	-0.68	-0.757509	0.00253349
1125	-0.68	-0.75744	0.00253217
1126	-0.68	-0.757371	0.00253085
1127	-0.68	-0.757303	0.00252954
1128	-0.76	-0.757305	0.0025273
1129	-0.84	-0.757378	0.00252612
1130	-0.92	-0.757522	0.00252798
1131	-0.84	-0.757595	0.0025268
1132	-0.52	-0.757385	0.00253328
1133	-0.76	-0.757387	0.00253104
1134	-0.68	-0.757319	0.00252973
1135	-0.76	-0.757322	0.0025275
1136	-0.6	-0.757183	0.00252907
1137	-0.68	-0.757115	0.00252775
1138	-0.6	-0.756977	0.0025293
1139	-0.52	-0.756769	0.00253563
1140	-0.52	-0.756561	0.00254191
1141	-0.68	-0.756494	0.00254056
1142	-0.76	-0.756497	0.00253834
1143	-0.76	-0.7565	0.00253612
1144	-0.76	-0.756503	0.0025339
1145	-0.92	-0.756646	0.00253571
1146	-0.84	-0.756719	0.00253454
1147	-0.76	-0.756722	0.00253233
1148	-0.76	-0.756725	0.00253013
1149	-0.68	-0.756658	0.00252881
1150	-0.68	-0.756591	0.00252749
1151	-0.68	-0.756525	0.00252617
1152	-0.68	-0.756458	0.00252485
1153	-0.68	-0.756392	0.00252353
1154	-0.76	-0.756395	0.00252134
1155	-0.76	-0.756398	0.00251916
1156	-0.76	-0.756401	0.00251698
1157	-0.6	-0.756266	0.00251844
1158	-0.68	-0.7562	0.00251712
1159	-0.68	-0.756135	0.00251581
1160	-0.76	-0.756138	0.00251364
1161	-0.84	-0.75621	0.00251251
1162	-0.76	-0.756213	0.00251035
1163	-0.76	-0.756217	0.0025082
1164	-0.84	-0.756289	0.00250707
1165	-0.76	-0.756292	0.00250492
1166	-0.68	-0.756226	0.00250363
1167	-0.76	-0.75623	0.00250148
1168	-0.68	-0.756164	0.00250019
1169	-0.76	-0.756168	0.00249806
1170	-0.84	-0.756239	0.00249695
1171	-0.84	-0.756311	0.00249584
1172	-0.84	-0.756382	0.00249473
1173	-0.84	-0.756454	0.00249362
1174	-0.84	-0.756525	0.00249251
1175	-0.76	-0.756528	0.00249039
1176	-0.76	-0.756531	0.00248828
1177	-0.76	-0.756534	0.00248616
1178	-0.76	-0.756537	0.00248405
1179	-0.68	-0.756472	0.0024828
1180	-0.76	-0.756475	0.00248069
1181	-0.76	-0.756478	0.00247859
1182	-0.68	-0.756413	0.00247734
1183	-0.84	-0.756484	0.00247625
1184	-0.76	-0.756486	0.00247416
1185	-0.84	-0.756557	0.00247308
1186	-0.76	-0.75656	0.00247099
1187	-0.76	-0.756563	0.00246891
1188	-0.92	-0.7567	0.00247067
1189	-0.84	-0.75677	0.00246958
1190	-0.84	-0.75684	0.0024685
1191	-0.76	-0.756843	0.00246642
1192	-0.76	-0.756846	0.00246436
1193	-0.84	-0.756915	0.00246328
1194	-0.84	-0.756985	0.0024622
1195	-0.76	-0.756987	0.00246014
1196	-0.76	-0.75699	0.00245808
1197	-0.76	-0.756992	0.00245603
1198	-0.76	-0.756995	0.00245398
1199	-0.84	-0.757064	0.00245291
1200	-0.84	-0.757133	0.00245183
1201	-0.6	-0.757002	0.00245328
1202	-0.84	-0.757072	0.00245221
1203	-0.84	-0.75714	0.00245114
1204	-0.84	-0.757209	0.00245007
1205	-0.76	-0.757212	0.00244804
1206	-0.84	-0.75728	0.00244697
1207	-0.84	-0.757349	0.00244591
1208	-0.76	-0.757351	0.00244388
1209	-0.76	-0.757353	0.00244186
1210	-0.84	-0.757421	0.0024408
1211	-0.76	-0.757424	0.00243878
1212	-0.76	-0.757426	0.00243677
1213	-0.68	-0.757362	0.0024356
1214	-0.76	-0.757364	0.00243359
1215	-0.76	-0.757366	0.00243159
1216	-0.68	-0.757303	0.00243042
1217	-0.68	-0.757239	0.00242925
1218	-0.76	-0.757241	0.00242726
1219	-0.68	-0.757178	0.00242609
1220	-0.68	-0.757115	0.00242493
1221	-0.68	-0.757052	0.00242377
1222	-0.6	-0.756923	0.00242519
1223	-0.44	-0.756664	0.00243702
1224	-0.6	-0.756536	0.00243839
1225	-0.68	-0.756473	0.0024372
1226	-0.68	-0.756411	0.00243601
1227	-0.68	-0.756349	0.00243482
1228	-0.68	-0.756287	0.00243363
1229	-0.76	-0.75629	0.00243165
1230	-0.76	-0.756293	0.00242968
1231	-0.76	-0.756296	0.00242771
1232	-0.84	-0.756364	0.00242669
1233	-0.84	-0.756431	0.00242566
1234	-0.84	-0.756499	0.00242464
1235	-0.76	-0.756502	0.00242268
1236	-0.76	-0.756505	0.00242072
1237	-0.76	-0.756508	0.00241877
1238	-0.76	-0.756511	0.00241681
1239	-0.84	-0.756578	0.0024158
1240	-0.84	-0.756645	0.00241479
1241	-0.84	-0.756712	0.00241378
1242	-0.84	-0.756779	0.00241277
1243	-0.92	-0.756911	0.0024144
1244	-0.92	-0.757042	0.00241602
1245	-0.84	-0.757108	0.00241499
1246	-0.84	-0.757175	0.00241397
1247	-0.92	-0.757306	0.00241557
1248	-0.92	-0.757436	0.00241715
1249	-0.92	-0.757566	0.00241872
1250	-0.84	-0.757632	0.00241768
1251	-0.84	-0.757698	0.00241664
1252	-0.92	-0.757827	0.00241819
1253	-0.92	-0.757957	0.00241972
1254	-0.84	-0.758022	0.00241868
1255	-0.84	-0.758088	0.00241763
1256	-0.76	-0.758089	0.00241571
1257	-0.92	-0.758218	0.00241722
1258	-0.92	-0.758347	0.00241872
1259	-0.92	-0.758475	0.00242021
1260	-0.92	-0.758603	0.00242168
1261	-0.92	-0.758731	0.00242314
1262	-0.92	-0.758859	0.00242459
1263	-0.92	-0.758987	0.00242603
1264	-0.92	-0.759114	0.00242745
1265	-0.92	-0.759241	0.00242886
1266	-0.84	-0.759305	0.00242778
1267	-0.52	-0.759116	0.00243321
1268	-0.6	-0.758991	0.00243452
1269	-0.6	-0.758865	0.00243583
1270	-0.68	-0.758803	0.0024347
1271	-0.76	-0.758804	0.00243279
1272	-0.76	-0.758805	0.00243087
1273	-0.76	-0.758806	0.00242896
1274	-0.68	-0.758744	0.00242784
1275	-0.68	-0.758682	0.00242672
1276	-0.68	-0.758621	0.00242561
1277	-0.84	-0.758684	0.00242454
1278	-0.84	-0.758748	0.00242348
1279	-0.76	-0.758749	0.00242159
1280	-0.76	-0.75875	0.00241969
1281	-0.84	-0.758813	0.00241864
1282	-0.76	-0.758814	0.00241675
1283	-0.76	-0.758815	0.00241486
1284	-0.76	-0.758816	0.00241298
1285	-0.6	-0.758693	0.00241427
1286	-0.68	-0.758631	0.00241317
1287	-0.68	-0.75857	0.00241207
1288	-0.68	-0.758509	0.00241096
1289	-0.6	-0.758386	0.00241223
1290	-0.68	-0.758326	0.00241112
1291	-0.68	-0.758265	0.00241002
1292	-0.68	-0.758204	0.00240892
1293	-0.68	-0.758144	0.00240781
1294	-0.68	-0.758083	0.00240671
1295	-0.68	-0.758023	0.0024056
1296	-0.76	-0.758025	0.00240375
1297	-0.76	-0.758026	0.00240189
1298	-0.76	-0.758028	0.00240004
1299	-0.6	-0.757906	0.00240128
1300	-0.68	-0.757846	0.00240018
1301	-0.68	-0.757786	0.00239908
1302	-0.6	-0.757665	0.0024003
1303	-0.76	-0.757667	0.00239846
1304	-0.68	-0.757607	0.00239736
1305	-0.76	-0.757609	0.00239552
1306	-0.76	-0.757611	0.00239368
1307	-0.68	-0.757552	0.00239259
1308	-0.68	-0.757492	0.00239149
1309	-0.68	-0.757433	0.0023904
1310	-0.68	-0.757374	0.00238931
1311	-0.84	-0.757437	0.00238831
1312	-0.84	-0.7575	0.00238732
1313	-0.76	-0.757502	0.00238551
1314	-0.68	-0.757443	0.00238442
1315	-0.68	-0.757384	0.00238333
1316	-0.68	-0.757325	0.00238225
1317	-0.68	-0.757267	0.00238116
1318	-0.6	-0.757147	0.00238234
1319	-0.68	-0.757089	0.00238126
1320	-0.76	-0.757091	0.00237945
1321	-0.76	-0.757093	0.00237765
1322	-0.68	-0.757035	0.00237657
1323	-0.68	-0.756977	0.00237548
1324	-0.76	-0.756979	0.00237369
1325	-0.76	-0.756981	0.0023719
1326	-0.76	-0.756983	0.00237011
1327	-0.76	-0.756986	0.00236832
1328	-0.76	-0.756988	0.00236654
1329	-0.76	-0.75699	0.00236476
1330	-0.76	-0.756992	0.00236298
1331	-0.76	-0.756995	0.00236121
1332	-0.76	-0.756997	0.00235944
1333	-0.68	-0.756939	0.00235837
1334	-0.68	-0.756882	0.00235731
1335	-0.76	-0.756884	0.00235555
1336	-0.76	-0.756886	0.00235378
1337	-0.76	-0.756889	0.00235202
1338	-0.76	-0.756891	0.00235027
1339	-0.76	-0.756893	0.00234851
1340	-0.6	-0.756776	0.00234968
1341	-0.68	-0.756719	0.00234862
1342	-0.84	-0.756781	0.00234769
1343	-0.84	-0.756843	0.00234676
1344	-0.76	-0.756845	0.00234502
1345	-0.76	-0.756848	0.00234327
1346	-0.76	-0.75685	0.00234153
1347	-0.6	-0.756733	0.00234269
1348	-0.6	-0.756617	0.00234384
1349	-0.6	-0.756501	0.00234497
1350	-0.76	-0.756504	0.00234324
1351	-0.68	-0.756447	0.00234219
1352	-0.84	-0.756509	0.00234127
1353	-0.92	-0.75663	0.00234266
1354	-0.76	-0.756632	0.00234093
1355	-0.76	-0.756635	0.0023392
1356	-0.84	-0.756696	0.00233828
1357	-0.84	-0.756758	0.00233737
1358	-0.92	-0.756878	0.00233874
1359	-0.92	-0.756998	0.00234009
1360	-0.92	-0.757118	0.00234144
1361	-0.84	-0.757179	0.00234051
1362	-0.84	-0.757239	0.00233958
1363	-0.84	-0.7573	0.00233866
1364	-0.84	-0.757361	0.00233773
1365	-0.68	-0.757304	0.0023367
1366	-0.84	-0.757365	0.00233577
1367	-0.92	-0.757484	0.0023371
1368	-0.92	-0.757602	0.00233841
1369	-0.92	-0.757721	0.00233971
1370	-0.92	-0.757839	0.002341
1371	-0.84	-0.757899	0.00234006
1372	-0.84	-0.757959	0.00233912
1373	-0.68	-0.757902	0.0023381
1374	-0.76	-0.757904	0.0023364
1375	-0.68	-0.757847	0.00233539
1376	-0.76	-0.757849	0.00233369
1377	-0.68	-0.757792	0.00233268
1378	-0.76	-0.757794	0.00233099
1379	-0.68	-0.757737	0.00232998
1380	-0.68	-0.757681	0.00232897
1381	-0.6	-0.757567	0.00233008
1382	-0.68	-0.757511	0.00232907
1383	-0.76	-0.757513	0.00232739
1384	-0.68	-0.757457	0.00232638
1385	-0.76	-0.757458	0.0023247
1386	-0.84	-0.757518	0.00232379
1387	-0.76	-0.75752	0.00232211
1388	-0.84	-0.757579	0.0023212
1389	-0.76	-0.757581	0.00231953
1390	-0.76	-0.757583	0.00231786
1391	-0.76	-0.757584	0.00231619
1392	-0.84	-0.757644	0.00231528
1393	-0.84	-0.757703	0.00231438
1394	-0.84	-0.757762	0.00231347
1395	-0.76	-0.757763	0.00231181
1396	-0.6	-0.75765	0.00231292
1397	-0.68	-0.757595	0.00231193
1398	-0.68	-0.757539	0.00231094
1399	-0.52	-0.75737	0.00231552
1400	-0.68	-0.757314	0.00231453
1401	-0.6	-0.757202	0.0023156
1402	-0.52	-0.757033	0.00232012
1403	-0.36	-0.75675	0.00233568
1404	-0.44	-0.756524	0.00234489
1405	-0.6	-0.756413	0.00234587
1406	-0.76	-0.756415	0.0023442
1407	-0.76	-0.756418	0.00234254
1408	-0.76	-0.75642	0.00234087
1409	-0.76	-0.756423	0.00233921
1410	-0.76	-0.756426	0.00233755
1411	-0.76	-0.756428	0.0023359
1412	-0.76	-0.756431	0.00233424
1413	-0.76	-0.756433	0.00233259
1414	-0.76	-0.756436	0.00233094
1415	-0.76	-0.756438	0.0023293
1416	-0.76	-0.756441	0.00232765
1417	-0.76	-0.756443	0.00232601
1418	-0.76	-0.756446	0.00232437
1419	-0.76	-0.756448	0.00232273
1420	-0.68	-0.756394	0.00232172
1421	-0.68	-0.756341	0.00232071
1422	-0.6	-0.756231	0.00232168
1423	-0.68	-0.756177	0.00232067
1424	-0.76	-0.75618	0.00231904
1425	-0.68	-0.756126	0.00231803
1426	-0.76	-0.756129	0.0023164
1427	-0.84	-0.756188	0.00231553
1428	-0.76	-0.75619	0.00231391
1429	-0.84	-0.756249	0.00231303
1430	-0.84	-0.756308	0.00231215
1431	-0.68	-0.756254	0.00231115
1432	-0.6	-0.756145	0.00231211
1433	-0.52	-0.75598	0.00231637
1434	-0.68	-0.755927	0.00231536
1435	-0.76	-0.75593	0.00231375
1436	-0.84	-0.755989	0.00231288
1437	-0.76	-0.755992	0.00231127
1438	-0.84	-0.75605	0.0023104
1439	-0.68	-0.755997	0.0023094
1440	-0.84	-0.756056	0.00230853
1441	-0.6	-0.755947	0.00230947
1442	-0.84	-0.756006	0.0023086
1443	-0.84	-0.756064	0.00230774
1444	-0.84	-0.756122	0.00230687
1445	-0.92	-0.756235	0.00230806
1446	-0.92	-0.756349	0.00230924
1447	-0.92	-0.756462	0.00231042
1448	-0.76	-0.756464	0.00230882
1449	-0.76	-0.756467	0.00230723
1450	-0.68	-0.756414	0.00230624
1451	-0.68	-0.756361	0.00230525
1452	-0.76	-0.756364	0.00230367
1453	-0.68	-0.756311	0.00230268
1454	-0.76	-0.756314	0.0023011
1455	-0.84	-0.756371	0.00230023
1456	-0.76	-0.756374	0.00229865
1457	-0.76	-0.756376	0.00229708
1458	-0.84	-0.756433	0.00229622
1459	-0.92	-0.756546	0.00229738
1460	-0.92	-0.756658	0.00229853
1461	-0.92	-0.756769	0.00229968
1462	-0.76	-0.756772	0.00229811
1463	-0.84	-0.756828	0.00229724
1464	-0.84	-0.756885	0.00229637
1465	-0.84	-0.756942	0.00229551
1466	-0.84	-0.756999	0.00229464
1467	-0.76	-0.757001	0.00229308
1468	-0.84	-0.757057	0.00229221
1469	-0.76	-0.757059	0.00229065
1470	-0.76	-0.757061	0.00228909
1471	-0.76	-0.757063	0.00228754
1472	-0.76	-0.757065	0.00228598
1473	-0.92	-0.757176	0.00228711
1474	-0.68	-0.757123	0.00228616
1475	-0.76	-0.757125	0.00228461
1476	-0.76	-0.757127	0.00228306
1477	-0.76	-0.757129	0.00228151
1478	-0.76	-0.757131	0.00227997
1479	-0.68	-0.757079	0.00227902
1480	-0.68	-0.757027	0.00227808
1481	-0.68	-0.756975	0.00227713
1482	-0.76	-0.756977	0.0022756
1483	-0.84	-0.757033	0.00227475
1484	-0.68	-0.756981	0.00227381
1485	-0.84	-0.757037	0.00227297
1486	-0.76	-0.757039	0.00227144
1487	-0.84	-0.757095	0.0022706
1488	-0.84	-0.757151	0.00226975
1489	-0.84	-0.757206	0.00226891
1490	-0.84	-0.757262	0.00226807
1491	-0.84	-0.757317	0.00226723
1492	-0.76	-0.757319	0.00226571
1493	-0.84	-0.757374	0.00226487
1494	-0.76	-0.757376	0.00226335
1495	-0.68	-0.757324	0.00226243
1496	-0.6	-0.757219	0.00226336
1497	-0.6	-0.757114	0.00226428
1498	-0.6	-0.757009	0.0022652
1499	-0.76	-0.757011	0.00226369
1500	-0.84	-0.757067	0.00226286
1501	-0.76	-0.757069	0.00226135
1502	-0.52	-0.756911	0.00226535
1503	-0.52	-0.756753	0.00226932
1504	-0.68	-0.756702	0.00226839
1505	-0.76	-0.756704	0.00226688
1506	-0.76	-0.756707	0.00226538
1507	-0.6	-0.756603	0.00226626
1508	-0.6	-0.756499	0.00226713
1509	-0.68	-0.756448	0.0022662
1510	-0.76	-0.75645	0.0022647
1511	-0.76	-0.756453	0.0022632
1512	-0.76	-0.756455	0.0022617
1513	-0.84	-0.75651	0.00226088
1514	-0.84	-0.756565	0.00226006
1515	-0.76	-0.756568	0.00225857
1516	-0.68	-0.756517	0.00225765
1517	-0.68	-0.756467	0.00225672
1518	-0.68	-0.756416	0.0022558
1519	-0.6	-0.756313	0.00225666
1520	-0.68	-0.756263	0.00225574
1521	-0.68	-0.756213	0.00225481
1522	-0.68	-0.756163	0.00225388
1523	-0.76	-0.756165	0.00225241
1524	-0.84	-0.75622	0.0022516
1525	-0.92	-0.756328	0.00225268
1526	-0.92	-0.756435	0.00225376
1527	-0.76	-0.756437	0.00225228
1528	-0.76	-0.75644	0.00225081
1529	-0.84	-0.756494	0.00225
1530	-0.68	-0.756444	0.00224909
1531	-0.68	-0.756395	0.00224817
1532	-0.84	-0.756449	0.00224737
1533	-0.76	-0.756451	0.0022459
1534	-0.68	-0.756402	0.00224499
1535	-0.68	-0.756352	0.00224408
1536	-0.76	-0.756354	0.00224262
1537	-0.84	-0.756409	0.00224182
1538	-0.76	-0.756411	0.00224036
1539	-0.6	-0.756309	0.00224121
1540	-0.6	-0.756208	0.00224206
1541	-0.6	-0.756106	0.00224289
1542	-0.76	-0.756109	0.00224144
1543	-0.68	-0.75606	0.00224053
1544	-0.68	-0.75601	0.00223962
1545	-0.76	-0.756013	0.00223817
1546	-0.76	-0.756016	0.00223672
1547	-0.76	-0.756018	0.00223528
1548	-0.68	-0.755969	0.00223437
1549	-0.76	-0.755972	0.00223293
1550	-0.76	-0.755974	0.00223149
1551	-0.76	-0.755977	0.00223006
1552	-0.76	-0.755979	0.00222862
1553	-0.76	-0.755982	0.00222719
1554	-0.84	-0.756036	0.00222641
1555	-0.84	-0.75609	0.00222563
1556	-0.76	-0.756093	0.0022242
1557	-0.84	-0.756146	0.00222343
1558	-0.76	-0.756149	0.002222
1559	-0.68	-0.7561	0.00222111
1560	-0.84	-0.756154	0.00222034
1561	-0.84	-0.756208	0.00221957
1562	-0.84	-0.756261	0.00221879
1563	-0.76	-0.756264	0.00221737
1564	-0.76	-0.756266	0.00221596
1565	-0.84	-0.756319	0.00221519
1566	-0.92	-0.756424	0.00221624
1567	-0.84	-0.756477	0.00221547
1568	-0.92	-0.756582	0.00221651
1569	-0.92	-0.756686	0.00221754
1570	-0.92	-0.75679	0.00221857
1571	-0.84	-0.756843	0.00221779
1572	-0.84	-0.756896	0.00221701
1573	-0.84	-0.756949	0.00221623
1574	-0.68	-0.7569	0.00221536
1575	-0.68	-0.756851	0.00221449
1576	-0.68	-0.756802	0.00221362
1577	-0.76	-0.756804	0.00221222
1578	-0.76	-0.756806	0.00221082
1579	-0.68	-0.756757	0.00220995
1580	-0.76	-0.756759	0.00220855
1581	-0.76	-0.756762	0.00220716
1582	-0.76	-0.756764	0.00220576
1583	-0.76	-0.756766	0.00220437
1584	-0.84	-0.756818	0.0022036
1585	-0.84	-0.756871	0.00220284
1586	-0.76	-0.756873	0.00220145
1587	-0.68	-0.756824	0.0022006
1588	-0.76	-0.756826	0.00219921
1589	-0.68	-0.756778	0.00219836
1590	-0.68	-0.75673	0.00219751
1591	-0.68	-0.756681	0.00219665
1592	-0.6	-0.756583	0.00219748
1593	-0.76	-0.756585	0.0021961
1594	-0.84	-0.756637	0.00219534
1595	-0.84	-0.75669	0.00219459
1596	-0.76	-0.756692	0.00219322
1597	-0.76	-0.756694	0.00219184
1598	-0.76	-0.756696	0.00219047
1599	-0.76	-0.756698	0.0021891
1600	-0.84	-0.75675	0.00218835
1601	-0.84	-0.756802	0.0021876
1602	-0.76	-0.756804	0.00218624
1603	-0.68	-0.756756	0.0021854
1604	-0.68	-0.756708	0.00218456
1605	-0.76	-0.75671	0.0021832
1606	-0.84	-0.756762	0.00218246
1607	-0.84	-0.756814	0.00218171
1608	-0.84	-0.756866	0.00218097
1609	-0.84	-0.756917	0.00218023
1610	-0.84	-0.756969	0.00217948
1611	-0.84	-0.75702	0.00217874
1612	-0.76	-0.757022	0.00217739
1613	-0.76	-0.757024	0.00217604
1614	-0.76	-0.757026	0.00217469
1615	-0.6	-0.756929	0.00217552
1616	-0.76	-0.756931	0.00217417
1617	-0.84	-0.756982	0.00217343
1618	-0.68	-0.756934	0.00217261
1619	-0.68	-0.756887	0.00217179
1620	-0.84	-0.756938	0.00217105
1621	-0.84	-0.75699	0.00217032
1622	-0.68	-0.756942	0.0021695
1623	-0.68	-0.756895	0.00216868
1624	-0.76	-0.756897	0.00216735
1625	-0.76	-0.756898	0.00216601
1626	-0.76	-0.7569	0.00216468
1627	-0.76	-0.756902	0.00216335
1628	-0.68	-0.756855	0.00216254
1629	-0.68	-0.756808	0.00216173
1630	-0.68	-0.756761	0.00216091
1631	-0.76	-0.756763	0.00215959
1632	-0.68	-0.756716	0.00215878
1633	-0.68	-0.756669	0.00215797
1634	-0.76	-0.756671	0.00215665
1635	-0.76	-0.756673	0.00215533
1636	-0.68	-0.756626	0.00215452
1637	-0.6	-0.75653	0.00215533
1638	-0.68	-0.756484	0.00215452
1639	-0.6	-0.756388	0.00215532
1640	-0.68	-0.756341	0.00215451
1641	-0.84	-0.756392	0.0021538
1642	-0.76	-0.756395	0.00215249
1643	-0.68	-0.756348	0.00215168
1644	-0.68	-0.756302	0.00215087
1645	-0.6	-0.756207	0.00215166
1646	-0.6	-0.756112	0.00215245
1647	-0.52	-0.755968	0.00215591
1648	-0.6	-0.755874	0.00215668
1649	-0.6	-0.755779	0.00215744
1650	-0.6	-0.755685	0.0021582
1651	-0.68	-0.755639	0.00215738
1652	-0.68	-0.755593	0.00215656
1653	-0.84	-0.755644	0.00215586
1654	-0.84	-0.755695	0.00215516
1655	-0.76	-0.755698	0.00215386
1656	-0.92	-0.755797	0.00215484
1657	-0.84	-0.755848	0.00215414
1658	-0.84	-0.755899	0.00215344
1659	-0.6	-0.755805	0.00215419
1660	-0.68	-0.755759	0.00215338
1661	-0.76	-0.755762	0.00215208
1662	-0.68	-0.755716	0.00215127
1663	-0.6	-0.755622	0.00215202
1664	-0.44	-0.755433	0.00215907
1665	-0.68	-0.755387	0.00215825
1666	-0.68	-0.755342	0.00215743
1667	-0.68	-0.755297	0.00215661
1668	-0.68	-0.755252	0.00215579
1669	-0.68	-0.755207	0.00215497
1670	-0.76	-0.75521	0.00215368
1671	-0.84	-0.75526	0.00215299
1672	-0.84	-0.755311	0.00215229
1673	-0.84	-0.755362	0.0021516
1674	-0.92	-0.75546	0.00215257
1675	-0.84	-0.75551	0.00215187
1676	-0.84	-0.755561	0.00215118
1677	-0.84	-0.755611	0.00215048
1678	-0.76	-0.755614	0.0021492
1679	-0.84	-0.755664	0.00214851
1680	-0.84	-0.755714	0.00214782
1681	-0.76	-0.755717	0.00214654
1682	-0.76	-0.755719	0.00214527
1683	-0.76	-0.755722	0.00214399
1684	-0.76	-0.755724	0.00214272
1685	-0.52	-0.755585	0.00214601
1686	-0.52	-0.755445	0.00214929
1687	-0.6	-0.755353	0.00214999
1688	-0.76	-0.755355	0.00214872
1689	-0.76	-0.755358	0.00214745
1690	-0.76	-0.755361	0.00214618
1691	-0.68	-0.755316	0.00214537
1692	-0.76	-0.755319	0.0021441
1693	-0.84	-0.755369	0.00214342
1694	-0.84	-0.755419	0.00214274
1695	-0.84	-0.755469	0.00214205
1696	-0.92	-0.755566	0.00214299
1697	-0.84	-0.755616	0.0021423
1698	-0.92	-0.755713	0.00214323
1699	-0.92	-0.755809	0.00214415
1700	-0.92	-0.755906	0.00214506
1701	-0.76	-0.755908	0.0021438
1702	-0.68	-0.755864	0.00214301
1703	-0.68	-0.755819	0.00214221
1704	-0.68	-0.755775	0.00214142
1705	-0.6	-0.755683	0.00214211
1706	-0.68	-0.755639	0.00214131
1707	-0.76	-0.755641	0.00214006
1708	-0.76	-0.755644	0.00213881
1709	-0.76	-0.755647	0.00213756
1710	-0.52	-0.755509	0.00214075
1711	-0.6	-0.755418	0.00214142
1712	-0.68	-0.755374	0.00214063
1713	-0.84	-0.755423	0.00213995
1714	-0.84	-0.755473	0.00213927
1715	-0.76	-0.755475	0.00213802
1716	-0.76	-0.755478	0.00213678
1717	-0.68	-0.755434	0.00213598
1718	-0.68	-0.75539	0.00213519
1719	-0.76	-0.755393	0.00213395
1720	-0.68	-0.755349	0.00213316
1721	-0.6	-0.755259	0.00213383
1722	-0.6	-0.755168	0.0021345
1723	-0.68	-0.755125	0.0021337
1724	-0.68	-0.755081	0.00213291
1725	-0.68	-0.755038	0.00213212
1726	-0.68	-0.754994	0.00213132
1727	-0.76	-0.754997	0.00213009
1728	-0.76	-0.755	0.00212886
1729	-0.76	-0.755003	0.00212763
1730	-0.76	-0.755006	0.0021264
1731	-0.68	-0.754962	0.00212562
1732	-0.68	-0.754919	0.00212483
1733	-0.68	-0.754876	0.00212404
1734	-0.68	-0.754833	0.00212326
1735	-0.68	-0.75479	0.00212247
1736	-0.6	-0.7547	0.00212312
1737	-0.76	-0.754704	0.0021219
1738	-0.84	-0.754753	0.00212125
1739	-0.84	-0.754802	0.00212059
1740	-0.84	-0.754851	0.00211994
1741	-0.84	-0.754899	0.00211929
1742	-0.76	-0.754902	0.00211807
1743	-0.84	-0.754951	0.00211742
1744	-0.76	-0.754954	0.00211621
1745	-0.76	-0.754957	0.002115
1746	-0.68	-0.754914	0.00211422
1747	-0.76	-0.754917	0.00211301
1748	-0.84	-0.754966	0.00211236
1749	-0.76	-0.754969	0.00211116
1750	-0.76	-0.754971	0.00210995
1751	-0.84	-0.75502	0.00210931
1752	-0.84	-0.755068	0.00210866
1753	-0.76	-0.755071	0.00210746
1754	-0.76	-0.755074	0.00210626
1755	-0.76	-0.755077	0.00210506
1756	-0.76	-0.75508	0.00210386
1757	-0.6	-0.754991	0.00210452
1758	-0.52	-0.754858	0.00210756
1759	-0.52	-0.754724	0.00211059
1760	-0.52	-0.754591	0.0021136
1761	-0.76	-0.754594	0.00211241
1762	-0.76	-0.754597	0.00211121
1763	-0.84	-0.754645	0.00211057
1764	-0.84	-0.754694	0.00210992
1765	-0.84	-0.754742	0.00210928
1766	-0.76	-0.754745	0.00210809
1767	-0.6	-0.754658	0.00210872
1768	-0.76	-0.754661	0.00210752
1769	-0.76	-0.754664	0.00210634
1770	-0.76	-0.754667	0.00210515
1771	-0.76	-0.75467	0.00210396
1772	-0.84	-0.754718	0.00210332
1773	-0.76	-0.754721	0.00210214
1774	-0.68	-0.754679	0.00210138
1775	-0.76	-0.754682	0.00210019
1776	-0.76	-0.754685	0.00209901
1777	-0.76	-0.754688	0.00209783
1778	-0.68	-0.754646	0.00209707
1779	-0.68	-0.754604	0.00209632
1780	-0.76	-0.754607	0.00209514
1781	-0.76	-0.75461	0.00209396
1782	-0.76	-0.754613	0.00209279
1783	-0.76	-0.754616	0.00209162
1784	-0.68	-0.754574	0.00209087
1785	-0.68	-0.754532	0.00209011
1786	-0.52	-0.754401	0.00209306
1787	-0.68	-0.754359	0.00209231
1788	-0.76	-0.754362	0.00209114
1789	-0.76	-0.754366	0.00208997
1790	-0.76	-0.754369	0.00208881
1791	-0.76	-0.754372	0.00208764
1792	-0.68	-0.75433	0.00208689
1793	-0.84	-0.754378	0.00208627
1794	-0.84	-0.754426	0.00208566
1795	-0.84	-0.754474	0.00208504
1796	-0.84	-0.754521	0.00208442
1797	-0.76	-0.754524	0.00208326
1798	-0.76	-0.754527	0.00208211
1799	-0.76	-0.75453	0.00208095
1800	-0.92	-0.754622	0.00208182
1801	-0.92	-0.754714	0.00208269
1802	-0.84	-0.754761	0.00208208
1803	-0.76	-0.754764	0.00208092
1804	-0.84	-0.754812	0.00208031
1805	-0.84	-0.754859	0.00207969
1806	-0.76	-0.754862	0.00207854
1807	-0.76	-0.754864	0.00207739
1808	-0.76	-0.754867	0.00207624
1809	-0.76	-0.75487	0.0020751
1810	-0.76	-0.754873	0.00207395
1811	-0.76	-0.754876	0.00207281
1812	-0.76	-0.754879	0.00207167
1813	-0.6	-0.754793	0.00207228
1814	-0.52	-0.754664	0.00207518
1815	-0.76	-0.754667	0.00207404
1816	-0.76	-0.75467	0.0020729
1817	-0.68	-0.754629	0.00207217
1818	-0.68	-0.754587	0.00207143
1819	-0.6	-0.754502	0.00207204
1820	-0.76	-0.754505	0.0020709
1821	-0.76	-0.754509	0.00206977
1822	-0.84	-0.754555	0.00206916
1823	-0.76	-0.754558	0.00206803
1824	-0.68	-0.754518	0.0020673
1825	-0.76	-0.754521	0.00206617
1826	-0.76	-0.754524	0.00206504
1827	-0.84	-0.75457	0.00206444
1828	-0.76	-0.754573	0.00206331
1829	-0.84	-0.75462	0.00206271
1830	-0.84	-0.754667	0.00206211
1831	-0.76	-0.75467	0.00206099
1832	-0.6	-0.754585	0.00206159
1833	-0.68	-0.754544	0.00206087
1834	-0.76	-0.754547	0.00205975
1835	-0.84	-0.754594	0.00205915
1836	-0.84	-0.754641	0.00205855
1837	-0.76	-0.754643	0.00205743
1838	-0.76	-0.754646	0.00205632
1839	-0.76	-0.754649	0.0020552
1840	-0.84	-0.754696	0.00205461
1841	-0.76	-0.754699	0.00205349
1842	-0.84	-0.754745	0.0020529
1843	-0.84	-0.754791	0.00205231
1844	-0.84	-0.754837	0.00205171
1845	-0.76	-0.75484	0.0020506
1846	-0.76	-0.754843	0.00204949
1847	-0.76	-0.754846	0.00204839
1848	-0.76	-0.754848	0.00204728
1849	-0.76	-0.754851	0.00204617
1850	-0.76	-0.754854	0.00204507
1851	-0.76	-0.754857	0.00204397
1852	-0.76	-0.75486	0.00204286
1853	-0.76	-0.754862	0.00204176
1854	-0.68	-0.754822	0.00204106
1855	-0.68	-0.754782	0.00204036
1856	-0.68	-0.754741	0.00203966
1857	-0.68	-0.754701	0.00203896
1858	-0.76	-0.754704	0.00203786
1859	-0.6	-0.754621	0.00203846
1860	-0.68	-0.754581	0.00203776
1861	-0.68	-0.754541	0.00203706
1862	-0.76	-0.754544	0.00203597
1863	-0.76	-0.754546	0.00203488
1864	-0.84	-0.754592	0.0020343
1865	-0.76	-0.754595	0.00203321
1866	-0.76	-0.754598	0.00203213
1867	-0.76	-0.754601	0.00203104
1868	-0.76	-0.754604	0.00202995
1869	-0.68	-0.754564	0.00202926
1870	-0.76	-0.754567	0.00202818
1871	-0.76	-0.75457	0.00202709
1872	-0.84	-0.754615	0.00202652
1873	-0.84	-0.754661	0.00202596
1874	-0.84	-0.754707	0.00202539
1875	-0.84	-0.754752	0.00202482
1876	-0.76	-0.754755	0.00202374
1877	-0.76	-0.754758	0.00202266
1878	-0.92	-0.754846	0.0020235
1879	-0.84	-0.754891	0.00202293
1880	-0.84	-0.754936	0.00202236
1881	-0.84	-0.754981	0.00202179
1882	-0.84	-0.755027	0.00202122
1883	-0.84	-0.755072	0.00202065
1884	-0.76	-0.755074	0.00201958
1885	-0.84	-0.755119	0.00201901
1886	-0.84	-0.755164	0.00201844
1887	-0.76	-0.755167	0.00201737
1888	-0.76	-0.755169	0.00201631
1889	-0.84	-0.755214	0.00201574
1890	-0.84	-0.755259	0.00201517
1891	-0.76	-0.755262	0.00201411
1892	-0.68	-0.755222	0.00201344
1893	-0.76	-0.755225	0.00201237
1894	-0.76	-0.755227	0.00201131
1895	-0.76	-0.75523	0.00201025
1896	-0.84	-0.755274	0.00200969
1897	-0.84	-0.755319	0.00200913
1898	-0.84	-0.755364	0.00200856
1899	-0.84	-0.755408	0.002008
1900	-0.68	-0.755368	0.00200733
1901	-0.76	-0.755371	0.00200628
1902	-0.76	-0.755373	0.00200523
1903	-0.68	-0.755334	0.00200456
1904	-0.76	-0.755336	0.00200351
1905	-0.76	-0.755339	0.00200246
1906	-0.84	-0.755383	0.0020019
1907	-0.84	-0.755427	0.00200134
1908	-0.84	-0.755472	0.00200079
1909	-0.76	-0.755474	0.00199974
1910	-0.76	-0.755476	0.00199869
1911	-0.68	-0.755437	0.00199804
1912	-0.76	-0.755439	0.00199699
1913	-0.76	-0.755442	0.00199595
1914	-0.84	-0.755486	0.0019954
1915	-0.84	-0.75553	0.00199484
1916	-0.84	-0.755574	0.00199429
1917	-0.84	-0.755618	0.00199374
1918	-0.76	-0.75562	0.0019927
1919	-0.68	-0.755581	0.00199205
1920	-0.76	-0.755583	0.00199101
1921	-0.92	-0.755669	0.00199181
1922	-0.92	-0.755754	0.00199261
1923	-0.92	-0.75584	0.00199341
1924	-0.92	-0.755925	0.0019942
1925	-0.92	-0.75601	0.00199498
1926	-0.92	-0.756096	0.00199576
1927	-0.92	-0.756181	0.00199654
1928	-0.84	-0.756224	0.00199598
1929	-0.76	-0.756226	0.00199494
1930	-0.68	-0.756187	0.0019943
1931	-0.6	-0.756106	0.00199491
1932	-0.76	-0.756108	0.00199388
1933	-0.76	-0.75611	0.00199285
1934	-0.76	-0.756112	0.00199182
1935	-0.68	-0.756072	0.00199118
1936	-0.68	-0.756033	0.00199053
1937	-0.68	-0.755994	0.00198989
1938	-0.6	-0.755913	0.00199049
1939	-0.68	-0.755874	0.00198985
1940	-0.68	-0.755835	0.00198921
1941	-0.68	-0.755796	0.00198857
1942	-0.68	-0.755757	0.00198793
1943	-0.76	-0.755759	0.00198691
1944	-0.68	-0.75572	0.00198627
1945	-0.68	-0.755681	0.00198563
1946	-0.76	-0.755683	0.00198461
1947	-0.84	-0.755727	0.00198406
1948	-0.76	-0.755729	0.00198304
1949	-0.68	-0.75569	0.00198241
1950	-0.76	-0.755692	0.00198139
1951	-0.68	-0.755654	0.00198075
1952	-0.76	-0.755656	0.00197974
1953	-0.76	-0.755658	0.00197873
1954	-0.68	-0.755619	0.00197809
1955	-0.68	-0.755581	0.00197746
1956	-0.68	-0.755542	0.00197683
1957	-0.52	-0.755422	0.00197948
1958	-0.6	-0.755342	0.00198006
1959	-0.76	-0.755345	0.00197905
1960	-0.76	-0.755347	0.00197804
1961	-0.68	-0.755309	0.00197741
1962	-0.6	-0.755229	0.00197798
1963	-0.68	-0.755191	0.00197735
1964	-1	-0.755316	0.00198027
1965	-1	-0.75544	0.00198317
1966	-0.92	-0.755524	0.00198393
1967	-0.92	-0.755608	0.00198468
1968	-0.84	-0.75565	0.00198414
1969	-0.92	-0.755734	0.00198488
1970	-0.84	-0.755777	0.00198434
1971	-0.76	-0.755779	0.00198333
1972	-0.84	-0.755822	0.00198279
1973	-0.84	-0.755864	0.00198224
1974	-0.76	-0.755866	0.00198124
1975	-0.76	-0.755868	0.00198023
1976	-0.76	-0.75587	0.00197923
1977	-0.84	-0.755913	0.00197869
1978	-0.76	-0.755915	0.00197769
1979	-0.68	-0.755877	0.00197706
1980	-0.84	-0.755919	0.00197652
1981	-0.84	-0.755962	0.00197598
1982	-0.76	-0.755964	0.00197498
1983	-0.84	-0.756006	0.00197444
1984	-0.84	-0.756048	0.0019739
1985	-0.84	-0.756091	0.00197336
1986	-0.84	-0.756133	0.00197282
1987	-0.76	-0.756135	0.00197182
1988	-0.84	-0.756177	0.00197128
1989	-0.68	-0.756139	0.00197066
1990	-0.68	-0.756101	0.00197005
1991	-0.68	-0.756062	0.00196943
1992	-0.68	-0.756024	0.00196881
1993	-0.68	-0.755986	0.00196819
1994	-0.68	-0.755948	0.00196757
1995	-0.84	-0.75599	0.00196704
1996	-0.68	-0.755952	0.00196642
1997	-0.84	-0.755994	0.00196588
1998	-0.84	-0.756036	0.00196535
1999	-0.84	-0.756078	0.00196482
2000	-0.84	-0.75612	0.00196428
