1	-0.92	-0.92	0
2	-0.76	-0.84	0.08
3	-0.68	-0.786667	0.0705534
4	-0.52	-0.72	0.0832666
5	-0.6	-0.696	0.0688186
6	-0.68	-0.693333	0.0562534
7	-0.6	-0.68	0.0493771
8	-0.44	-0.65	0.0522357
9	-0.52	-0.635556	0.048279
10	-0.6	-0.632	0.0433282
11	-0.6	-0.629091	0.0392997
12	-0.68	-0.633333	0.0361255
13	-0.68	-0.636923	0.0334239
14	-0.6	-0.634286	0.0310567
15	-0.44	-0.621333	0.0316809
16	-0.52	-0.615	0.030304
17	-0.6	-0.614118	0.0284793
18	-0.6	-0.613333	0.026862
19	-0.6	-0.612632	0.0254186
20	-0.6	-0.612	0.0241225
21	-0.6	-0.611429	0.0229522
22	-0.52	-0.607273	0.0222752
23	-0.6	-0.606957	0.021287
24	-0.68	-0.61	0.0206067
25	-0.6	-0.6096	0.0197693
26	-0.84	-0.618462	0.0209592
27	-0.76	-0.623704	0.0208382
28	-0.52	-0.62	0.0204189
29	-0.36	-0.611034	0.0216462
30	-0.44	-0.605333	0.0216754
31	-0.76	-0.610323	0.0215501
32	-0.84	-0.6175	0.0220657
33	-0.76	-0.621818	0.0218182
34	-0.6	-0.621176	0.0211765
35	-0.68	-0.622857	0.0206311
36	-0.68	-0.624444	0.0201126
37	-0.52	-0.621622	0.019764
38	-0.6	-0.621053	0.0192453
39	-0.68	-0.622564	0.0188062
40	-0.76	-0.626	0.0186493
41	-0.6	-0.625366	0.0181998
42	-0.52	-0.622857	0.0179375
43	-0.6	-0.622326	0.0175234
44	-0.6	-0.621818	0.017128
45	-0.76	-0.624889	0.0170223
46	-0.6	-0.624348	0.016657
47	-0.68	-0.625532	0.0163417
48	-0.68	-0.626667	0.0160378
49	-0.68	-0.627755	0.0157447
50	-0.6	-0.6272	0.0154366
51	-0.44	-0.623529	0.0155698
52	-0.36	-0.618462	0.0160866
53	-0.36	-0.613585	0.0165165
54	-0.52	-0.611852	0.0163001
55	-0.36	-0.607273	0.0166433
56	-0.52	-0.605714	0.0164176
57	-0.44	-0.602807	0.0163869
58	-0.68	-0.604138	0.0161568
59	-0.44	-0.601356	0.0161224
60	-0.6	-0.601333	0.0158515
61	-0.44	-0.598689	0.0158122
62	-0.52	-0.597419	0.0156068
63	-0.68	-0.59873	0.0154129
64	-0.68	-0.6	0.0152232
65	-0.68	-0.601231	0.0150376
66	-0.6	-0.601212	0.014808
67	-0.76	-0.603582	0.0147766
68	-0.76	-0.605882	0.0147383
69	-0.6	-0.605797	0.0145234
70	-0.6	-0.605714	0.0143147
71	-0.68	-0.606761	0.0141503
72	-0.68	-0.607778	0.0139895
73	-0.76	-0.609863	0.0139532
74	-0.6	-0.60973	0.013764
75	-0.68	-0.610667	0.0136115
76	-0.68	-0.611579	0.0134622
77	-0.68	-0.612468	0.0133159
78	-0.6	-0.612308	0.013145
79	-0.6	-0.612152	0.0129785
80	-0.6	-0.612	0.0128161
81	-0.68	-0.61284	0.0126847
82	-0.52	-0.611707	0.0125801
83	-0.6	-0.611566	0.0124284
84	-0.68	-0.612381	0.0123066
85	-0.76	-0.614118	0.0122843
86	-0.92	-0.617674	0.0126509
87	-0.76	-0.61931	0.0126112
88	-0.68	-0.62	0.0124861
89	-0.68	-0.620674	0.0123635
90	-0.52	-0.619556	0.0122764
91	-0.36	-0.616703	0.0124713
92	-0.44	-0.614783	0.0124836
93	-0.52	-0.613763	0.0123906
94	-0.76	-0.615319	0.0123564
95	-0.68	-0.616	0.0122446
96	-0.76	-0.6175	0.0122089
97	-0.52	-0.616495	0.0121241
98	-0.68	-0.617143	0.0120172
99	-0.6	-0.61697	0.0118965
100	-0.52	-0.616	0.0118168
101	-0.6	-0.615842	0.0117003
102	-0.44	-0.614118	0.0117126
103	-0.44	-0.612427	0.0117208
104	-0.28	-0.609231	0.0120397
105	-0.6	-0.609143	0.0119248
106	-0.68	-0.609811	0.0118306
107	-0.6	-0.60972	0.0117199
108	-0.52	-0.608889	0.0116406
109	-0.6	-0.608807	0.0115336
110	-0.36	-0.606545	0.0116499
111	-0.52	-0.605766	0.0115708
112	-0.44	-0.604286	0.0115621
113	-0.52	-0.60354	0.0114836
114	-0.6	-0.603509	0.0113825
115	-0.68	-0.604174	0.0113026
116	-0.52	-0.603448	0.0112282
117	-0.6	-0.603419	0.0111319
118	-0.52	-0.602712	0.0110598
119	-0.6	-0.602689	0.0109665
120	-0.52	-0.602	0.0108965
121	-0.6	-0.601983	0.0108061
122	-0.36	-0.6	0.0108992
123	-0.6	-0.6	0.0108102
124	-0.52	-0.599355	0.010742
125	-0.52	-0.59872	0.0106746
126	-0.6	-0.59873	0.0105896
127	-0.44	-0.59748	0.01058
128	-0.68	-0.598125	0.0105168
129	-0.68	-0.59876	0.0104542
130	-0.68	-0.599385	0.0103923
131	-0.68	-0.6	0.010331
132	-0.6	-0.6	0.0102524
133	-0.44	-0.598797	0.0102459
134	-0.52	-0.598209	0.0101862
135	-0.76	-0.599407	0.0101812
136	-0.84	-0.601176	0.0102597
137	-0.76	-0.602336	0.0102503
138	-0.68	-0.602899	0.0101913
139	-0.6	-0.602878	0.0101178
140	-0.6	-0.602857	0.0100453
141	-0.68	-0.603404	0.00998876
142	-0.84	-0.60507	0.0100571
143	-0.84	-0.606713	0.0101208
144	-0.6	-0.606667	0.0100504
145	-0.6	-0.606621	0.00998093
146	-0.68	-0.607123	0.00992507
147	-0.44	-0.605986	0.00992266
148	-0.6	-0.605946	0.00985547
149	-0.6	-0.605906	0.00978919
150	-0.68	-0.6064	0.00973624
151	-0.6	-0.606358	0.00967164
152	-0.6	-0.606316	0.00960789
153	-0.68	-0.606797	0.00955703
154	-0.68	-0.607273	0.00950666
155	-0.68	-0.607742	0.00945678
156	-0.68	-0.608205	0.00940737
157	-0.6	-0.608153	0.00934741
158	-0.6	-0.608101	0.0092882
159	-0.76	-0.609057	0.00927891
160	-0.76	-0.61	0.00926887
161	-0.68	-0.610435	0.00922137
162	-0.68	-0.610864	0.00917433
163	-0.6	-0.610798	0.00911812
164	-0.6	-0.610732	0.00906259
165	-0.76	-0.611636	0.00905281
166	-0.76	-0.61253	0.00904239
167	-0.68	-0.612934	0.00899715
168	-0.52	-0.612381	0.00896053
169	-0.6	-0.612308	0.00890765
170	-0.6	-0.612235	0.0088554
171	-0.6	-0.612164	0.00880375
172	-0.6	-0.612093	0.0087527
173	-0.68	-0.612486	0.00871081
174	-0.6	-0.612414	0.0086609
175	-0.36	-0.610971	0.00873123
176	-0.52	-0.610455	0.00869685
177	-0.52	-0.609944	0.00866266
178	-0.6	-0.609888	0.00861404
179	-0.6	-0.609832	0.00856596
180	-0.6	-0.609778	0.00851841
181	-0.6	-0.609724	0.00847139
182	-0.76	-0.610549	0.00846508
183	-0.6	-0.610492	0.00841889
184	-0.6	-0.610435	0.00837321
185	-0.68	-0.610811	0.00833631
186	-0.76	-0.611613	0.00833008
187	-0.68	-0.611979	0.00829348
188	-0.68	-0.61234	0.00825718
189	-0.36	-0.611005	0.00832118
190	-0.6	-0.610947	0.00827747
191	-0.44	-0.610052	0.00828252
192	-0.52	-0.609583	0.00825261
193	-0.52	-0.609119	0.00822285
194	-0.44	-0.608247	0.00822667
195	-0.28	-0.606564	0.00835569
196	-0.36	-0.605306	0.00840759
197	-0.52	-0.604873	0.00837601
198	-0.52	-0.604444	0.00834461
199	-0.52	-0.60402	0.00831341
200	-0.6	-0.604	0.00827177
201	-0.68	-0.604378	0.00823919
202	-0.52	-0.60396	0.00820894
203	-0.6	-0.603941	0.00816842
204	-0.52	-0.603529	0.00813869
205	-0.68	-0.603902	0.00810748
206	-0.68	-0.604272	0.00807648
207	-0.68	-0.604638	0.00804569
208	-0.76	-0.605385	0.00804168
209	-0.68	-0.605742	0.00801107
210	-0.52	-0.605333	0.00798327
211	-0.36	-0.604171	0.00802997
212	-0.52	-0.603774	0.00800186
213	-0.68	-0.604131	0.00797224
214	-0.52	-0.603738	0.00794463
215	-0.6	-0.603721	0.00790762
216	-0.44	-0.602963	0.00790733
217	-0.6	-0.602949	0.00787082
218	-0.52	-0.602569	0.00784387
219	-0.6	-0.602557	0.00780798
220	-0.6	-0.602545	0.00777241
221	-0.44	-0.60181	0.00777205
222	-0.68	-0.602162	0.00774497
223	-0.68	-0.602511	0.00771806
224	-0.52	-0.602143	0.00769235
225	-0.6	-0.602133	0.00765809
226	-0.52	-0.60177	0.00763279
227	-0.68	-0.602115	0.0076069
228	-0.68	-0.602456	0.00758116
229	-0.68	-0.602795	0.00755557
230	-0.76	-0.603478	0.00755364
231	-0.76	-0.604156	0.00755133
232	-0.6	-0.604138	0.00751873
233	-0.68	-0.604464	0.00749347
234	-0.76	-0.605128	0.00749093
235	-0.76	-0.605787	0.00748804
236	-0.6	-0.605763	0.00745628
237	-0.44	-0.605063	0.00745763
238	-0.44	-0.60437	0.00745854
239	-0.52	-0.604017	0.00743565
240	-0.52	-0.603667	0.00741288
241	-0.36	-0.602656	0.00745097
242	-0.6	-0.602645	0.00742012
243	-0.52	-0.602305	0.00739735
244	-0.6	-0.602295	0.00736698
245	-0.44	-0.601633	0.00736669
246	-0.44	-0.600976	0.00736604
247	-0.52	-0.600648	0.00734348
248	-0.52	-0.600323	0.00732104
249	-0.52	-0.6	0.00729871
250	-0.44	-0.59936	0.00729757
251	-0.52	-0.599044	0.00727531
252	-0.52	-0.59873	0.00725317
253	-0.52	-0.598419	0.00723115
254	-0.36	-0.59748	0.00726353
255	-0.6	-0.59749	0.00723499
256	-0.6	-0.5975	0.00720668
257	-0.6	-0.59751	0.00717859
258	-0.52	-0.597209	0.00715702
259	-0.52	-0.596911	0.00713557
260	-0.52	-0.596615	0.00711422
261	-0.6	-0.596628	0.00708692
262	-0.6	-0.596641	0.00705983
263	-0.52	-0.59635	0.00703897
264	-0.68	-0.596667	0.00701942
265	-0.6	-0.596679	0.00699289
266	-0.68	-0.596992	0.00697359
267	-0.6	-0.597004	0.00694743
268	-0.76	-0.597612	0.00694813
269	-0.68	-0.597918	0.00692902
270	-0.52	-0.59763	0.00690934
271	-0.68	-0.597934	0.00689051
272	-0.44	-0.597353	0.00688964
273	-0.68	-0.597656	0.00687103
274	-0.36	-0.596788	0.00690063
275	-0.52	-0.596509	0.00688116
276	-0.52	-0.596232	0.00686178
277	-0.76	-0.596823	0.00686248
278	-0.6	-0.596835	0.00683776
279	-0.52	-0.596559	0.00681877
280	-0.52	-0.596286	0.00679988
281	-0.6	-0.596299	0.00677565
282	-0.6	-0.596312	0.00675159
283	-0.6	-0.596325	0.0067277
284	-0.6	-0.596338	0.00670398
285	-0.76	-0.596912	0.00670506
286	-0.76	-0.597483	0.00670586
287	-0.6	-0.597491	0.00668246
288	-0.68	-0.597778	0.00666538
289	-0.6	-0.597785	0.00664228
290	-0.52	-0.597517	0.00662477
291	-0.6	-0.597526	0.00660197
292	-0.68	-0.597808	0.00658538
293	-0.52	-0.597543	0.00656823
294	-0.52	-0.597279	0.00655117
295	-0.52	-0.597017	0.00653417
296	-0.68	-0.597297	0.00651809
297	-0.6	-0.597306	0.00649612
298	-0.6	-0.597315	0.00647429
299	-0.52	-0.597057	0.00645778
300	-0.76	-0.5976	0.00645909
301	-0.68	-0.597874	0.00644342
302	-0.68	-0.598146	0.0064278
303	-0.6	-0.598152	0.00640655
304	-0.68	-0.598421	0.00639112
305	-0.68	-0.598689	0.00637574
306	-0.76	-0.599216	0.0063767
307	-0.6	-0.599218	0.00635589
308	-0.44	-0.598701	0.00635628
309	-0.6	-0.598706	0.00633568
310	-0.68	-0.598968	0.00632065
311	-0.68	-0.599228	0.00630568
312	-0.44	-0.598718	0.00630612
313	-0.44	-0.598211	0.00630636
314	-0.28	-0.597197	0.00636741
315	-0.28	-0.59619	0.00642654
316	-0.6	-0.596203	0.00640619
317	-0.6	-0.596215	0.00638596
318	-0.68	-0.596478	0.00637129
319	-0.68	-0.59674	0.00635668
320	-0.52	-0.5965	0.00634132
321	-0.52	-0.596262	0.00632603
322	-0.44	-0.595776	0.006325
323	-0.6	-0.595789	0.0063054
324	-0.6	-0.595802	0.00628592
325	-0.6	-0.595815	0.00626656
326	-0.52	-0.595583	0.00625164
327	-0.68	-0.595841	0.00623783
328	-0.68	-0.596098	0.00622408
329	-0.68	-0.596353	0.00621037
330	-0.52	-0.596121	0.00619584
331	-0.6	-0.596133	0.00617711
332	-0.92	-0.597108	0.00623525
333	-0.84	-0.597838	0.00625915
334	-0.84	-0.598563	0.00628236
335	-0.76	-0.599045	0.00628209
336	-0.68	-0.599286	0.00626799
337	-0.52	-0.59905	0.00625379
338	-0.52	-0.598817	0.00623965
339	-0.6	-0.59882	0.00622122
340	-0.68	-0.599059	0.00620749
341	-0.68	-0.599296	0.0061938
342	-0.6	-0.599298	0.00617567
343	-0.52	-0.599067	0.00616198
344	-0.52	-0.598837	0.00614833
345	-0.6	-0.598841	0.00613049
346	-0.6	-0.598844	0.00611274
347	-0.44	-0.598386	0.00611227
348	-0.76	-0.598851	0.00611235
349	-0.52	-0.598625	0.00609899
350	-0.6	-0.598629	0.00608155
351	-0.44	-0.598177	0.00608101
352	-0.52	-0.597955	0.00606778
353	-0.52	-0.597734	0.00605459
354	-0.6	-0.59774	0.00603747
355	-0.76	-0.598197	0.00603776
356	-0.52	-0.597978	0.00602478
357	-0.52	-0.597759	0.00601185
358	-0.28	-0.596872	0.00606039
359	-0.36	-0.596212	0.00607939
360	-0.6	-0.596222	0.00606249
361	-0.52	-0.596011	0.00604936
362	-0.28	-0.595138	0.00609546
363	-0.52	-0.594931	0.00608217
364	-0.6	-0.594945	0.00606545
365	-0.6	-0.594959	0.00604883
366	-0.6	-0.594973	0.00603229
367	-0.6	-0.594986	0.00601585
368	-0.6	-0.595	0.0059995
369	-0.6	-0.595014	0.00598323
370	-0.36	-0.594378	0.00600075
371	-0.28	-0.593531	0.00604425
372	-0.36	-0.592903	0.00606058
373	-0.6	-0.592922	0.00604434
374	-0.76	-0.593369	0.00604469
375	-0.6	-0.593387	0.00602857
376	-0.6	-0.593404	0.00601254
377	-0.52	-0.59321	0.00599973
378	-0.52	-0.593016	0.00598697
379	-0.36	-0.592401	0.00600272
380	-0.6	-0.592421	0.00598694
381	-0.44	-0.592021	0.00598459
382	-0.68	-0.592251	0.00597335
383	-0.76	-0.592689	0.00597381
384	-0.68	-0.592917	0.00596257
385	-0.44	-0.592519	0.00596031
386	-0.52	-0.592332	0.00594781
387	-0.6	-0.592351	0.00593246
388	-0.68	-0.592577	0.00592146
389	-0.52	-0.592391	0.00590916
390	-0.6	-0.59241	0.00589403
391	-0.52	-0.592225	0.00588185
392	-0.44	-0.591837	0.00587966
393	-0.52	-0.591654	0.00586753
394	-0.28	-0.590863	0.00590583
395	-0.6	-0.590886	0.0058909
396	-0.36	-0.590303	0.00590487
397	-0.28	-0.589521	0.00594161
398	-0.52	-0.589347	0.00592923
399	-0.6	-0.589373	0.00591442
400	-0.6	-0.5894	0.00589967
401	-0.6	-0.589426	0.005885
402	-0.52	-0.589254	0.00587288
403	-0.6	-0.58928	0.00585835
404	-0.36	-0.588713	0.00587133
405	-0.52	-0.588543	0.00585927
406	-0.6	-0.588571	0.00584489
407	-0.52	-0.588403	0.00583294
408	-0.52	-0.588235	0.00582104
409	-0.76	-0.588655	0.00582196
410	-0.84	-0.589268	0.00584001
411	-0.76	-0.589684	0.00584057
412	-0.68	-0.589903	0.0058305
413	-0.68	-0.590121	0.00582046
414	-0.76	-0.590531	0.00582086
415	-0.68	-0.590747	0.00581082
416	-0.68	-0.590962	0.0058008
417	-0.6	-0.590983	0.00578691
418	-0.76	-0.591388	0.0057872
419	-0.6	-0.591408	0.00577341
420	-0.44	-0.591048	0.00577091
421	-0.28	-0.590309	0.0058044
422	-0.44	-0.589953	0.00580158
423	-0.44	-0.589598	0.00579869
424	-0.44	-0.589245	0.00579575
425	-0.52	-0.589082	0.00578439
426	-0.76	-0.589484	0.00578473
427	-0.68	-0.589696	0.00577505
428	-0.76	-0.590093	0.00577527
429	-0.76	-0.59049	0.00577539
430	-0.44	-0.59014	0.00577256
431	-0.44	-0.589791	0.00576968
432	-0.52	-0.58963	0.00575857
433	-0.52	-0.589469	0.00574751
434	-0.6	-0.589493	0.0057343
435	-0.52	-0.589333	0.00572333
436	-0.36	-0.588807	0.00573437
437	-0.52	-0.58865	0.00572339
438	-0.44	-0.588311	0.00572039
439	-0.36	-0.58779	0.00573099
440	-0.68	-0.588	0.00572179
441	-0.6	-0.588027	0.00570886
442	-0.44	-0.587692	0.00570577
443	-0.44	-0.587359	0.00570263
444	-0.76	-0.587748	0.00570304
445	-0.68	-0.587955	0.00569399
446	-0.68	-0.588161	0.00568495
447	-0.6	-0.588188	0.00567228
448	-0.52	-0.588036	0.00566165
449	-0.68	-0.588241	0.00565274
450	-0.44	-0.587911	0.00564978
451	-0.6	-0.587938	0.0056373
452	-0.44	-0.587611	0.00563433
453	-0.6	-0.587638	0.00562195
454	-0.6	-0.587665	0.00560961
455	-0.6	-0.587692	0.00559734
456	-0.52	-0.587544	0.00558702
457	-0.52	-0.587396	0.00557674
458	-0.6	-0.587424	0.00556462
459	-0.44	-0.587102	0.00556177
460	-0.52	-0.586957	0.00555158
461	-0.76	-0.587332	0.00555223
462	-0.76	-0.587706	0.00555279
463	-0.36	-0.587214	0.00556256
464	-0.44	-0.586897	0.00555962
465	-0.6	-0.586925	0.00554773
466	-0.44	-0.586609	0.00554478
467	-0.52	-0.586467	0.00553473
468	-0.2	-0.585641	0.00558429
469	-0.44	-0.58533	0.00558101
470	-0.6	-0.585362	0.00556921
471	-0.68	-0.585563	0.00556101
472	-0.84	-0.586102	0.00557534
473	-0.68	-0.5863	0.00556708
474	-0.68	-0.586498	0.00555883
475	-0.6	-0.586526	0.00554719
476	-0.84	-0.587059	0.00556108
477	-0.6	-0.587086	0.00554948
478	-0.52	-0.586946	0.00553963
479	-0.52	-0.586806	0.00552982
480	-0.68	-0.587	0.0055217
481	-0.6	-0.587027	0.00551028
482	-0.44	-0.586722	0.00550729
483	-0.44	-0.586418	0.00550426
484	-0.6	-0.586446	0.00549295
485	-0.6	-0.586474	0.00548168
486	-0.84	-0.586996	0.00549521
487	-0.68	-0.587187	0.00548724
488	-0.68	-0.587377	0.00547929
489	-0.52	-0.587239	0.0054698
490	-0.52	-0.587102	0.00546035
491	-0.52	-0.586965	0.00545094
492	-0.52	-0.586829	0.00544155
493	-0.44	-0.586531	0.00543866
494	-0.52	-0.586397	0.00542931
495	-0.68	-0.586586	0.00542163
496	-0.6	-0.586613	0.00541075
497	-0.52	-0.586479	0.00540152
498	-0.44	-0.586185	0.00539868
499	-0.36	-0.585731	0.00540688
500	-0.6	-0.58576	0.00539614
501	-0.6	-0.585788	0.00538543
502	-0.52	-0.585657	0.00537629
503	-0.68	-0.585845	0.00536887
504	-0.68	-0.586032	0.00536146
505	-0.6	-0.586059	0.0053509
506	-0.52	-0.585929	0.00534191
507	-0.6	-0.585957	0.00533144
508	-0.52	-0.585827	0.00532252
509	-0.6	-0.585855	0.00531212
510	-0.52	-0.585725	0.00530327
511	-0.6	-0.585753	0.00529295
512	-0.6	-0.585781	0.00528268
513	-0.52	-0.585653	0.00527393
514	-0.44	-0.58537	0.00527128
515	-0.44	-0.585087	0.0052686
516	-0.68	-0.585271	0.0052616
517	-0.6	-0.5853	0.00525149
518	-0.52	-0.585174	0.00524286
519	-0.6	-0.585202	0.00523282
520	-0.52	-0.585077	0.00522426
521	-0.52	-0.584952	0.00521572
522	-0.52	-0.584828	0.0052072
523	-0.52	-0.584704	0.00519871
524	-0.68	-0.584885	0.00519197
525	-0.52	-0.584762	0.00518354
526	-0.44	-0.584487	0.00518099
527	-0.44	-0.584213	0.00517842
528	-0.52	-0.584091	0.00517003
529	-0.6	-0.584121	0.00516034
530	-0.6	-0.584151	0.00515068
531	-0.52	-0.58403	0.00514239
532	-0.44	-0.583759	0.00513985
533	-0.68	-0.58394	0.00513337
534	-0.44	-0.58367	0.00513083
535	-0.52	-0.583551	0.00512262
536	-0.44	-0.583284	0.00512006
537	-0.68	-0.583464	0.00511369
538	-0.6	-0.583494	0.00510427
539	-0.52	-0.583377	0.00509615
540	-0.6	-0.583407	0.0050868
541	-0.52	-0.58329	0.00507874
542	-0.6	-0.583321	0.00506946
543	-0.52	-0.583204	0.00506145
544	-0.52	-0.583088	0.00505348
545	-0.36	-0.582679	0.00506078
546	-0.44	-0.582418	0.00505825
547	-0.44	-0.582157	0.00505571
548	-0.52	-0.582044	0.00504775
549	-0.68	-0.582222	0.0050417
550	-0.68	-0.5824	0.00503567
551	-0.68	-0.582577	0.00502964
552	-0.52	-0.582464	0.0050218
553	-0.68	-0.58264	0.00501581
554	-0.52	-0.582527	0.00500803
555	-0.52	-0.582414	0.00500026
556	-0.6	-0.582446	0.00499136
557	-0.6	-0.582478	0.00498249
558	-0.68	-0.582652	0.00497663
559	-0.76	-0.58297	0.00497784
560	-0.68	-0.583143	0.00497196
561	-0.76	-0.583458	0.00497309
562	-0.52	-0.583345	0.00496552
563	-0.68	-0.583517	0.00495966
564	-0.76	-0.58383	0.00496074
565	-0.76	-0.584142	0.00496176
566	-0.6	-0.58417	0.00495306
567	-0.52	-0.584056	0.00494562
568	-0.68	-0.584225	0.00493979
569	-0.6	-0.584253	0.00493118
570	-0.52	-0.58414	0.00492381
571	-0.68	-0.584308	0.00491805
572	-0.6	-0.584336	0.00490952
573	-0.6	-0.584363	0.00490102
574	-0.6	-0.58439	0.00489255
575	-0.68	-0.584557	0.00488686
576	-0.68	-0.584722	0.00488118
577	-0.52	-0.58461	0.00487401
578	-0.76	-0.584913	0.00487502
579	-0.6	-0.58494	0.00486666
580	-0.6	-0.584966	0.00485833
581	-0.68	-0.585129	0.00485272
582	-0.6	-0.585155	0.00484445
583	-0.6	-0.58518	0.0048362
584	-0.6	-0.585205	0.00482797
585	-0.36	-0.584821	0.00483506
586	-0.44	-0.584573	0.00483313
587	-0.52	-0.584463	0.00482614
588	-0.68	-0.584626	0.00482067
589	-0.52	-0.584516	0.00481372
590	-0.6	-0.584542	0.00480563
591	-0.44	-0.584298	0.00480372
592	-0.52	-0.584189	0.00479683
593	-0.52	-0.584081	0.00478996
594	-0.6	-0.584108	0.00478196
595	-0.6	-0.584134	0.00477399
596	-0.44	-0.583893	0.00477211
597	-0.52	-0.583786	0.00476531
598	-0.76	-0.58408	0.00476645
599	-0.6	-0.584107	0.00475856
600	-0.68	-0.584267	0.00475331
601	-0.6	-0.584293	0.00474547
602	-0.52	-0.584186	0.00473878
603	-0.52	-0.58408	0.00473212
604	-0.76	-0.584371	0.00473324
605	-0.6	-0.584397	0.00472549
606	-0.44	-0.584158	0.00472369
607	-0.6	-0.584185	0.00471598
608	-0.68	-0.584342	0.00471085
609	-0.76	-0.584631	0.00471195
610	-0.6	-0.584656	0.00470428
611	-0.68	-0.584812	0.00469917
612	-0.68	-0.584967	0.00469406
613	-0.52	-0.584861	0.0046876
614	-0.68	-0.585016	0.00468252
615	-0.52	-0.584911	0.0046761
616	-0.52	-0.584805	0.00466969
617	-0.44	-0.584571	0.00466802
618	-0.52	-0.584466	0.00466163
619	-0.6	-0.584491	0.00465416
620	-0.52	-0.584387	0.00464781
621	-0.6	-0.584412	0.00464039
622	-0.52	-0.584309	0.00463408
623	-0.52	-0.584205	0.00462779
624	-0.44	-0.583974	0.00462614
625	-0.52	-0.583872	0.00461987
626	-0.52	-0.58377	0.00461361
627	-0.44	-0.583541	0.00461195
628	-0.52	-0.583439	0.00460571
629	-0.52	-0.583339	0.00459949
630	-0.68	-0.583492	0.00459474
631	-0.68	-0.583645	0.00459
632	-0.6	-0.583671	0.00458281
633	-0.52	-0.58357	0.00457667
634	-0.52	-0.58347	0.00457054
635	-0.52	-0.58337	0.00456444
636	-0.36	-0.583019	0.00457077
637	-0.28	-0.582543	0.00458831
638	-0.36	-0.582194	0.00459437
639	-0.6	-0.582222	0.00458726
640	-0.52	-0.582125	0.00458112
641	-0.6	-0.582153	0.00457405
642	-0.6	-0.582181	0.00456701
643	-0.44	-0.58196	0.00456526
644	-0.68	-0.582112	0.00456071
645	-0.76	-0.582388	0.00456197
646	-0.76	-0.582663	0.0045632
647	-0.52	-0.582566	0.00455717
648	-0.6	-0.582593	0.00455021
649	-0.6	-0.582619	0.00454327
650	-0.36	-0.582277	0.00454919
651	-0.44	-0.582058	0.00454745
652	-0.52	-0.581963	0.00454147
653	-0.36	-0.581623	0.00454723
654	-0.44	-0.581407	0.00454543
655	-0.6	-0.581435	0.00453858
656	-0.6	-0.581463	0.00453174
657	-0.68	-0.581613	0.00452732
658	-0.44	-0.581398	0.00452556
659	-0.52	-0.581305	0.00451964
660	-0.6	-0.581333	0.00451288
661	-0.52	-0.581241	0.004507
662	-0.52	-0.581148	0.00450114
663	-0.68	-0.581297	0.00449682
664	-0.6	-0.581325	0.00449013
665	-0.6	-0.581353	0.00448346
666	-0.52	-0.581261	0.00447767
667	-0.6	-0.581289	0.00447104
668	-0.68	-0.581437	0.00446679
669	-0.68	-0.581584	0.00446254
670	-0.68	-0.581731	0.00445829
671	-0.6	-0.581759	0.00445173
672	-0.52	-0.581667	0.00444605
673	-0.68	-0.581813	0.00444184
674	-0.52	-0.581721	0.00443619
675	-0.6	-0.581748	0.0044297
676	-0.6	-0.581775	0.00442322
677	-0.6	-0.581802	0.00441677
678	-0.68	-0.581947	0.00441263
679	-0.76	-0.582209	0.00441392
680	-0.76	-0.582471	0.00441517
681	-0.84	-0.582849	0.00442487
682	-0.68	-0.582991	0.00442068
683	-0.76	-0.58325	0.0044218
684	-0.36	-0.582924	0.00442738
685	-0.52	-0.582832	0.00442186
686	-0.44	-0.582624	0.00442032
687	-0.44	-0.582416	0.00441876
688	-0.52	-0.582326	0.00441327
689	-0.52	-0.582235	0.00440778
690	-0.6	-0.582261	0.00440147
691	-0.52	-0.582171	0.00439602
692	-0.52	-0.582081	0.00439058
693	-0.36	-0.58176	0.00439593
694	-0.36	-0.581441	0.00440121
695	-0.44	-0.581237	0.00439958
696	-0.52	-0.581149	0.00439414
697	-0.6	-0.581176	0.00438791
698	-0.68	-0.581318	0.00438391
699	-0.6	-0.581345	0.00437771
700	-0.36	-0.581029	0.00438288
701	-0.52	-0.580942	0.00437749
702	-0.44	-0.580741	0.00437585
703	-0.52	-0.580654	0.00437048
704	-0.76	-0.580909	0.0043717
705	-0.6	-0.580936	0.00436557
706	-0.92	-0.581416	0.00438576
707	-0.68	-0.581556	0.00438177
708	-0.6	-0.581582	0.00437566
709	-0.6	-0.581608	0.00436956
710	-0.52	-0.581521	0.00436426
711	-0.52	-0.581435	0.00435898
712	-0.6	-0.581461	0.00435293
713	-0.6	-0.581487	0.0043469
714	-0.44	-0.581289	0.00434533
715	-0.76	-0.581538	0.00434644
716	-0.76	-0.581788	0.00434751
717	-0.68	-0.581925	0.00434361
718	-0.68	-0.582061	0.0043397
719	-0.68	-0.582197	0.0043358
720	-0.44	-0.582	0.00433428
721	-0.6	-0.582025	0.00432833
722	-0.52	-0.581939	0.00432319
723	-0.6	-0.581964	0.00431728
724	-0.36	-0.581657	0.0043222
725	-0.6	-0.581683	0.00431631
726	-0.52	-0.581598	0.00431119
727	-0.68	-0.581733	0.00430739
728	-0.52	-0.581648	0.0043023
729	-0.52	-0.581564	0.00429723
730	-0.6	-0.581589	0.00429141
731	-0.6	-0.581614	0.00428561
732	-0.68	-0.581749	0.00428186
733	-0.6	-0.581774	0.00427609
734	-0.68	-0.581907	0.00427236
735	-0.44	-0.581714	0.00427091
736	-0.52	-0.58163	0.00426592
737	-0.44	-0.581438	0.00426446
738	-0.36	-0.581138	0.00426924
739	-0.52	-0.581055	0.00426426
740	-0.6	-0.581081	0.00425857
741	-0.6	-0.581107	0.0042529
742	-0.6	-0.581132	0.00424724
743	-0.84	-0.58148	0.0042558
744	-0.68	-0.581613	0.00425214
745	-0.76	-0.581852	0.00425317
746	-0.76	-0.582091	0.00425418
747	-0.52	-0.582008	0.00424929
748	-0.52	-0.581925	0.00424442
749	-0.52	-0.581842	0.00423955
750	-0.68	-0.581973	0.00423592
751	-0.6	-0.581997	0.00423034
752	-0.76	-0.582234	0.00423134
753	-0.6	-0.582258	0.00422578
754	-0.6	-0.582281	0.00422024
755	-0.52	-0.582199	0.00421545
756	-0.6	-0.582222	0.00420994
757	-0.44	-0.582034	0.00420857
758	-0.6	-0.582058	0.00420308
759	-0.68	-0.582187	0.00419952
760	-0.76	-0.582421	0.00420051
761	-0.6	-0.582444	0.00419505
762	-0.44	-0.582257	0.00419371
763	-0.44	-0.582071	0.00419236
764	-0.52	-0.58199	0.00418766
765	-0.6	-0.582013	0.00418225
766	-0.52	-0.581932	0.00417757
767	-0.52	-0.581851	0.0041729
768	-0.6	-0.581875	0.00416753
769	-0.84	-0.582211	0.00417562
770	-0.76	-0.582442	0.00417658
771	-0.68	-0.582568	0.00417308
772	-0.6	-0.582591	0.00416773
773	-0.68	-0.582717	0.00416424
774	-0.6	-0.582739	0.00415892
775	-0.52	-0.582658	0.00415434
776	-0.52	-0.582577	0.00414977
777	-0.52	-0.582497	0.0041452
778	-0.68	-0.582622	0.00414177
779	-0.6	-0.582644	0.00413651
780	-0.6	-0.582667	0.00413126
781	-0.6	-0.582689	0.00412603
782	-0.44	-0.582506	0.00412479
783	-0.52	-0.582427	0.00412029
784	-0.6	-0.582449	0.00411509
785	-0.6	-0.582471	0.00410991
786	-0.6	-0.582494	0.00410474
787	-0.6	-0.582516	0.00409958
788	-0.6	-0.582538	0.00409443
789	-0.52	-0.582459	0.00409001
790	-0.68	-0.582582	0.00408669
791	-0.6	-0.582604	0.00408158
792	-0.68	-0.582727	0.00407828
793	-0.52	-0.582648	0.0040739
794	-0.52	-0.582569	0.00406953
795	-0.6	-0.582591	0.00406447
796	-0.68	-0.582714	0.0040612
797	-0.44	-0.582535	0.00406006
798	-0.44	-0.582356	0.0040589
799	-0.52	-0.582278	0.00405456
800	-0.68	-0.5824	0.00405134
801	-0.76	-0.582622	0.00405234
802	-0.6	-0.582643	0.00404735
803	-0.68	-0.582765	0.00404412
804	-0.6	-0.582786	0.00403914
805	-0.6	-0.582807	0.00403418
806	-0.68	-0.582928	0.00403098
807	-0.76	-0.583147	0.00403195
808	-0.68	-0.583267	0.00402874
809	-0.44	-0.58309	0.00402766
810	-0.68	-0.58321	0.00402446
811	-0.52	-0.583132	0.00402025
812	-0.6	-0.583153	0.00401535
813	-0.36	-0.582878	0.00401979
814	-0.36	-0.582604	0.00402417
815	-0.68	-0.582724	0.00402101
816	-0.6	-0.582745	0.00401613
817	-0.68	-0.582864	0.00401298
818	-0.84	-0.583178	0.00402038
819	-0.76	-0.583394	0.00402127
820	-0.68	-0.583512	0.00401809
821	-0.68	-0.58363	0.00401491
822	-0.68	-0.583747	0.00401174
823	-0.52	-0.58367	0.00400761
824	-0.68	-0.583786	0.00400445
825	-0.52	-0.583709	0.00400034
826	-0.6	-0.583729	0.00399554
827	-0.44	-0.583555	0.00399449
828	-0.6	-0.583575	0.00398971
829	-0.44	-0.583402	0.00398866
830	-0.52	-0.583325	0.00398458
831	-0.52	-0.583249	0.00398052
832	-0.52	-0.583173	0.00397645
833	-0.6	-0.583193	0.00397173
834	-0.52	-0.583118	0.00396769
835	-0.52	-0.583042	0.00396365
836	-0.44	-0.582871	0.00396261
837	-0.44	-0.5827	0.00396155
838	-0.6	-0.582721	0.00395687
839	-0.44	-0.582551	0.00395581
840	-0.52	-0.582476	0.0039518
841	-0.44	-0.582307	0.00395073
842	-0.44	-0.582138	0.00394966
843	-0.68	-0.582254	0.00394668
844	-0.44	-0.582085	0.0039456
845	-0.52	-0.582012	0.00394161
846	-0.52	-0.581939	0.00393763
847	-0.44	-0.581771	0.00393655
848	-0.68	-0.581887	0.00393361
849	-0.6	-0.581908	0.00392903
850	-0.6	-0.581929	0.00392446
851	-0.44	-0.581763	0.0039234
852	-0.52	-0.58169	0.00391946
853	-0.52	-0.581618	0.00391553
854	-0.6	-0.581639	0.003911
855	-0.6	-0.581661	0.00390648
856	-0.44	-0.581495	0.00390543
857	-0.52	-0.581424	0.00390153
858	-0.44	-0.581259	0.00390046
859	-0.76	-0.581467	0.00390147
860	-0.76	-0.581674	0.00390246
861	-0.76	-0.581882	0.00390342
862	-0.68	-0.581995	0.00390055
863	-0.76	-0.582202	0.00390148
864	-0.6	-0.582222	0.00389702
865	-0.68	-0.582335	0.00389415
866	-0.68	-0.582448	0.00389129
867	-0.68	-0.582561	0.00388843
868	-0.6	-0.582581	0.00388399
869	-0.52	-0.582509	0.00388019
870	-0.44	-0.582345	0.00387919
871	-0.36	-0.58209	0.00388313
872	-0.6	-0.58211	0.00387873
873	-0.68	-0.582222	0.00387591
874	-0.6	-0.582243	0.00387152
875	-0.52	-0.582171	0.00386775
876	-0.44	-0.582009	0.00386674
877	-0.36	-0.581756	0.00387062
878	-0.6	-0.581777	0.00386626
879	-0.68	-0.581889	0.00386348
880	-0.52	-0.581818	0.00385972
881	-0.6	-0.581839	0.0038554
882	-0.6	-0.581859	0.00385108
883	-0.36	-0.581608	0.00385491
884	-0.44	-0.581448	0.00385388
885	-0.36	-0.581198	0.00385764
886	-0.52	-0.581129	0.00385391
887	-0.52	-0.58106	0.00385018
888	-0.6	-0.581081	0.0038459
889	-0.52	-0.581012	0.00384218
890	-0.68	-0.581124	0.00383948
891	-0.68	-0.581235	0.00383677
892	-0.76	-0.581435	0.0038377
893	-0.76	-0.581635	0.00383861
894	-0.76	-0.581834	0.0038395
895	-0.76	-0.582034	0.00384037
896	-0.76	-0.582232	0.00384122
897	-0.68	-0.582341	0.00383849
898	-0.68	-0.58245	0.00383575
899	-0.6	-0.582469	0.00383153
900	-0.52	-0.5824	0.0038279
901	-0.44	-0.582242	0.00382692
902	-0.68	-0.58235	0.00382421
903	-0.6	-0.58237	0.00382002
904	-0.44	-0.582212	0.00381904
905	-0.52	-0.582144	0.00381544
906	-0.52	-0.582075	0.00381184
907	-0.44	-0.581918	0.00381086
908	-0.44	-0.581762	0.00380987
909	-0.52	-0.581694	0.00380628
910	-0.44	-0.581538	0.00380528
911	-0.6	-0.581559	0.00380116
912	-0.52	-0.581491	0.00379759
913	-0.52	-0.581424	0.00379402
914	-0.6	-0.581444	0.00378992
915	-0.68	-0.581552	0.00378731
916	-0.6	-0.581572	0.00378323
917	-0.52	-0.581505	0.0037797
918	-0.6	-0.581525	0.00377563
919	-0.6	-0.581545	0.00377157
920	-0.68	-0.581652	0.00376899
921	-0.68	-0.581759	0.00376641
922	-0.68	-0.581866	0.00376383
923	-0.52	-0.581798	0.00376035
924	-0.52	-0.581732	0.00375687
925	-0.52	-0.581665	0.0037534
926	-0.52	-0.581598	0.00374994
927	-0.44	-0.581446	0.003749
928	-0.52	-0.581379	0.00374555
929	-0.6	-0.581399	0.00374157
930	-0.52	-0.581333	0.00373812
931	-0.6	-0.581353	0.00373416
932	-0.68	-0.581459	0.00373165
933	-0.68	-0.581565	0.00372915
934	-0.76	-0.581756	0.00373005
935	-0.68	-0.581861	0.00372754
936	-0.68	-0.581966	0.00372503
937	-0.84	-0.582241	0.00373123
938	-0.44	-0.58209	0.00373033
939	-0.6	-0.582109	0.00372641
940	-0.36	-0.581872	0.00372993
941	-0.6	-0.581892	0.00372601
942	-0.52	-0.581826	0.00372264
943	-0.52	-0.58176	0.00371927
944	-0.52	-0.581695	0.0037159
945	-0.52	-0.58163	0.00371254
946	-0.52	-0.581564	0.00370918
947	-0.28	-0.581246	0.00371892
948	-0.6	-0.581266	0.00371505
949	-0.52	-0.581201	0.0037117
950	-0.6	-0.581221	0.00370784
951	-0.52	-0.581157	0.0037045
952	-0.52	-0.581092	0.00370116
953	-0.6	-0.581112	0.00369733
954	-0.52	-0.581048	0.00369401
955	-0.6	-0.581068	0.00369019
956	-0.52	-0.581004	0.00368688
957	-0.44	-0.580857	0.00368597
958	-0.44	-0.58071	0.00368506
959	-0.52	-0.580647	0.00368176
960	-0.44	-0.5805	0.00368084
961	-0.36	-0.580271	0.00368416
962	-0.52	-0.580208	0.00368086
963	-0.52	-0.580145	0.00367757
964	-0.68	-0.580249	0.00367521
965	-0.68	-0.580352	0.00367285
966	-0.76	-0.580538	0.00367376
967	-0.6	-0.580558	0.00367001
968	-0.52	-0.580496	0.00366676
969	-0.28	-0.580186	0.00367607
970	-0.44	-0.580041	0.00367512
971	-0.52	-0.579979	0.00367186
972	-0.52	-0.579918	0.0036686
973	-0.44	-0.579774	0.00366765
974	-0.68	-0.579877	0.00366532
975	-0.76	-0.580062	0.00366622
976	-0.68	-0.580164	0.00366389
977	-0.52	-0.580102	0.00366066
978	-0.36	-0.579877	0.00366383
979	-0.68	-0.57998	0.00366152
980	-0.68	-0.580082	0.0036592
981	-0.76	-0.580265	0.00366007
982	-0.6	-0.580285	0.00365639
983	-0.68	-0.580387	0.00365408
984	-0.68	-0.580488	0.00365177
985	-0.68	-0.580589	0.00364946
986	-0.6	-0.580609	0.00364581
987	-0.44	-0.580466	0.0036449
988	-0.6	-0.580486	0.00364126
989	-0.44	-0.580344	0.00364035
990	-0.68	-0.580444	0.00363806
991	-0.52	-0.580383	0.0036349
992	-0.52	-0.580323	0.00363174
993	-0.6	-0.580342	0.00362814
994	-0.68	-0.580443	0.00362587
995	-0.44	-0.580302	0.00362498
996	-0.6	-0.580321	0.00362139
997	-0.52	-0.580261	0.00361826
998	-0.52	-0.5802	0.00361514
999	-0.52	-0.58014	0.00361202
1000	-0.44	-0.58	0.00361113
1001	-0.76	-0.58018	0.003612
1002	-0.76	-0.580359	0.00361285
1003	-0.68	-0.580459	0.00361061
1004	-0.6	-0.580478	0.00360707
1005	-0.44	-0.580338	0.00360619
1006	-0.44	-0.580199	0.0036053
1007	-0.44	-0.58006	0.00360441
1008	-0.6	-0.580079	0.00360088
1009	-0.68	-0.580178	0.00359868
1010	-0.68	-0.580277	0.00359647
1011	-0.68	-0.580376	0.00359427
1012	-0.68	-0.580474	0.00359206
1013	-0.44	-0.580336	0.00359119
1014	-0.36	-0.580118	0.00359422
1015	-0.52	-0.580059	0.00359117
1016	-0.68	-0.580157	0.00358898
1017	-0.6	-0.580177	0.0035855
1018	-0.6	-0.580196	0.00358203
1019	-0.6	-0.580216	0.00357857
1020	-0.68	-0.580314	0.0035764
1021	-0.6	-0.580333	0.00357294
1022	-0.44	-0.580196	0.00357209
1023	-0.2	-0.579824	0.00358789
1024	-0.6	-0.579844	0.00358444
1025	-0.6	-0.579863	0.003581
1026	-0.68	-0.579961	0.00357884
1027	-0.68	-0.580058	0.00357668
1028	-0.6	-0.580078	0.00357325
1029	-0.68	-0.580175	0.00357109
1030	-0.52	-0.580117	0.0035681
1031	-0.6	-0.580136	0.00356469
1032	-0.52	-0.580078	0.00356171
1033	-0.44	-0.579942	0.00356085
1034	-0.44	-0.579807	0.00355998
1035	-0.68	-0.579903	0.00355785
1036	-0.44	-0.579768	0.00355698
1037	-0.68	-0.579865	0.00355486
1038	-0.76	-0.580039	0.00355567
1039	-0.6	-0.580058	0.0035523
1040	-0.68	-0.580154	0.00355018
1041	-0.76	-0.580327	0.00355098
1042	-0.6	-0.580345	0.00354762
1043	-0.6	-0.580364	0.00354427
1044	-0.68	-0.58046	0.00354216
1045	-0.52	-0.580402	0.00353924
1046	-0.36	-0.580191	0.00354212
1047	-0.52	-0.580134	0.00353921
1048	-0.6	-0.580153	0.00353588
1049	-0.6	-0.580172	0.00353256
1050	-0.44	-0.580038	0.00353172
1051	-0.6	-0.580057	0.0035284
1052	-0.52	-0.58	0.00352551
1053	-0.6	-0.580019	0.00352221
1054	-0.28	-0.579734	0.00353036
1055	-0.52	-0.579678	0.00352747
1056	-0.52	-0.579621	0.00352458
1057	-0.6	-0.57964	0.0035213
1058	-0.6	-0.57966	0.00351802
1059	-0.28	-0.579377	0.00352607
1060	-0.28	-0.579094	0.00353404
1061	-0.36	-0.578888	0.00353675
1062	-0.28	-0.578606	0.0035446
1063	-0.44	-0.578476	0.00354367
1064	-0.6	-0.578496	0.00354039
1065	-0.52	-0.578441	0.00353749
1066	-0.6	-0.578462	0.00353423
1067	-0.6	-0.578482	0.00353098
1068	-0.6	-0.578502	0.00352773
1069	-0.52	-0.578447	0.00352485
1070	-0.6	-0.578467	0.00352161
1071	-0.44	-0.578338	0.0035207
1072	-0.52	-0.578284	0.00351783
1073	-0.68	-0.578378	0.00351583
1074	-0.6	-0.578399	0.00351261
1075	-0.84	-0.578642	0.00351777
1076	-0.6	-0.578662	0.00351456
1077	-0.6	-0.578682	0.00351135
1078	-0.36	-0.578479	0.00351395
1079	-0.52	-0.578424	0.00351111
1080	-0.6	-0.578444	0.00350791
1081	-0.6	-0.578464	0.00350472
1082	-0.6	-0.578484	0.00350154
1083	-0.6	-0.578504	0.00349836
1084	-0.52	-0.57845	0.00349555
1085	-0.52	-0.578396	0.00349274
1086	-0.6	-0.578416	0.00348958
1087	-0.68	-0.57851	0.00348762
1088	-0.6	-0.578529	0.00348447
1089	-0.52	-0.578476	0.00348168
1090	-0.68	-0.578569	0.00347973
1091	-0.6	-0.578588	0.0034766
1092	-0.68	-0.578681	0.00347465
1093	-0.6	-0.578701	0.00347153
1094	-0.6	-0.57872	0.00346841
1095	-0.52	-0.578667	0.00346565
1096	-0.52	-0.578613	0.0034629
1097	-0.68	-0.578706	0.00346098
1098	-0.6	-0.578725	0.00345788
1099	-0.6	-0.578744	0.00345479
1100	-0.6	-0.578764	0.0034517
1101	-0.6	-0.578783	0.00344862
1102	-0.68	-0.578875	0.00344671
1103	-0.6	-0.578894	0.00344364
1104	-0.52	-0.578841	0.00344093
1105	-0.6	-0.57886	0.00343787
1106	-0.68	-0.578951	0.00343598
1107	-0.44	-0.578826	0.00343516
1108	-0.52	-0.578773	0.00343247
1109	-0.52	-0.57872	0.00342979
1110	-0.44	-0.578595	0.00342897
1111	-0.6	-0.578614	0.00342594
1112	-0.68	-0.578705	0.00342407
1113	-0.36	-0.578509	0.00342663
1114	-0.68	-0.5786	0.00342477
1115	-0.76	-0.578762	0.00342556
1116	-0.6	-0.578781	0.00342254
1117	-0.6	-0.5788	0.00341953
1118	-0.6	-0.578819	0.00341652
1119	-0.76	-0.578981	0.00341731
1120	-0.68	-0.579071	0.00341544
1121	-0.68	-0.579161	0.00341358
1122	-0.68	-0.579251	0.00341172
1123	-0.6	-0.57927	0.00340873
1124	-0.6	-0.579288	0.00340575
1125	-0.68	-0.579378	0.0034039
1126	-0.44	-0.579254	0.00340313
1127	-0.68	-0.579343	0.00340128
1128	-0.44	-0.57922	0.00340051
1129	-0.6	-0.579238	0.00339754
1130	-0.68	-0.579327	0.00339571
1131	-0.6	-0.579346	0.00339275
1132	-0.68	-0.579435	0.00339092
1133	-0.52	-0.579382	0.00338833
1134	-0.6	-0.5794	0.00338539
1135	-0.68	-0.579489	0.00338357
1136	-0.36	-0.579296	0.00338611
1137	-0.6	-0.579314	0.00338318
1138	-0.6	-0.579332	0.00338025
1139	-0.52	-0.57928	0.00337768
1140	-0.6	-0.579298	0.00337477
1141	-0.68	-0.579387	0.00337296
1142	-0.6	-0.579405	0.00337006
1143	-0.44	-0.579283	0.00336932
1144	-0.28	-0.579021	0.00337652
1145	-0.44	-0.5789	0.00337575
1146	-0.52	-0.578848	0.0033732
1147	-0.52	-0.578797	0.00337065
1148	-0.36	-0.578606	0.0033731
1149	-0.52	-0.578555	0.00337055
1150	-0.44	-0.578435	0.00336977
1151	-0.6	-0.578454	0.00336689
1152	-0.52	-0.578403	0.00336435
1153	-0.68	-0.578491	0.00336259
1154	-0.68	-0.578579	0.00336082
1155	-0.68	-0.578667	0.00335906
1156	-0.68	-0.578754	0.0033573
1157	-0.6	-0.578773	0.00335444
1158	-0.52	-0.578722	0.00335193
1159	-0.52	-0.578671	0.00334942
1160	-0.52	-0.578621	0.00334691
1161	-0.6	-0.578639	0.00334408
1162	-0.52	-0.578589	0.00334158
1163	-0.52	-0.578538	0.00333909
1164	-0.52	-0.578488	0.0033366
1165	-0.52	-0.578438	0.00333411
1166	-0.6	-0.578456	0.0033313
1167	-0.44	-0.578338	0.00333056
1168	-0.52	-0.578288	0.00332808
1169	-0.52	-0.578238	0.00332561
1170	-0.52	-0.578188	0.00332314
1171	-0.68	-0.578275	0.00332143
1172	-0.68	-0.578362	0.00331973
1173	-0.68	-0.578448	0.00331803
1174	-0.68	-0.578535	0.00331634
1175	-0.52	-0.578485	0.00331389
1176	-0.52	-0.578435	0.00331144
1177	-0.52	-0.578386	0.003309
1178	-0.52	-0.578336	0.00330656
1179	-0.52	-0.578287	0.00330412
1180	-0.52	-0.578237	0.00330169
1181	-0.28	-0.577985	0.00330855
1182	-0.68	-0.578071	0.00330687
1183	-0.68	-0.578157	0.0033052
1184	-0.68	-0.578243	0.00330353
1185	-0.76	-0.578397	0.0033043
1186	-0.68	-0.578482	0.00330262
1187	-0.6	-0.5785	0.00329989
1188	-0.52	-0.578451	0.00329748
1189	-0.44	-0.578335	0.00329676
1190	-0.2	-0.578017	0.0033093
1191	-0.6	-0.578035	0.00330657
1192	-0.68	-0.578121	0.0033049
1193	-0.6	-0.578139	0.00330218
1194	-0.52	-0.57809	0.00329977
1195	-0.6	-0.578109	0.00329706
1196	-0.68	-0.578194	0.00329541
1197	-0.68	-0.578279	0.00329375
1198	-0.68	-0.578364	0.00329209
1199	-0.6	-0.578382	0.0032894
1200	-0.68	-0.578467	0.00328775
1201	-0.52	-0.578418	0.00328537
1202	-0.52	-0.578369	0.00328299
1203	-0.44	-0.578254	0.00328228
1204	-0.2	-0.57794	0.00329456
1205	-0.44	-0.577826	0.00329382
1206	-0.6	-0.577844	0.00329114
1207	-0.6	-0.577862	0.00328846
1208	-0.6	-0.577881	0.00328579
1209	-0.28	-0.577634	0.0032923
1210	-0.6	-0.577653	0.00328963
1211	-0.6	-0.577671	0.00328697
1212	-0.44	-0.577558	0.00328622
1213	-0.52	-0.57751	0.00328385
1214	-0.44	-0.577397	0.0032831
1215	-0.6	-0.577416	0.00328045
1216	-0.52	-0.577368	0.00327809
1217	-0.6	-0.577387	0.00327545
1218	-0.68	-0.577471	0.00327384
1219	-0.6	-0.57749	0.00327121
1220	-0.6	-0.577508	0.00326858
1221	-0.6	-0.577527	0.00326595
1222	-0.44	-0.577414	0.00326522
1223	-0.6	-0.577433	0.0032626
1224	-0.44	-0.57732	0.00326186
1225	-0.44	-0.577208	0.00326113
1226	-0.44	-0.577096	0.00326039
1227	-0.6	-0.577115	0.00325778
1228	-0.36	-0.576938	0.00325993
1229	-0.44	-0.576827	0.00325918
1230	-0.6	-0.576846	0.00325658
1231	-0.68	-0.576929	0.00325501
1232	-0.84	-0.577143	0.00325937
1233	-0.76	-0.577291	0.0032601
1234	-0.84	-0.577504	0.00326441
1235	-0.68	-0.577587	0.00326282
1236	-0.6	-0.577605	0.00326023
1237	-0.44	-0.577494	0.00325949
1238	-0.6	-0.577512	0.00325691
1239	-0.6	-0.57753	0.00325433
1240	-0.68	-0.577613	0.00325276
1241	-0.52	-0.577566	0.00325047
1242	-0.68	-0.577649	0.00324889
1243	-0.68	-0.577731	0.00324732
1244	-0.52	-0.577685	0.00324504
1245	-0.44	-0.577574	0.00324432
1246	-0.28	-0.577335	0.0032505
1247	-0.52	-0.577289	0.00324822
1248	-0.52	-0.577244	0.00324594
1249	-0.6	-0.577262	0.00324339
1250	-0.6	-0.57728	0.00324085
1251	-0.52	-0.577234	0.00323858
1252	-0.6	-0.577252	0.00323604
1253	-0.44	-0.577143	0.00323531
1254	-0.52	-0.577097	0.00323305
1255	-0.44	-0.576988	0.00323232
1256	-0.28	-0.576752	0.00323839
1257	-0.52	-0.576706	0.00323613
1258	-0.52	-0.576661	0.00323387
1259	-0.36	-0.576489	0.00323588
1260	-0.36	-0.576317	0.00323787
1261	-0.44	-0.576209	0.00323711
1262	-0.44	-0.576101	0.00323634
1263	-0.52	-0.576057	0.00323409
1264	-0.6	-0.576076	0.00323158
1265	-0.68	-0.576158	0.00323007
1266	-0.6	-0.576177	0.00322757
1267	-0.6	-0.576196	0.00322508
1268	-0.52	-0.576151	0.00322284
1269	-0.68	-0.576233	0.00322134
1270	-0.76	-0.576378	0.00322205
1271	-0.76	-0.576522	0.00322276
1272	-0.76	-0.576667	0.00322345
1273	-0.6	-0.576685	0.00322097
1274	-0.6	-0.576703	0.00321849
1275	-0.76	-0.576847	0.00321918
1276	-0.76	-0.576991	0.00321986
1277	-0.52	-0.576946	0.00321764
1278	-0.6	-0.576964	0.00321518
1279	-0.44	-0.576857	0.00321444
1280	-0.44	-0.57675	0.00321371
1281	-0.44	-0.576643	0.00321298
1282	-0.44	-0.576537	0.00321224
1283	-0.52	-0.576493	0.00321004
1284	-0.52	-0.576449	0.00320784
1285	-0.76	-0.576591	0.00320852
1286	-0.44	-0.576485	0.00320778
1287	-0.6	-0.576503	0.00320534
1288	-0.6	-0.576522	0.0032029
1289	-0.52	-0.576478	0.00320072
1290	-0.6	-0.576496	0.00319829
1291	-0.68	-0.576576	0.00319682
1292	-0.6	-0.576594	0.00319439
1293	-0.76	-0.576736	0.00319507
1294	-0.76	-0.576878	0.00319574
1295	-0.44	-0.576772	0.00319502
1296	-0.52	-0.576728	0.00319285
1297	-0.44	-0.576623	0.00319213
1298	-0.36	-0.576456	0.00319404
1299	-0.52	-0.576413	0.00319187
1300	-0.52	-0.576369	0.00318971
1301	-0.52	-0.576326	0.00318755
1302	-0.76	-0.576467	0.00318823
1303	-0.68	-0.576546	0.00318677
1304	-0.68	-0.576626	0.00318531
1305	-0.68	-0.576705	0.00318386
1306	-0.6	-0.576723	0.00318147
1307	-0.6	-0.576741	0.00317908
1308	-0.76	-0.576881	0.00317974
1309	-0.76	-0.577021	0.00318039
1310	-0.68	-0.577099	0.00317893
1311	-0.68	-0.577178	0.00317747
1312	-0.44	-0.577073	0.00317677
1313	-0.28	-0.576847	0.00318241
1314	-0.6	-0.576865	0.00318003
1315	-0.6	-0.576882	0.00317766
1316	-0.6	-0.5769	0.00317529
1317	-0.68	-0.576978	0.00317385
1318	-0.44	-0.576874	0.00317314
1319	-0.68	-0.576952	0.0031717
1320	-0.68	-0.57703	0.00317026
1321	-0.6	-0.577048	0.0031679
1322	-0.52	-0.577005	0.0031658
1323	-0.6	-0.577022	0.00316345
1324	-0.68	-0.5771	0.00316202
1325	-0.52	-0.577057	0.00315993
1326	-0.6	-0.577074	0.00315759
1327	-0.52	-0.577031	0.0031555
1328	-0.52	-0.576988	0.00315342
1329	-0.52	-0.576945	0.00315134
1330	-0.68	-0.577023	0.00314992
1331	-0.52	-0.57698	0.00314784
1332	-0.52	-0.576937	0.00314577
1333	-0.52	-0.576894	0.0031437
1334	-0.6	-0.576912	0.00314139
1335	-0.68	-0.576989	0.00313998
1336	-0.6	-0.577006	0.00313768
1337	-0.68	-0.577083	0.00313628
1338	-0.68	-0.57716	0.00313488
1339	-0.6	-0.577177	0.00313258
1340	-0.52	-0.577134	0.00313054
1341	-0.52	-0.577092	0.00312849
1342	-0.6	-0.577109	0.0031262
1343	-0.68	-0.577185	0.00312482
1344	-0.68	-0.577262	0.00312343
1345	-0.68	-0.577338	0.00312204
1346	-0.76	-0.577474	0.00312267
1347	-0.68	-0.57755	0.00312128
1348	-0.84	-0.577745	0.00312503
1349	-0.6	-0.577761	0.00312276
1350	-0.6	-0.577778	0.00312049
1351	-0.52	-0.577735	0.00311847
1352	-0.6	-0.577751	0.00311621
1353	-0.52	-0.577709	0.00311419
1354	-0.68	-0.577784	0.00311281
1355	-0.68	-0.57786	0.00311143
1356	-0.6	-0.577876	0.00310917
1357	-0.6	-0.577892	0.00310692
1358	-0.68	-0.577968	0.00310555
1359	-0.68	-0.578043	0.00310417
1360	-0.68	-0.578118	0.00310279
1361	-0.52	-0.578075	0.0031008
1362	-0.52	-0.578032	0.00309882
1363	-0.44	-0.577931	0.0030982
1364	-0.68	-0.578006	0.00309683
1365	-0.52	-0.577963	0.00309486
1366	-0.68	-0.578038	0.00309349
1367	-0.52	-0.577996	0.00309152
1368	-0.6	-0.578012	0.0030893
1369	-0.76	-0.578145	0.0030899
1370	-0.76	-0.578277	0.0030905
1371	-0.76	-0.57841	0.00309109
1372	-0.84	-0.578601	0.00309471
1373	-0.76	-0.578733	0.00309528
1374	-0.44	-0.578632	0.00309467
1375	-0.52	-0.578589	0.00309272
1376	-0.68	-0.578663	0.00309135
1377	-0.6	-0.578678	0.00308914
1378	-0.6	-0.578694	0.00308693
1379	-0.76	-0.578825	0.0030875
1380	-0.6	-0.578841	0.0030853
1381	-0.6	-0.578856	0.0030831
1382	-0.52	-0.578813	0.00308116
1383	-0.6	-0.578829	0.00307897
1384	-0.52	-0.578786	0.00307704
1385	-0.44	-0.578686	0.00307645
1386	-0.36	-0.578528	0.00307828
1387	-0.36	-0.578371	0.00308009
1388	-0.44	-0.578271	0.00307948
1389	-0.44	-0.578171	0.00307887
1390	-0.52	-0.578129	0.00307694
1391	-0.52	-0.578088	0.00307501
1392	-0.44	-0.577989	0.0030744
1393	-0.28	-0.577775	0.00307963
1394	-0.44	-0.577676	0.00307901
1395	-0.44	-0.577577	0.00307839
1396	-0.6	-0.577593	0.00307622
1397	-0.52	-0.577552	0.0030743
1398	-0.6	-0.577568	0.00307214
1399	-0.6	-0.577584	0.00306998
1400	-0.6	-0.5776	0.00306783
1401	-0.6	-0.577616	0.00306568
1402	-0.68	-0.577689	0.00306437
1403	-0.52	-0.577648	0.00306246
1404	-0.28	-0.577436	0.00306761
1405	-0.28	-0.577224	0.00307273
1406	-0.52	-0.577183	0.00307081
1407	-0.68	-0.577257	0.0030695
1408	-0.52	-0.577216	0.00306758
1409	-0.36	-0.577062	0.00306928
1410	-0.52	-0.577021	0.00306737
1411	-0.6	-0.577038	0.00306524
1412	-0.76	-0.577167	0.00306581
1413	-0.52	-0.577127	0.0030639
1414	-0.6	-0.577143	0.00306178
1415	-0.52	-0.577102	0.00305988
1416	-0.6	-0.577119	0.00305776
1417	-0.52	-0.577078	0.00305587
1418	-0.6	-0.577094	0.00305376
1419	-0.6	-0.577111	0.00305165
1420	-0.68	-0.577183	0.00305036
1421	-0.6	-0.577199	0.00304825
1422	-0.44	-0.577103	0.00304763
1423	-0.44	-0.577006	0.00304702
1424	-0.36	-0.576854	0.00304869
1425	-0.52	-0.576814	0.00304681
1426	-0.12	-0.576494	0.00306148
1427	-0.28	-0.576286	0.00306638
1428	-0.44	-0.57619	0.00306572
1429	-0.6	-0.576207	0.00306361
1430	-0.52	-0.576168	0.00306172
1431	-0.76	-0.576296	0.00306228
1432	-0.68	-0.576369	0.003061
1433	-0.68	-0.576441	0.00305971
1434	-0.6	-0.576457	0.00305762
1435	-0.52	-0.576418	0.00305575
1436	-0.52	-0.576379	0.00305387
1437	-0.36	-0.576228	0.00305546
1438	-0.52	-0.576189	0.00305358
1439	-0.68	-0.576261	0.00305231
1440	-0.6	-0.576278	0.00305024
1441	-0.68	-0.57635	0.00304897
1442	-0.6	-0.576366	0.0030469
1443	-0.44	-0.576272	0.00304625
1444	-0.44	-0.576177	0.0030456
1445	-0.76	-0.576304	0.00304615
1446	-0.6	-0.576321	0.00304409
1447	-0.76	-0.576448	0.00304463
1448	-0.68	-0.576519	0.00304337
1449	-0.68	-0.576591	0.00304211
1450	-0.6	-0.576607	0.00304005
1451	-0.52	-0.576568	0.0030382
1452	-0.2	-0.576309	0.00304717
1453	-0.52	-0.57627	0.00304532
1454	-0.6	-0.576286	0.00304327
1455	-0.52	-0.576247	0.00304142
1456	-0.52	-0.576209	0.00303958
1457	-0.44	-0.576115	0.00303893
1458	-0.36	-0.575967	0.00304046
1459	-0.44	-0.575874	0.0030398
1460	-0.52	-0.575836	0.00303796
1461	-0.52	-0.575797	0.00303612
1462	-0.52	-0.575759	0.00303428
1463	-0.68	-0.57583	0.00303304
1464	-0.6	-0.575847	0.00303102
1465	-0.6	-0.575863	0.00302899
1466	-0.6	-0.57588	0.00302697
1467	-0.6	-0.575896	0.00302495
1468	-0.84	-0.576076	0.00302824
1469	-0.6	-0.576093	0.00302622
1470	-0.44	-0.576	0.00302558
1471	-0.6	-0.576016	0.00302356
1472	-0.44	-0.575924	0.00302292
1473	-0.44	-0.575832	0.00302228
1474	-0.36	-0.575685	0.00302377
1475	-0.52	-0.575647	0.00302196
1476	-0.68	-0.575718	0.00302074
1477	-0.68	-0.575789	0.00301952
1478	-0.6	-0.575805	0.00301752
1479	-0.68	-0.575876	0.0030163
1480	-0.6	-0.575892	0.00301431
1481	-0.68	-0.575962	0.00301309
1482	-0.6	-0.575978	0.0030111
1483	-0.6	-0.575995	0.00300911
1484	-0.52	-0.575957	0.00300732
1485	-0.6	-0.575973	0.00300534
1486	-0.68	-0.576043	0.00300413
1487	-0.52	-0.576005	0.00300235
1488	-0.36	-0.57586	0.00300384
1489	-0.28	-0.575662	0.00300839
1490	-0.44	-0.57557	0.00300775
1491	-0.44	-0.57548	0.00300711
1492	-0.68	-0.57555	0.00300591
1493	-0.36	-0.575405	0.00300736
1494	-0.68	-0.575475	0.00300616
1495	-0.6	-0.575492	0.00300419
1496	-0.68	-0.575561	0.003003
1497	-0.84	-0.575738	0.00300619
1498	-0.76	-0.575861	0.0030067
1499	-0.76	-0.575984	0.0030072
1500	-0.76	-0.576107	0.0030077
1501	-0.6	-0.576123	0.00300573
1502	-0.76	-0.576245	0.00300623
1503	-0.6	-0.576261	0.00300427
1504	-0.6	-0.576277	0.00300231
1505	-0.6	-0.576292	0.00300036
1506	-0.44	-0.576202	0.00299973
1507	-0.6	-0.576218	0.00299778
1508	-0.6	-0.576233	0.00299583
1509	-0.52	-0.576196	0.00299408
1510	-0.52	-0.576159	0.00299233
1511	-0.44	-0.576069	0.0029917
1512	-0.76	-0.57619	0.0029922
1513	-0.76	-0.576312	0.00299268
1514	-0.76	-0.576433	0.00299317
1515	-0.68	-0.576502	0.00299197
1516	-0.68	-0.57657	0.00299078
1517	-0.52	-0.576533	0.00298904
1518	-0.52	-0.576495	0.0029873
1519	-0.28	-0.5763	0.00299171
1520	-0.52	-0.576263	0.00298997
1521	-0.68	-0.576331	0.00298878
1522	-0.6	-0.576347	0.00298686
1523	-0.52	-0.57631	0.00298512
1524	-0.44	-0.57622	0.0029845
1525	-0.52	-0.576184	0.00298277
1526	-0.52	-0.576147	0.00298105
1527	-0.6	-0.576162	0.00297913
1528	-0.52	-0.576126	0.00297741
1529	-0.6	-0.576141	0.0029755
1530	-0.44	-0.576052	0.00297489
1531	-0.44	-0.575963	0.00297427
1532	-0.44	-0.575875	0.00297366
1533	-0.52	-0.575838	0.00297194
1534	-0.44	-0.57575	0.00297132
1535	-0.36	-0.575609	0.00297271
1536	-0.36	-0.575469	0.00297409
1537	-0.68	-0.575537	0.00297293
1538	-0.68	-0.575605	0.00297177
1539	-0.68	-0.575673	0.00297062
1540	-0.52	-0.575636	0.00296891
1541	-0.6	-0.575652	0.00296702
1542	-0.68	-0.57572	0.00296587
1543	-0.76	-0.575839	0.00296635
1544	-0.68	-0.575907	0.0029652
1545	-0.68	-0.575974	0.00296404
1546	-0.6	-0.57599	0.00296217
1547	-0.52	-0.575953	0.00296047
1548	-0.44	-0.575866	0.00295986
1549	-0.44	-0.575778	0.00295925
1550	-0.6	-0.575794	0.00295738
1551	-0.36	-0.575654	0.00295875
1552	-0.36	-0.575515	0.0029601
1553	-0.36	-0.575377	0.00296145
1554	-0.6	-0.575393	0.00295959
1555	-0.28	-0.575203	0.00296378
1556	-0.36	-0.575064	0.0029651
1557	-0.52	-0.575029	0.00296341
1558	-0.68	-0.575096	0.00296227
1559	-0.76	-0.575215	0.00296274
1560	-0.76	-0.575333	0.00296321
1561	-0.68	-0.5754	0.00296207
1562	-0.52	-0.575365	0.00296039
1563	-0.44	-0.575278	0.00295976
1564	-0.6	-0.575294	0.00295791
1565	-0.6	-0.57531	0.00295606
1566	-0.44	-0.575223	0.00295544
1567	-0.44	-0.575137	0.00295481
1568	-0.52	-0.575102	0.00295313
1569	-0.68	-0.575169	0.00295201
1570	-0.6	-0.575185	0.00295017
1571	-0.44	-0.575099	0.00294955
1572	-0.44	-0.575013	0.00294892
1573	-0.52	-0.574978	0.00294725
1574	-0.52	-0.574943	0.00294559
1575	-0.52	-0.574908	0.00294392
1576	-0.44	-0.574822	0.0029433
1577	-0.44	-0.574737	0.00294268
1578	-0.44	-0.574651	0.00294205
1579	-0.52	-0.574617	0.00294039
1580	-0.44	-0.574532	0.00293976
1581	-0.36	-0.574396	0.00294104
1582	-0.6	-0.574412	0.00293922
1583	-0.6	-0.574428	0.00293741
1584	-0.44	-0.574343	0.00293678
1585	-0.52	-0.574309	0.00293513
1586	-0.44	-0.574224	0.0029345
1587	-0.36	-0.574089	0.00293575
1588	-0.52	-0.574055	0.0029341
1589	-0.6	-0.574072	0.0029323
1590	-0.68	-0.574138	0.00293121
1591	-0.68	-0.574205	0.00293012
1592	-0.52	-0.574171	0.00292848
1593	-0.6	-0.574187	0.00292669
1594	-0.68	-0.574253	0.0029256
1595	-0.52	-0.574219	0.00292397
1596	-0.6	-0.574236	0.00292218
1597	-0.76	-0.574352	0.00292266
1598	-0.76	-0.574468	0.00292314
1599	-0.6	-0.574484	0.00292136
1600	-0.76	-0.5746	0.00292183
1601	-0.68	-0.574666	0.00292075
1602	-0.6	-0.574682	0.00291897
1603	-0.68	-0.574747	0.00291789
1604	-0.52	-0.574713	0.00291627
1605	-0.52	-0.574679	0.00291465
1606	-0.44	-0.574595	0.00291404
1607	-0.36	-0.574462	0.00291529
1608	-0.52	-0.574428	0.00291367
1609	-0.52	-0.574394	0.00291206
1610	-0.44	-0.574311	0.00291144
1611	-0.36	-0.574178	0.00291267
1612	-0.6	-0.574194	0.00291091
1613	-0.52	-0.57416	0.0029093
1614	-0.6	-0.574176	0.00290754
1615	-0.68	-0.574241	0.00290648
1616	-0.68	-0.574307	0.00290542
1617	-0.68	-0.574372	0.00290435
1618	-0.68	-0.574438	0.00290329
1619	-0.6	-0.574453	0.00290154
1620	-0.6	-0.574469	0.00289979
1621	-0.68	-0.574534	0.00289874
1622	-0.52	-0.574501	0.00289714
1623	-0.44	-0.574418	0.00289654
1624	-0.36	-0.574286	0.00289777
1625	-0.44	-0.574203	0.00289716
1626	-0.52	-0.57417	0.00289557
1627	-0.6	-0.574186	0.00289384
1628	-0.52	-0.574152	0.00289225
1629	-0.68	-0.574217	0.0028912
1630	-0.6	-0.574233	0.00288947
1631	-0.6	-0.574249	0.00288774
1632	-0.52	-0.574216	0.00288617
1633	-0.44	-0.574133	0.00288557
1634	-0.52	-0.5741	0.00288399
1635	-0.6	-0.574116	0.00288227
1636	-0.52	-0.574083	0.0028807
1637	-0.6	-0.574099	0.00287898
1638	-0.68	-0.574164	0.00287795
1639	-0.52	-0.574131	0.00287638
1640	-0.52	-0.574098	0.00287482
1641	-0.68	-0.574162	0.00287379
1642	-0.44	-0.57408	0.0028732
1643	-0.52	-0.574047	0.00287164
1644	-0.44	-0.573966	0.00287105
1645	-0.68	-0.57403	0.00287003
1646	-0.6	-0.574046	0.00286833
1647	-0.44	-0.573965	0.00286774
1648	-0.52	-0.573932	0.00286619
1649	-0.44	-0.573851	0.0028656
1650	-0.44	-0.57377	0.00286501
1651	-0.68	-0.573834	0.002864
1652	-0.68	-0.573898	0.00286299
1653	-0.68	-0.573962	0.00286197
1654	-0.68	-0.574027	0.00286096
1655	-0.76	-0.574139	0.00286144
1656	-0.68	-0.574203	0.00286043
1657	-0.68	-0.574267	0.00285941
1658	-0.44	-0.574186	0.00285883
1659	-0.52	-0.574153	0.0028573
1660	-0.6	-0.574169	0.00285562
1661	-0.52	-0.574136	0.00285408
1662	-0.68	-0.5742	0.00285308
1663	-0.52	-0.574167	0.00285155
1664	-0.76	-0.574279	0.00285202
1665	-0.76	-0.57439	0.00285249
1666	-0.6	-0.574406	0.00285082
1667	-0.76	-0.574517	0.00285128
1668	-0.68	-0.57458	0.00285027
1669	-0.52	-0.574548	0.00284875
1670	-0.28	-0.574371	0.0028525
1671	-0.76	-0.574482	0.00285296
1672	-0.76	-0.574593	0.00285341
1673	-0.6	-0.574608	0.00285175
1674	-0.68	-0.574671	0.00285074
1675	-0.6	-0.574687	0.00284908
1676	-0.52	-0.574654	0.00284756
1677	-0.52	-0.574621	0.00284605
1678	-0.68	-0.574684	0.00284505
1679	-0.68	-0.574747	0.00284404
1680	-0.6	-0.574762	0.00284239
1681	-0.52	-0.574729	0.00284089
1682	-0.52	-0.574697	0.00283938
1683	-0.6	-0.574712	0.00283773
1684	-0.6	-0.574727	0.00283609
1685	-0.6	-0.574742	0.00283444
1686	-0.6	-0.574757	0.0028328
1687	-0.6	-0.574772	0.00283116
1688	-0.6	-0.574787	0.00282952
1689	-0.68	-0.574849	0.00282853
1690	-0.52	-0.574817	0.00282705
1691	-0.52	-0.574784	0.00282556
1692	-0.68	-0.574846	0.00282457
1693	-0.68	-0.574908	0.00282359
1694	-0.6	-0.574923	0.00282196
1695	-0.6	-0.574938	0.00282033
1696	-0.68	-0.575	0.00281935
1697	-0.68	-0.575062	0.00281837
1698	-0.76	-0.575171	0.00281881
1699	-0.68	-0.575232	0.00281783
1700	-0.6	-0.575247	0.00281621
1701	-0.68	-0.575309	0.00281523
1702	-0.68	-0.57537	0.00281424
1703	-0.6	-0.575385	0.00281263
1704	-0.52	-0.575352	0.00281116
1705	-0.52	-0.57532	0.0028097
1706	-0.44	-0.57524	0.00280918
1707	-0.52	-0.575208	0.00280772
1708	-0.6	-0.575222	0.00280611
1709	-0.6	-0.575237	0.0028045
1710	-0.52	-0.575205	0.00280305
1711	-0.52	-0.575172	0.0028016
1712	-0.52	-0.57514	0.00280015
1713	-0.52	-0.575108	0.0027987
1714	-0.6	-0.575123	0.0027971
1715	-0.68	-0.575184	0.00279614
1716	-0.36	-0.575058	0.00279732
1717	-0.52	-0.575026	0.00279587
1718	-0.6	-0.575041	0.00279428
1719	-0.52	-0.575009	0.00279284
1720	-0.6	-0.575023	0.00279125
1721	-0.44	-0.574945	0.00279074
1722	-0.36	-0.57482	0.00279191
1723	-0.36	-0.574695	0.00279307
1724	-0.6	-0.57471	0.00279149
1725	-0.6	-0.574725	0.00278991
1726	-0.6	-0.574739	0.00278833
1727	-0.68	-0.5748	0.00278738
1728	-0.76	-0.574907	0.00278783
1729	-0.52	-0.574876	0.0027864
1730	-0.52	-0.574844	0.00278497
1731	-0.6	-0.574858	0.00278339
1732	-0.68	-0.574919	0.00278245
1733	-0.76	-0.575026	0.00278289
1734	-0.76	-0.575133	0.00278333
1735	-0.68	-0.575193	0.00278238
1736	-0.6	-0.575207	0.00278082
1737	-0.52	-0.575176	0.0027794
1738	-0.6	-0.57519	0.00277783
1739	-0.68	-0.57525	0.00277689
1740	-0.36	-0.575126	0.00277805
1741	-0.52	-0.575095	0.00277664
1742	-0.68	-0.575155	0.00277569
1743	-0.68	-0.575215	0.00277475
1744	-0.68	-0.575275	0.00277381
1745	-0.44	-0.575198	0.00277331
1746	-0.36	-0.575074	0.00277446
1747	-0.52	-0.575043	0.00277305
1748	-0.68	-0.575103	0.00277211
1749	-0.6	-0.575117	0.00277056
1750	-0.44	-0.57504	0.00277005
1751	-0.44	-0.574963	0.00276955
1752	-0.6	-0.574977	0.002768
1753	-0.52	-0.574946	0.0027666
1754	-0.44	-0.574869	0.00276609
1755	-0.52	-0.574838	0.00276469
1756	-0.36	-0.574715	0.00276582
1757	-0.68	-0.574775	0.0027649
1758	-0.68	-0.574835	0.00276397
1759	-0.6	-0.574849	0.00276244
1760	-0.44	-0.574773	0.00276193
1761	-0.6	-0.574787	0.0027604
1762	-0.52	-0.574756	0.00275901
1763	-0.44	-0.57468	0.0027585
1764	-0.6	-0.574694	0.00275698
1765	-0.52	-0.574663	0.00275559
1766	-0.68	-0.574723	0.00275467
1767	-0.6	-0.574737	0.00275315
1768	-0.68	-0.574796	0.00275224
1769	-0.6	-0.574811	0.00275072
1770	-0.68	-0.57487	0.00274981
1771	-0.6	-0.574884	0.00274829
1772	-0.6	-0.574898	0.00274677
1773	-0.52	-0.574867	0.0027454
1774	-0.68	-0.574927	0.00274449
1775	-0.76	-0.575031	0.00274493
1776	-0.6	-0.575045	0.00274342
1777	-0.6	-0.575059	0.00274191
1778	-0.6	-0.575073	0.0027404
1779	-0.52	-0.575042	0.00273903
1780	-0.52	-0.575011	0.00273767
1781	-0.6	-0.575025	0.00273617
1782	-0.44	-0.574949	0.00273568
1783	-0.44	-0.574874	0.00273519
1784	-0.28	-0.574709	0.00273865
1785	-0.28	-0.574543	0.00274209
1786	-0.52	-0.574513	0.00274073
1787	-0.6	-0.574527	0.00273923
1788	-0.68	-0.574586	0.00273833
1789	-0.6	-0.5746	0.00273684
1790	-0.44	-0.574525	0.00273634
1791	-0.28	-0.574361	0.00273976
1792	-0.36	-0.574241	0.00274084
1793	-0.36	-0.574122	0.00274191
1794	-0.36	-0.574002	0.00274298
1795	-0.28	-0.573838	0.00274634
1796	-0.52	-0.573808	0.00274498
1797	-0.6	-0.573823	0.00274349
1798	-0.52	-0.573793	0.00274212
1799	-0.6	-0.573808	0.00274064
1800	-0.6	-0.573822	0.00273915
1801	-0.6	-0.573837	0.00273767
1802	-0.6	-0.573851	0.00273619
1803	-0.68	-0.57391	0.00273531
1804	-0.52	-0.57388	0.00273395
1805	-0.52	-0.57385	0.0027326
1806	-0.6	-0.573865	0.00273113
1807	-0.44	-0.573791	0.00273062
1808	-0.52	-0.573761	0.00272927
1809	-0.44	-0.573687	0.00272876
1810	-0.52	-0.573657	0.00272742
1811	-0.44	-0.573584	0.00272691
1812	-0.44	-0.57351	0.0027264
1813	-0.44	-0.573436	0.00272589
1814	-0.6	-0.573451	0.00272443
1815	-0.44	-0.573377	0.00272392
1816	-0.36	-0.57326	0.00272495
1817	-0.6	-0.573275	0.00272349
1818	-0.68	-0.573333	0.00272263
1819	-0.6	-0.573348	0.00272117
1820	-0.36	-0.573231	0.0027222
1821	-0.52	-0.573202	0.00272086
1822	-0.6	-0.573216	0.00271941
1823	-0.6	-0.573231	0.00271795
1824	-0.6	-0.573246	0.0027165
1825	-0.28	-0.573085	0.00271976
1826	-0.2	-0.572881	0.00272594
1827	-0.76	-0.572983	0.00272637
1828	-0.52	-0.572954	0.00272504
1829	-0.52	-0.572925	0.0027237
1830	-0.76	-0.573027	0.00272413
1831	-0.44	-0.572955	0.00272361
1832	-0.6	-0.572969	0.00272216
1833	-0.52	-0.572941	0.00272083
1834	-0.44	-0.572868	0.00272031
1835	-0.52	-0.572839	0.00271898
1836	-0.52	-0.57281	0.00271766
1837	-0.6	-0.572825	0.00271622
1838	-0.68	-0.572884	0.00271536
1839	-0.68	-0.572942	0.00271451
1840	-0.68	-0.573	0.00271366
1841	-0.44	-0.572928	0.00271315
1842	-0.44	-0.572856	0.00271263
1843	-0.36	-0.57274	0.00271362
1844	-0.68	-0.572798	0.00271277
1845	-0.68	-0.572856	0.00271192
1846	-0.6	-0.572871	0.00271049
1847	-0.6	-0.572886	0.00270907
1848	-0.52	-0.572857	0.00270775
1849	-0.6	-0.572872	0.00270633
1850	-0.6	-0.572886	0.0027049
1851	-0.68	-0.572944	0.00270406
1852	-0.6	-0.572959	0.00270264
1853	-0.84	-0.573103	0.00270502
1854	-0.6	-0.573118	0.0027036
1855	-0.68	-0.573175	0.00270276
1856	-0.68	-0.573233	0.00270191
1857	-0.6	-0.573247	0.0027005
1858	-0.6	-0.573262	0.00269908
1859	-0.44	-0.57319	0.00269858
1860	-0.36	-0.573075	0.00269957
1861	-0.6	-0.57309	0.00269815
1862	-0.52	-0.573061	0.00269685
1863	-0.44	-0.57299	0.00269635
1864	-0.68	-0.573047	0.00269552
1865	-0.52	-0.573019	0.00269422
1866	-0.68	-0.573076	0.00269339
1867	-0.76	-0.573176	0.00269381
1868	-0.68	-0.573233	0.00269297
1869	-0.76	-0.573333	0.00269338
1870	-0.76	-0.573433	0.00269379
1871	-0.44	-0.573362	0.0026933
1872	-0.76	-0.573462	0.0026937
1873	-0.76	-0.573561	0.00269411
1874	-0.76	-0.573661	0.00269451
1875	-0.68	-0.573717	0.00269367
1876	-0.6	-0.573731	0.00269227
1877	-0.68	-0.573788	0.00269143
1878	-0.68	-0.573845	0.00269059
1879	-0.44	-0.573773	0.0026901
1880	-0.68	-0.57383	0.00268926
1881	-0.68	-0.573886	0.00268842
1882	-0.52	-0.573858	0.00268715
1883	-0.36	-0.573744	0.00268812
1884	-0.28	-0.573588	0.00269121
1885	-0.28	-0.573432	0.00269429
1886	-0.68	-0.573489	0.00269345
1887	-0.52	-0.573461	0.00269218
1888	-0.6	-0.573475	0.00269079
1889	-0.52	-0.573446	0.00268951
1890	-0.6	-0.57346	0.00268812
1891	-0.6	-0.573474	0.00268674
1892	-0.52	-0.573446	0.00268547
1893	-0.68	-0.573502	0.00268464
1894	-0.44	-0.573432	0.00268415
1895	-0.36	-0.573319	0.00268509
1896	-0.68	-0.573376	0.00268427
1897	-0.6	-0.57339	0.00268289
1898	-0.76	-0.573488	0.00268327
1899	-0.68	-0.573544	0.00268245
1900	-0.52	-0.573516	0.00268118
1901	-0.52	-0.573488	0.00267992
1902	-0.6	-0.573502	0.00267855
1903	-0.68	-0.573558	0.00267772
1904	-0.52	-0.573529	0.00267647
1905	-0.6	-0.573543	0.0026751
1906	-0.6	-0.573557	0.00267373
1907	-0.68	-0.573613	0.00267291
1908	-0.68	-0.573669	0.00267209
1909	-0.52	-0.573641	0.00267084
1910	-0.52	-0.573613	0.00266959
1911	-0.52	-0.573585	0.00266834
1912	-0.68	-0.57364	0.00266752
1913	-0.76	-0.573738	0.00266791
1914	-0.52	-0.57371	0.00266666
1915	-0.52	-0.573681	0.00266541
1916	-0.44	-0.573612	0.00266494
1917	-0.52	-0.573584	0.00266369
1918	-0.52	-0.573556	0.00266245
1919	-0.6	-0.57357	0.0026611
1920	-0.6	-0.573583	0.00265975
1921	-0.6	-0.573597	0.0026584
1922	-0.52	-0.573569	0.00265716
1923	-0.52	-0.573541	0.00265592
1924	-0.68	-0.573597	0.00265512
1925	-0.6	-0.57361	0.00265378
1926	-0.6	-0.573624	0.00265243
1927	-0.6	-0.573638	0.00265109
1928	-0.44	-0.573568	0.00265062
1929	-0.6	-0.573582	0.00264928
1930	-0.52	-0.573554	0.00264806
1931	-0.44	-0.573485	0.00264759
1932	-0.52	-0.573458	0.00264636
1933	-0.6	-0.573471	0.00264503
1934	-0.52	-0.573444	0.0026438
1935	-0.6	-0.573457	0.00264247
1936	-0.44	-0.573388	0.00264201
1937	-0.6	-0.573402	0.00264068
1938	-0.6	-0.573416	0.00263935
1939	-0.68	-0.573471	0.00263856
1940	-0.6	-0.573485	0.00263724
1941	-0.6	-0.573498	0.00263591
1942	-0.68	-0.573553	0.00263513
1943	-0.76	-0.573649	0.00263552
1944	-0.76	-0.573745	0.00263591
1945	-0.68	-0.573799	0.00263512
1946	-0.84	-0.573936	0.00263731
1947	-0.84	-0.574073	0.0026395
1948	-0.52	-0.574045	0.00263829
1949	-0.44	-0.573976	0.00263783
1950	-0.6	-0.57399	0.00263651
1951	-0.6	-0.574003	0.00263519
1952	-0.44	-0.573934	0.00263474
1953	-0.6	-0.573948	0.00263342
1954	-0.36	-0.573838	0.00263435
1955	-0.36	-0.573729	0.00263527
1956	-0.44	-0.573661	0.00263481
1957	-0.68	-0.573715	0.00263403
1958	-0.68	-0.573769	0.00263324
1959	-0.68	-0.573823	0.00263246
1960	-0.68	-0.573878	0.00263167
1961	-0.6	-0.573891	0.00263036
1962	-0.52	-0.573863	0.00262916
1963	-0.6	-0.573877	0.00262786
1964	-0.52	-0.573849	0.00262666
1965	-0.52	-0.573822	0.00262547
1966	-0.6	-0.573835	0.00262417
1967	-0.6	-0.573849	0.00262287
1968	-0.6	-0.573862	0.00262157
1969	-0.6	-0.573875	0.00262027
1970	-0.6	-0.573888	0.00261897
1971	-0.68	-0.573942	0.0026182
1972	-0.6	-0.573955	0.0026169
1973	-0.6	-0.573969	0.00261561
1974	-0.36	-0.57386	0.00261653
1975	-0.6	-0.573873	0.00261524
1976	-0.52	-0.573846	0.00261405
1977	-0.68	-0.5739	0.00261328
1978	-0.52	-0.573873	0.0026121
1979	-0.52	-0.573845	0.00261093
1980	-0.52	-0.573818	0.00260975
1981	-0.6	-0.573831	0.00260846
1982	-0.52	-0.573804	0.00260729
1983	-0.68	-0.573858	0.00260652
1984	-0.68	-0.573911	0.00260576
1985	-0.6	-0.573924	0.00260448
1986	-0.52	-0.573897	0.00260331
1987	-0.76	-0.573991	0.00260368
1988	-0.76	-0.574085	0.00260406
1989	-0.76	-0.574178	0.00260442
1990	-0.76	-0.574271	0.00260479
1991	-0.6	-0.574284	0.00260351
1992	-0.68	-0.574337	0.00260275
1993	-0.44	-0.57427	0.00260231
1994	-0.68	-0.574323	0.00260155
1995	-0.68	-0.574376	0.00260078
1996	-0.52	-0.574349	0.00259962
1997	-0.68	-0.574402	0.00259886
1998	-0.52	-0.574374	0.0025977
1999	-0.52	-0.574347	0.00259654
2000	-0.6	-0.57436	0.00259528
