1	-0.52	-0.52	0
2	-0.6	-0.56	0.04
3	-0.44	-0.52	0.046188
4	-0.36	-0.48	0.0516398
5	-0.68	-0.52	0.0565685
6	-0.68	-0.546667	0.0533333
7	-0.6	-0.554286	0.0457143
8	-0.36	-0.53	0.0464451
9	-0.44	-0.52	0.0421637
10	-0.68	-0.536	0.0409661
11	-0.68	-0.549091	0.0392997
12	-0.68	-0.56	0.0374975
13	-0.44	-0.550769	0.0357065
14	-0.6	-0.554286	0.0332443
15	-0.6	-0.557333	0.0310984
16	-0.6	-0.56	0.0292119
17	-0.6	-0.562353	0.0275405
18	-0.68	-0.568889	0.0267754
19	-0.76	-0.578947	0.0272512
20	-0.76	-0.588	0.0273919
21	-0.52	-0.584762	0.0262553
22	-0.76	-0.592727	0.0262702
23	-0.52	-0.589565	0.0253004
24	-0.44	-0.583333	0.0250121
25	-0.52	-0.5808	0.0241241
26	-0.6	-0.581538	0.0231895
27	-0.6	-0.582222	0.0223246
28	-0.6	-0.582857	0.0215218
29	-0.52	-0.58069	0.0208793
30	-0.52	-0.578667	0.0202725
31	-0.68	-0.581935	0.0198782
32	-0.6	-0.5825	0.0192553
33	-0.44	-0.578182	0.0191557
34	-0.6	-0.578824	0.0185949
35	-0.68	-0.581714	0.0182857
36	-0.6	-0.582222	0.0177778
37	-0.6	-0.582703	0.0172973
38	-0.44	-0.578947	0.0172497
39	-0.6	-0.579487	0.0168102
40	-0.6	-0.58	0.0163926
41	-0.52	-0.578537	0.0160546
42	-0.52	-0.577143	0.0157296
43	-0.68	-0.579535	0.0155446
44	-0.6	-0.58	0.0151943
45	-0.68	-0.582222	0.0150181
46	-0.76	-0.586087	0.015188
47	-0.76	-0.589787	0.015315
48	-0.68	-0.591667	0.0151099
49	-0.92	-0.598367	0.0162447
50	-0.84	-0.6032	0.016634
51	-0.52	-0.601569	0.016386
52	-0.44	-0.598462	0.0163654
53	-0.44	-0.595472	0.0163297
54	-0.6	-0.595556	0.0160247
55	-0.6	-0.595636	0.0157308
56	-0.52	-0.594286	0.0155063
57	-0.68	-0.595789	0.0153059
58	-0.52	-0.594483	0.0150963
59	-0.36	-0.590508	0.0153613
60	-0.36	-0.586667	0.015584
61	-0.44	-0.584262	0.0155139
62	-0.68	-0.585806	0.0153395
63	-0.68	-0.587302	0.015168
64	-0.84	-0.59125	0.0154424
65	-0.68	-0.592615	0.0152641
66	-0.52	-0.591515	0.0150713
67	-0.6	-0.591642	0.0148452
68	-0.6	-0.591765	0.0146258
69	-0.52	-0.590725	0.0144497
70	-0.6	-0.590857	0.0142424
71	-0.84	-0.594366	0.0144722
72	-0.84	-0.597778	0.014672
73	-0.68	-0.598904	0.0145134
74	-0.6	-0.598919	0.0143159
75	-0.52	-0.597867	0.0141629
76	-0.6	-0.597895	0.0139753
77	-0.6	-0.597922	0.0137926
78	-0.6	-0.597949	0.0136147
79	-0.68	-0.598987	0.0134813
80	-0.52	-0.598	0.0133483
81	-0.76	-0.6	0.0133333
82	-0.68	-0.600976	0.0132058
83	-0.52	-0.6	0.0130822
84	-0.44	-0.598095	0.0130651
85	-0.44	-0.596235	0.0130437
86	-0.6	-0.596279	0.0128913
87	-0.52	-0.595402	0.0127724
88	-0.52	-0.594545	0.0126554
89	-0.68	-0.595506	0.0125492
90	-0.52	-0.594667	0.0124373
91	-0.52	-0.593846	0.0123272
92	-0.52	-0.593043	0.0122189
93	-0.6	-0.593118	0.012087
94	-0.52	-0.59234	0.011983
95	-0.68	-0.593263	0.0118921
96	-0.6	-0.593333	0.0117677
97	-0.68	-0.594227	0.01168
98	-0.68	-0.595102	0.0115933
99	-0.68	-0.59596	0.0115076
100	-0.68	-0.5968	0.0114229
101	-0.68	-0.597624	0.0113392
102	-0.68	-0.598431	0.0112565
103	-0.6	-0.598447	0.0111467
104	-0.76	-0.6	0.0111477
105	-0.6	-0.6	0.011041
106	-0.68	-0.600755	0.0109624
107	-0.68	-0.601495	0.0108847
108	-0.68	-0.602222	0.0108079
109	-0.68	-0.602936	0.010732
110	-0.68	-0.603636	0.0106571
111	-0.52	-0.602883	0.0105875
112	-0.68	-0.603571	0.0105151
113	-0.52	-0.602832	0.0104478
114	-0.6	-0.602807	0.0103558
115	-0.6	-0.602783	0.0102654
116	-0.6	-0.602759	0.0101765
117	-0.68	-0.603419	0.0101108
118	-0.68	-0.604068	0.0100457
119	-0.6	-0.604034	0.00996098
120	-0.76	-0.605333	0.00996277
121	-0.68	-0.60595	0.00989934
122	-0.52	-0.605246	0.00984311
123	-0.44	-0.603902	0.00985476
124	-0.6	-0.603871	0.00977501
125	-0.68	-0.60448	0.00971561
126	-0.44	-0.603175	0.00972619
127	-0.68	-0.60378	0.00966824
128	-0.52	-0.603125	0.00961472
129	-0.52	-0.602481	0.00956163
130	-0.52	-0.601846	0.00950899
131	-0.52	-0.601221	0.00945678
132	-0.28	-0.598788	0.00969523
133	-0.36	-0.596992	0.00978813
134	-0.68	-0.597612	0.00973454
135	-0.68	-0.598222	0.00968142
136	-0.6	-0.598235	0.00960998
137	-0.68	-0.598832	0.00955822
138	-0.36	-0.597101	0.00964525
139	-0.68	-0.597698	0.00959416
140	-0.44	-0.596571	0.00959175
141	-0.6	-0.596596	0.00952352
142	-0.6	-0.59662	0.00945624
143	-0.68	-0.597203	0.00940797
144	-0.6	-0.597222	0.00934243
145	-0.6	-0.597241	0.00927779
146	-0.52	-0.596712	0.0092292
147	-0.52	-0.59619	0.00918105
148	-0.52	-0.595676	0.00913332
149	-0.52	-0.595168	0.00908602
150	-0.6	-0.5952	0.0090253
151	-0.44	-0.594172	0.00902406
152	-0.44	-0.593158	0.00902169
153	-0.6	-0.593203	0.00896264
154	-0.68	-0.593766	0.00892207
155	-0.52	-0.59329	0.00887709
156	-0.52	-0.592821	0.00883251
157	-0.52	-0.592357	0.00878832
158	-0.68	-0.592911	0.00875012
159	-0.68	-0.593459	0.00871215
160	-0.52	-0.593	0.00866969
161	-0.6	-0.593043	0.00861578
162	-0.68	-0.59358	0.00857924
163	-0.76	-0.594601	0.00858736
164	-0.6	-0.594634	0.0085349
165	-0.6	-0.594667	0.00848307
166	-0.6	-0.594699	0.00843188
167	-0.68	-0.59521	0.00839679
168	-0.36	-0.59381	0.00846326
169	-0.52	-0.593373	0.00842436
170	-0.36	-0.592	0.00848643
171	-0.28	-0.590175	0.0086317
172	-0.36	-0.588837	0.00868508
173	-0.28	-0.587052	0.00881734
174	-0.52	-0.586667	0.00877499
175	-0.6	-0.586743	0.00872503
176	-0.6	-0.586818	0.00867565
177	-0.6	-0.586893	0.00862681
178	-0.6	-0.586966	0.00857853
179	-0.52	-0.586592	0.00853867
180	-0.44	-0.585778	0.00853006
181	-0.44	-0.584972	0.00852095
182	-0.44	-0.584176	0.00851136
183	-0.36	-0.582951	0.0085529
184	-0.68	-0.583478	0.00852263
185	-0.52	-0.583135	0.00848338
186	-0.44	-0.582366	0.00847267
187	-0.6	-0.58246	0.00842776
188	-0.76	-0.583404	0.00843584
189	-0.68	-0.583915	0.00840664
190	-0.6	-0.584	0.00836271
191	-0.44	-0.583246	0.0083529
192	-0.52	-0.582917	0.00831581
193	-0.52	-0.582591	0.00827903
194	-0.44	-0.581856	0.00826897
195	-0.52	-0.581538	0.00823257
196	-0.68	-0.582041	0.00820585
197	-0.68	-0.582538	0.00817922
198	-0.6	-0.582626	0.00813829
199	-0.44	-0.58191	0.00812895
200	-0.44	-0.5812	0.00811926
201	-0.52	-0.580896	0.0080845
202	-0.68	-0.581386	0.00805933
203	-0.52	-0.581084	0.00802523
204	-0.84	-0.582353	0.00808602
205	-0.76	-0.58322	0.00809301
206	-0.84	-0.584466	0.00814952
207	-0.76	-0.585314	0.00815427
208	-0.68	-0.585769	0.00812773
209	-0.68	-0.58622	0.0081013
210	-0.6	-0.586286	0.0080629
211	-0.52	-0.585972	0.00803074
212	-0.44	-0.585283	0.00802237
213	-0.68	-0.585728	0.00799699
214	-0.68	-0.586168	0.00797172
215	-0.6	-0.586233	0.00793481
216	-0.52	-0.585926	0.00790394
217	-0.68	-0.586359	0.00787937
218	-0.68	-0.586789	0.0078549
219	-0.68	-0.587215	0.00783052
220	-0.68	-0.587636	0.00780625
221	-0.6	-0.587692	0.00777105
222	-0.6	-0.587748	0.00773616
223	-0.6	-0.587803	0.00770159
224	-0.52	-0.5875	0.0076731
225	-0.52	-0.5872	0.00764481
226	-0.28	-0.585841	0.00773134
227	-0.2	-0.584141	0.00788265
228	-0.44	-0.583509	0.00787342
229	-0.36	-0.582533	0.00789949
230	-0.52	-0.582261	0.00786977
231	-0.68	-0.582684	0.00784704
232	-0.76	-0.583448	0.00785044
233	-0.76	-0.584206	0.00785331
234	-0.6	-0.584274	0.00781997
235	-0.68	-0.584681	0.00779727
236	-0.68	-0.585085	0.00777466
237	-0.6	-0.585148	0.00774204
238	-0.52	-0.584874	0.0077143
239	-0.52	-0.584603	0.00768675
240	-0.6	-0.584667	0.00765492
241	-0.44	-0.584066	0.00764669
242	-0.28	-0.58281	0.00771799
243	-0.52	-0.582551	0.00769051
244	-0.52	-0.582295	0.00766322
245	-0.68	-0.582694	0.00764228
246	-0.52	-0.582439	0.00761542
247	-0.52	-0.582186	0.00758874
248	-0.6	-0.582258	0.00755842
249	-0.44	-0.581687	0.00754965
250	-0.36	-0.5808	0.0075715
251	-0.52	-0.580558	0.00754516
252	-0.68	-0.580952	0.00752551
253	-0.52	-0.580711	0.00749958
254	-0.52	-0.580472	0.00747382
255	-0.6	-0.580549	0.00744484
256	-0.6	-0.580625	0.0074161
257	-0.76	-0.581323	0.00742008
258	-0.68	-0.581705	0.00740115
259	-0.52	-0.581467	0.00737637
260	-0.6	-0.581538	0.00734829
261	-0.6	-0.581609	0.00732043
262	-0.68	-0.581985	0.00730209
263	-0.76	-0.582662	0.0073057
264	-0.76	-0.583333	0.00730891
265	-0.68	-0.583698	0.00729041
266	-0.6	-0.583759	0.00726321
267	-0.44	-0.583221	0.00725596
268	-0.6	-0.583284	0.0072291
269	-0.44	-0.582751	0.00722185
270	-0.68	-0.583111	0.00720406
271	-0.68	-0.583469	0.00718633
272	-0.6	-0.583529	0.00716012
273	-0.6	-0.58359	0.00713409
274	-0.52	-0.583358	0.0071118
275	-0.44	-0.582836	0.00710504
276	-0.52	-0.582609	0.00708291
277	-0.52	-0.582383	0.00706091
278	-0.44	-0.581871	0.00705408
279	-0.36	-0.581075	0.0070736
280	-0.36	-0.580286	0.00709238
281	-0.36	-0.579502	0.00711044
282	-0.44	-0.579007	0.00710243
283	-0.44	-0.578516	0.00709431
284	-0.52	-0.57831	0.00707229
285	-0.68	-0.578667	0.00705646
286	-0.68	-0.579021	0.00704066
287	-0.52	-0.578815	0.0070191
288	-0.68	-0.579167	0.0070035
289	-0.68	-0.579516	0.00698794
290	-0.68	-0.579862	0.00697242
291	-0.6	-0.579931	0.00694876
292	-0.52	-0.579726	0.00692797
293	-0.28	-0.578703	0.00697965
294	-0.28	-0.577687	0.00702968
295	-0.28	-0.576678	0.00707811
296	-0.68	-0.577027	0.00706279
297	-0.68	-0.577374	0.0070475
298	-0.52	-0.577181	0.00702645
299	-0.6	-0.577258	0.00700333
300	-0.76	-0.577867	0.00700647
301	-0.6	-0.57794	0.00698355
302	-0.6	-0.578013	0.00696077
303	-0.52	-0.577822	0.0069404
304	-0.6	-0.577895	0.00691791
305	-0.68	-0.57823	0.00690332
306	-0.68	-0.578562	0.00688875
307	-0.6	-0.578632	0.00686663
308	-0.52	-0.578442	0.00684695
309	-0.6	-0.578511	0.00682511
310	-0.68	-0.578839	0.00681093
311	-0.6	-0.578907	0.00678934
312	-0.6	-0.578974	0.00676788
313	-0.68	-0.579297	0.00675394
314	-0.6	-0.579363	0.00673272
315	-0.52	-0.579175	0.00671396
316	-0.52	-0.578987	0.00669529
317	-0.36	-0.578297	0.0067098
318	-0.52	-0.578113	0.00669117
319	-0.6	-0.578182	0.00667052
320	-0.52	-0.578	0.00665213
321	-0.44	-0.57757	0.00664529
322	-0.68	-0.577888	0.00663225
323	-0.6	-0.577957	0.00661204
324	-0.52	-0.577778	0.00659403
325	-0.68	-0.578092	0.00658123
326	-0.44	-0.577669	0.00657467
327	-0.6	-0.577737	0.00655489
328	-0.76	-0.578293	0.00655846
329	-0.6	-0.578359	0.00653883
330	-0.6	-0.578424	0.00651931
331	-0.6	-0.578489	0.00649991
332	-0.68	-0.578795	0.00648751
333	-0.52	-0.578619	0.00647041
334	-0.52	-0.578443	0.0064534
335	-0.6	-0.578507	0.00643443
336	-0.36	-0.577857	0.00644813
337	-0.36	-0.577211	0.00646138
338	-0.68	-0.577515	0.00644941
339	-0.44	-0.577109	0.00644314
340	-0.6	-0.577176	0.00642452
341	-0.52	-0.577009	0.00640784
342	-0.6	-0.577076	0.00638943
343	-0.68	-0.577376	0.00637784
344	-0.84	-0.57814	0.00640494
345	-0.6	-0.578203	0.00638666
346	-0.6	-0.578266	0.00636848
347	-0.44	-0.577867	0.00636259
348	-0.52	-0.577701	0.00634646
349	-0.44	-0.577307	0.00634054
350	-0.44	-0.576914	0.00633456
351	-0.44	-0.576524	0.00632852
352	-0.36	-0.575909	0.00634042
353	-0.28	-0.575071	0.00637777
354	-0.36	-0.574463	0.00638868
355	-0.6	-0.574535	0.00637106
356	-0.52	-0.574382	0.00635499
357	-0.52	-0.57423	0.00633899
358	-0.6	-0.574302	0.00632167
359	-0.52	-0.57415	0.00630585
360	-0.76	-0.574667	0.00630946
361	-0.44	-0.574294	0.00630301
362	-0.52	-0.574144	0.00628736
363	-0.68	-0.574435	0.0062768
364	-0.76	-0.574945	0.00628026
365	-0.52	-0.574795	0.00626483
366	-0.76	-0.575301	0.00626815
367	-0.6	-0.575368	0.00625141
368	-0.6	-0.575435	0.00623476
369	-0.44	-0.575068	0.00622867
370	-0.68	-0.575351	0.00621828
371	-0.36	-0.574771	0.0062286
372	-0.36	-0.574194	0.00623861
373	-0.52	-0.574048	0.00622356
374	-0.52	-0.573904	0.00620858
375	-0.44	-0.573547	0.00620228
376	-0.6	-0.573617	0.00618617
377	-0.6	-0.573687	0.00617013
378	-0.52	-0.573545	0.00615543
379	-0.68	-0.573826	0.00614559
380	-0.6	-0.573895	0.00612978
381	-0.68	-0.574173	0.00612001
382	-0.68	-0.57445	0.00611025
383	-0.6	-0.574517	0.00609464
384	-0.44	-0.574167	0.00608883
385	-0.68	-0.574442	0.00607922
386	-0.52	-0.574301	0.00606509
387	-0.44	-0.573953	0.00605934
388	-0.44	-0.573608	0.00605356
389	-0.52	-0.57347	0.00603955
390	-0.28	-0.572718	0.00607086
391	-0.52	-0.572583	0.00605681
392	-0.52	-0.572449	0.00604283
393	-0.36	-0.571908	0.00605163
394	-0.6	-0.57198	0.00603667
395	-0.68	-0.572253	0.00602757
396	-0.6	-0.572323	0.00601274
397	-0.52	-0.572191	0.00599903
398	-0.36	-0.571658	0.00600764
399	-0.52	-0.571529	0.00599396
400	-0.52	-0.5714	0.00598034
401	-0.68	-0.571671	0.00597156
402	-0.68	-0.57194	0.00596278
403	-0.76	-0.572407	0.00596624
404	-0.76	-0.572871	0.00596954
405	-0.84	-0.573531	0.0059912
406	-0.84	-0.574187	0.00601235
407	-0.68	-0.574447	0.0060032
408	-0.52	-0.574314	0.00598995
409	-0.68	-0.574572	0.00598087
410	-0.6	-0.574634	0.00596659
411	-0.36	-0.574112	0.00597492
412	-0.52	-0.573981	0.00596185
413	-0.6	-0.574044	0.00594773
414	-0.68	-0.5743	0.00593886
415	-0.52	-0.574169	0.00592598
416	-0.6	-0.574231	0.00591204
417	-0.44	-0.573909	0.00590662
418	-0.6	-0.573971	0.00589281
419	-0.6	-0.574033	0.00587906
420	-0.44	-0.573714	0.00587372
421	-0.44	-0.573397	0.00586835
422	-0.6	-0.57346	0.00585477
423	-0.52	-0.573333	0.00584228
424	-0.36	-0.57283	0.00585016
425	-0.52	-0.572706	0.0058377
426	-0.68	-0.572958	0.00582942
427	-0.76	-0.573396	0.00583223
428	-0.76	-0.573832	0.0058349
429	-0.76	-0.574266	0.00583743
430	-0.76	-0.574698	0.00583984
431	-0.76	-0.575128	0.00584211
432	-0.68	-0.57537	0.00583363
433	-0.76	-0.575797	0.00583574
434	-0.76	-0.576221	0.00583773
435	-0.76	-0.576644	0.00583959
436	-0.68	-0.576881	0.00583101
437	-0.36	-0.576384	0.00583878
438	-0.44	-0.576073	0.00583375
439	-0.44	-0.575763	0.00582869
440	-0.52	-0.575636	0.00581681
441	-0.52	-0.57551	0.00580498
442	-0.52	-0.575385	0.00579319
443	-0.44	-0.575079	0.00578817
444	-0.44	-0.574775	0.00578313
445	-0.44	-0.574472	0.00577806
446	-0.84	-0.575067	0.00579575
447	-0.6	-0.575123	0.00578304
448	-0.44	-0.574821	0.00577799
449	-0.76	-0.575234	0.00577984
450	-0.6	-0.575289	0.00576725
451	-0.6	-0.575344	0.00575471
452	-0.52	-0.575221	0.00574327
453	-0.52	-0.575099	0.00573187
454	-0.52	-0.574978	0.00572052
455	-0.52	-0.574857	0.00570921
456	-0.68	-0.575088	0.00570134
457	-0.68	-0.575317	0.00569348
458	-0.68	-0.575546	0.00568563
459	-0.76	-0.575948	0.00568745
460	-0.44	-0.575652	0.00568276
461	-0.68	-0.575879	0.00567494
462	-0.6	-0.575931	0.00566288
463	-0.52	-0.57581	0.00565193
464	-0.52	-0.57569	0.00564101
465	-0.52	-0.57557	0.00563014
466	-0.68	-0.575794	0.00562252
467	-0.68	-0.576017	0.0056149
468	-0.68	-0.576239	0.00560729
469	-0.44	-0.575949	0.00560286
470	-0.6	-0.576	0.00559116
471	-0.52	-0.575881	0.00558054
472	-0.68	-0.576102	0.00557308
473	-0.68	-0.576321	0.00556562
474	-0.52	-0.576203	0.00555513
475	-0.76	-0.576589	0.00555691
476	-0.68	-0.576807	0.00554948
477	-0.6	-0.576855	0.00553805
478	-0.6	-0.576904	0.00552666
479	-0.6	-0.576952	0.00551532
480	-0.52	-0.576833	0.0055051
481	-0.6	-0.576881	0.00549385
482	-0.44	-0.576598	0.0054898
483	-0.52	-0.57648	0.00547967
484	-0.52	-0.576364	0.00546958
485	-0.76	-0.576742	0.00547141
486	-0.52	-0.576626	0.00546139
487	-0.36	-0.576181	0.00546828
488	-0.52	-0.576066	0.00545828
489	-0.44	-0.575787	0.00545421
490	-0.52	-0.575673	0.00544426
491	-0.44	-0.575397	0.00544018
492	-0.6	-0.575447	0.00542934
493	-0.68	-0.575659	0.00542247
494	-0.44	-0.575385	0.00541844
495	-0.52	-0.575273	0.00540864
496	-0.6	-0.575323	0.00539796
497	-0.68	-0.575533	0.0053912
498	-0.76	-0.575904	0.0053931
499	-0.76	-0.576273	0.00539491
500	-0.68	-0.57648	0.00538811
501	-0.68	-0.576687	0.00538131
502	-0.76	-0.577052	0.00538298
503	-0.6	-0.577097	0.00537246
504	-0.6	-0.577143	0.00536198
505	-0.6	-0.577188	0.00535155
506	-0.52	-0.577075	0.00534215
507	-0.52	-0.576963	0.0053328
508	-0.44	-0.576693	0.00532911
509	-0.36	-0.576267	0.00533564
510	-0.36	-0.575843	0.00534203
511	-0.52	-0.575734	0.00533268
512	-0.52	-0.575625	0.00532337
513	-0.6	-0.575673	0.0053132
514	-0.52	-0.575564	0.00530396
515	-0.52	-0.575456	0.00529475
516	-0.52	-0.575349	0.00528557
517	-0.6	-0.575397	0.00527555
518	-0.6	-0.575444	0.00526557
519	-0.76	-0.5758	0.00526743
520	-0.52	-0.575692	0.00525839
521	-0.44	-0.575432	0.00525474
522	-0.6	-0.575479	0.00524488
523	-0.6	-0.575526	0.00523505
524	-0.68	-0.575725	0.00522885
525	-0.68	-0.575924	0.00522266
526	-0.68	-0.576122	0.00521648
527	-0.44	-0.575863	0.00521297
528	-0.36	-0.575455	0.00521913
529	-0.44	-0.575198	0.00521554
530	-0.36	-0.574792	0.0052215
531	-0.44	-0.574539	0.00521784
532	-0.6	-0.574586	0.00520824
533	-0.6	-0.574634	0.00519868
534	-0.44	-0.574382	0.00519505
535	-0.36	-0.573981	0.00520079
536	-0.44	-0.573731	0.0051971
537	-0.6	-0.57378	0.00518764
538	-0.44	-0.573532	0.00518396
539	-0.68	-0.573729	0.0051781
540	-0.44	-0.573481	0.00517443
541	-0.6	-0.57353	0.00516509
542	-0.52	-0.573432	0.0051565
543	-0.52	-0.573333	0.00514793
544	-0.44	-0.573088	0.0051443
545	-0.52	-0.572991	0.00513578
546	-0.68	-0.573187	0.00513011
547	-0.6	-0.573236	0.00512096
548	-0.68	-0.573431	0.00511532
549	-0.36	-0.573042	0.00512077
550	-0.44	-0.5728	0.00511717
551	-0.52	-0.572704	0.00510877
552	-0.44	-0.572464	0.00510517
553	-0.52	-0.572369	0.00509682
554	-0.6	-0.572419	0.00508785
555	-0.52	-0.572324	0.00507955
556	-0.52	-0.57223	0.00507128
557	-0.6	-0.57228	0.00506242
558	-0.6	-0.57233	0.00505358
559	-0.6	-0.572379	0.00504477
560	-0.68	-0.572571	0.00503942
561	-0.76	-0.572906	0.00504151
562	-0.6	-0.572954	0.00503277
563	-0.6	-0.573002	0.00502405
564	-0.6	-0.57305	0.00501536
565	-0.76	-0.573381	0.0050174
566	-0.76	-0.57371	0.00501937
567	-0.52	-0.573616	0.0050114
568	-0.52	-0.573521	0.00500346
569	-0.52	-0.573427	0.00499555
570	-0.52	-0.573333	0.00498766
571	-0.44	-0.5731	0.00498439
572	-0.28	-0.572587	0.00500198
573	-0.6	-0.572635	0.00499347
574	-0.76	-0.572962	0.00499544
575	-0.68	-0.573148	0.00499022
576	-0.76	-0.573472	0.0049921
577	-0.84	-0.573934	0.0050048
578	-0.76	-0.574256	0.0050065
579	-0.68	-0.574439	0.00500118
580	-0.84	-0.574897	0.0050135
581	-0.6	-0.57494	0.00500505
582	-0.76	-0.575258	0.00500655
583	-0.6	-0.5753	0.00499813
584	-0.68	-0.575479	0.00499279
585	-0.76	-0.575795	0.00499422
586	-0.52	-0.5757	0.0049866
587	-0.68	-0.575877	0.00498126
588	-0.52	-0.575782	0.00497369
589	-0.6	-0.575823	0.00496541
590	-0.68	-0.576	0.00496013
591	-0.68	-0.576176	0.00495486
592	-0.6	-0.576216	0.00494665
593	-0.68	-0.576391	0.0049414
594	-0.6	-0.576431	0.00493323
595	-0.84	-0.576874	0.00494481
596	-0.76	-0.577181	0.00494606
597	-0.6	-0.577219	0.00493792
598	-0.68	-0.577391	0.00493265
599	-0.6	-0.577429	0.00492455
600	-0.6	-0.577467	0.00491648
601	-0.68	-0.577637	0.00491126
602	-0.76	-0.57794	0.00491244
603	-0.76	-0.578242	0.00491358
604	-0.68	-0.578411	0.00490833
605	-0.68	-0.578579	0.00490308
606	-0.44	-0.57835	0.00490032
607	-0.44	-0.578122	0.00489755
608	-0.52	-0.578026	0.00489042
609	-0.52	-0.577931	0.00488332
610	-0.6	-0.577967	0.00487544
611	-0.6	-0.578003	0.00486759
612	-0.44	-0.577778	0.00486485
613	-0.6	-0.577814	0.00485705
614	-0.6	-0.57785	0.00484926
615	-0.52	-0.577756	0.00484229
616	-0.68	-0.577922	0.00483727
617	-0.76	-0.578217	0.00483843
618	-0.6	-0.578252	0.00483072
619	-0.52	-0.578158	0.00482383
620	-0.44	-0.577935	0.0048212
621	-0.68	-0.5781	0.00481623
622	-0.6	-0.578135	0.00480861
623	-0.76	-0.578427	0.00480975
624	-0.68	-0.57859	0.0048048
625	-0.52	-0.578496	0.00479802
626	-0.44	-0.578275	0.00479545
627	-0.6	-0.578309	0.00478793
628	-0.28	-0.577834	0.00480384
629	-0.2	-0.577234	0.00483367
630	-0.36	-0.576889	0.00483829
631	-0.6	-0.576926	0.00483075
632	-0.52	-0.576835	0.00482395
633	-0.44	-0.576619	0.00482117
634	-0.68	-0.576782	0.00481632
635	-0.6	-0.576819	0.00480887
636	-0.6	-0.576855	0.00480144
637	-0.52	-0.576766	0.00479473
638	-0.68	-0.576928	0.00478994
639	-0.44	-0.576714	0.00478723
640	-0.28	-0.57625	0.00480218
641	-0.52	-0.576162	0.00479549
642	-0.6	-0.576199	0.00478815
643	-0.68	-0.576361	0.00478343
644	-0.36	-0.576025	0.0047878
645	-0.6	-0.576062	0.00478051
646	-0.52	-0.575975	0.00477389
647	-0.52	-0.575889	0.00476729
648	-0.68	-0.576049	0.00476264
649	-0.76	-0.576333	0.00476374
650	-0.68	-0.576492	0.00475908
651	-0.76	-0.576774	0.00476011
652	-0.84	-0.577178	0.00476992
653	-0.52	-0.57709	0.00476342
654	-0.68	-0.577248	0.00475873
655	-0.76	-0.577527	0.00475965
656	-0.68	-0.577683	0.00475495
657	-0.6	-0.577717	0.00474783
658	-0.44	-0.577508	0.00474523
659	-0.44	-0.577299	0.00474261
660	-0.6	-0.577333	0.00473555
661	-0.76	-0.57761	0.00473645
662	-0.6	-0.577644	0.00472941
663	-0.52	-0.577557	0.00472307
664	-0.6	-0.57759	0.00471607
665	-0.6	-0.577624	0.00470909
666	-0.6	-0.577658	0.00470214
667	-0.68	-0.577811	0.00469759
668	-0.6	-0.577844	0.00469067
669	-0.52	-0.577758	0.00468445
670	-0.6	-0.577791	0.00467757
671	-0.36	-0.577466	0.00468186
672	-0.6	-0.5775	0.00467501
673	-0.68	-0.577652	0.00467054
674	-0.68	-0.577804	0.00466608
675	-0.44	-0.5776	0.00466363
676	-0.52	-0.577515	0.00465751
677	-0.6	-0.577548	0.00465074
678	-0.44	-0.577345	0.0046483
679	-0.6	-0.577378	0.00464157
680	-0.68	-0.577529	0.0046372
681	-0.76	-0.577797	0.00463813
682	-0.68	-0.577947	0.00463375
683	-0.68	-0.578097	0.00462937
684	-0.76	-0.578363	0.00463024
685	-0.68	-0.578511	0.00462586
686	-0.68	-0.578659	0.00462148
687	-0.36	-0.578341	0.00462571
688	-0.6	-0.578372	0.00461909
689	-0.52	-0.578287	0.00461316
690	-0.68	-0.578435	0.00460882
691	-0.84	-0.578813	0.00461769
692	-0.68	-0.57896	0.00461333
693	-0.68	-0.579105	0.00460898
694	-0.6	-0.579135	0.00460243
695	-0.52	-0.57905	0.00459659
696	-0.44	-0.578851	0.00459433
697	-0.68	-0.578996	0.00459002
698	-0.68	-0.57914	0.00458573
699	-0.6	-0.57917	0.00457926
700	-0.76	-0.579429	0.00458
701	-0.52	-0.579344	0.00457425
702	-0.52	-0.579259	0.00456851
703	-0.52	-0.579175	0.00456279
704	-0.6	-0.579205	0.0045564
705	-0.52	-0.579121	0.00455071
706	-0.6	-0.57915	0.00454435
707	-0.68	-0.579293	0.00454016
708	-0.68	-0.579435	0.00453597
709	-0.6	-0.579464	0.00452967
710	-0.76	-0.579718	0.00453042
711	-0.6	-0.579747	0.00452414
712	-0.44	-0.579551	0.00452204
713	-0.44	-0.579355	0.00451993
714	-0.36	-0.579048	0.00452404
715	-0.44	-0.578853	0.00452189
716	-0.52	-0.578771	0.00451632
717	-0.44	-0.578577	0.00451417
718	-0.6	-0.578607	0.00450798
719	-0.6	-0.578637	0.0045018
720	-0.6	-0.578667	0.00449564
721	-0.52	-0.578585	0.00449014
722	-0.6	-0.578615	0.00448401
723	-0.52	-0.578534	0.00447854
724	-0.36	-0.578232	0.00448253
725	-0.68	-0.578372	0.00447854
726	-0.76	-0.578623	0.00447936
727	-0.52	-0.578542	0.00447392
728	-0.52	-0.578462	0.00446849
729	-0.36	-0.578162	0.00447241
730	-0.36	-0.577863	0.00447627
731	-0.44	-0.577674	0.00447411
732	-0.6	-0.577705	0.0044681
733	-0.6	-0.577735	0.00446211
734	-0.52	-0.577657	0.00445672
735	-0.52	-0.577578	0.00445134
736	-0.44	-0.577391	0.00444922
737	-0.68	-0.577531	0.00444536
738	-0.6	-0.577561	0.00443943
739	-0.52	-0.577483	0.00443411
740	-0.6	-0.577514	0.00442821
741	-0.68	-0.577652	0.0044244
742	-0.6	-0.577682	0.00441853
743	-0.76	-0.577927	0.0044194
744	-0.76	-0.578172	0.00442023
745	-0.44	-0.577987	0.00441819
746	-0.44	-0.577802	0.00441614
747	-0.44	-0.577617	0.00441408
748	-0.52	-0.57754	0.00440885
749	-0.6	-0.57757	0.00440306
750	-0.44	-0.577387	0.00440101
751	-0.68	-0.577523	0.00439727
752	-0.6	-0.577553	0.00439152
753	-0.68	-0.577689	0.00438779
754	-0.68	-0.577825	0.00438407
755	-0.68	-0.57796	0.00438035
756	-0.44	-0.577778	0.00437836
757	-0.52	-0.577701	0.00437324
758	-0.76	-0.577942	0.00437408
759	-0.68	-0.578076	0.00437038
760	-0.68	-0.578211	0.00436669
761	-0.52	-0.578134	0.00436162
762	-0.36	-0.577848	0.00436529
763	-0.52	-0.577772	0.00436022
764	-0.52	-0.577696	0.00435517
765	-0.6	-0.577725	0.00434957
766	-0.6	-0.577755	0.00434398
767	-0.76	-0.577992	0.00434482
768	-0.68	-0.578125	0.00434119
769	-0.6	-0.578153	0.00433563
770	-0.44	-0.577974	0.00433371
771	-0.6	-0.578003	0.00432818
772	-0.52	-0.577927	0.00432323
773	-0.6	-0.577956	0.00431772
774	-0.68	-0.578088	0.00431416
775	-0.44	-0.57791	0.00431227
776	-0.44	-0.577732	0.00431037
777	-0.44	-0.577555	0.00430847
778	-0.28	-0.577172	0.00431989
779	-0.6	-0.577202	0.00431444
780	-0.6	-0.577231	0.00430901
781	-0.6	-0.57726	0.00430359
782	-0.6	-0.577289	0.00429818
783	-0.6	-0.577318	0.00429278
784	-0.6	-0.577347	0.0042874
785	-0.44	-0.577172	0.00428551
786	-0.52	-0.577099	0.00428067
787	-0.52	-0.577027	0.00427585
788	-0.68	-0.577157	0.00427241
789	-0.68	-0.577288	0.00426899
790	-0.52	-0.577215	0.0042642
791	-0.68	-0.577345	0.00426078
792	-0.68	-0.577475	0.00425737
793	-0.76	-0.577705	0.00425823
794	-0.76	-0.577935	0.00425905
795	-0.76	-0.578164	0.00425985
796	-0.68	-0.578291	0.00425642
797	-0.76	-0.578519	0.00425719
798	-0.84	-0.578847	0.00426446
799	-0.76	-0.579074	0.00426515
800	-0.6	-0.5791	0.00425989
801	-0.68	-0.579226	0.00425643
802	-0.76	-0.579451	0.00425709
803	-0.68	-0.579577	0.00425363
804	-0.52	-0.579502	0.00424899
805	-0.36	-0.57923	0.00425246
806	-0.52	-0.579156	0.00424781
807	-0.76	-0.57938	0.00424846
808	-0.76	-0.579604	0.00424908
809	-0.76	-0.579827	0.00424968
810	-0.6	-0.579852	0.0042445
811	-0.44	-0.579679	0.00424277
812	-0.6	-0.579704	0.00423762
813	-0.52	-0.579631	0.00423304
814	-0.44	-0.579459	0.00423131
815	-0.44	-0.579288	0.00422958
816	-0.6	-0.579314	0.00422447
817	-0.6	-0.579339	0.00421937
818	-0.52	-0.579267	0.00421484
819	-0.6	-0.579292	0.00420976
820	-0.52	-0.57922	0.00420525
821	-0.52	-0.579147	0.00420074
822	-0.6	-0.579173	0.00419571
823	-0.6	-0.579198	0.00419068
824	-0.68	-0.57932	0.00418738
825	-0.6	-0.579345	0.00418238
826	-0.68	-0.579467	0.00417909
827	-0.76	-0.579686	0.00417974
828	-0.68	-0.579807	0.00417644
829	-0.6	-0.579831	0.00417147
830	-0.52	-0.579759	0.00416707
831	-0.44	-0.579591	0.00416545
832	-0.52	-0.579519	0.00416105
833	-0.6	-0.579544	0.00415613
834	-0.52	-0.579472	0.00415175
835	-0.44	-0.579305	0.00415014
836	-0.52	-0.579234	0.00414578
837	-0.44	-0.579068	0.00414417
838	-0.52	-0.578998	0.00413982
839	-0.36	-0.578737	0.00414311
840	-0.36	-0.578476	0.00414636
841	-0.68	-0.578597	0.00414319
842	-0.6	-0.578622	0.00413834
843	-0.76	-0.578837	0.00413902
844	-0.52	-0.578768	0.00413471
845	-0.52	-0.578698	0.0041304
846	-0.36	-0.57844	0.0041336
847	-0.44	-0.578276	0.00413195
848	-0.52	-0.578208	0.00412765
849	-0.68	-0.578327	0.00412453
850	-0.52	-0.578259	0.00412024
851	-0.6	-0.578284	0.00411548
852	-0.68	-0.578404	0.00411238
853	-0.6	-0.578429	0.00410763
854	-0.6	-0.578454	0.0041029
855	-0.6	-0.57848	0.00409817
856	-0.68	-0.578598	0.0040951
857	-0.52	-0.57853	0.00409089
858	-0.68	-0.578648	0.00408783
859	-0.6	-0.578673	0.00408315
860	-0.52	-0.578605	0.00407897
861	-0.6	-0.57863	0.0040743
862	-0.68	-0.578747	0.00407127
863	-0.44	-0.578586	0.00406973
864	-0.44	-0.578426	0.00406818
865	-0.6	-0.578451	0.00406355
866	-0.52	-0.578383	0.00405941
867	-0.68	-0.578501	0.00405642
868	-0.68	-0.578618	0.00405343
869	-0.68	-0.578734	0.00405045
870	-0.68	-0.578851	0.00404746
871	-0.6	-0.578875	0.00404289
872	-0.6	-0.578899	0.00403832
873	-0.76	-0.579107	0.00403902
874	-0.68	-0.579222	0.00403605
875	-0.6	-0.579246	0.0040315
876	-0.44	-0.579087	0.00403004
877	-0.6	-0.579111	0.00402551
878	-0.6	-0.579134	0.00402099
879	-0.52	-0.579067	0.00401698
880	-0.6	-0.579091	0.00401248
881	-0.36	-0.578842	0.00401563
882	-0.44	-0.578685	0.00401416
883	-0.52	-0.578618	0.00401017
884	-0.6	-0.578643	0.0040057
885	-0.2	-0.578215	0.00402398
886	-0.52	-0.578149	0.00401997
887	-0.6	-0.578174	0.00401551
888	-0.76	-0.578378	0.00401621
889	-0.44	-0.578223	0.00401471
890	-0.68	-0.578337	0.00401183
891	-0.76	-0.578541	0.00401251
892	-0.68	-0.578655	0.00400962
893	-0.76	-0.578858	0.00401027
894	-0.76	-0.57906	0.0040109
895	-0.76	-0.579263	0.00401152
896	-0.6	-0.579286	0.00400711
897	-0.68	-0.579398	0.00400421
898	-0.76	-0.579599	0.0040048
899	-0.6	-0.579622	0.00400041
900	-0.68	-0.579733	0.00399752
901	-0.6	-0.579756	0.00399314
902	-0.68	-0.579867	0.00399026
903	-0.68	-0.579978	0.00398738
904	-0.68	-0.580088	0.0039845
905	-0.68	-0.580199	0.00398163
906	-0.6	-0.580221	0.00397729
907	-0.76	-0.580419	0.00397785
908	-0.68	-0.580529	0.00397498
909	-0.6	-0.58055	0.00397066
910	-0.52	-0.580484	0.00396685
911	-0.52	-0.580417	0.00396305
912	-0.6	-0.580439	0.00395876
913	-0.52	-0.580372	0.00395498
914	-0.6	-0.580394	0.00395071
915	-0.68	-0.580503	0.00394789
916	-0.76	-0.580699	0.00394844
917	-0.76	-0.580894	0.00394898
918	-0.6	-0.580915	0.00394473
919	-0.44	-0.580762	0.00394341
920	-0.6	-0.580783	0.00393918
921	-0.68	-0.58089	0.00393638
922	-0.44	-0.580738	0.00393507
923	-0.52	-0.580672	0.00393136
924	-0.52	-0.580606	0.00392765
925	-0.52	-0.580541	0.00392395
926	-0.6	-0.580562	0.00391976
927	-0.52	-0.580496	0.00391608
928	-0.44	-0.580345	0.00391479
929	-0.6	-0.580366	0.00391063
930	-0.76	-0.580559	0.00391119
931	-0.84	-0.580838	0.00391691
932	-0.84	-0.581116	0.00392258
933	-0.68	-0.581222	0.0039198
934	-0.76	-0.581413	0.00392028
935	-0.76	-0.581604	0.00392074
936	-0.52	-0.581538	0.0039171
937	-0.6	-0.581558	0.00391297
938	-0.52	-0.581493	0.00390935
939	-0.52	-0.581427	0.00390573
940	-0.44	-0.581277	0.00390447
941	-0.6	-0.581296	0.00390037
942	-0.68	-0.581401	0.00389764
943	-0.36	-0.581166	0.00390057
944	-0.6	-0.581186	0.00389649
945	-0.44	-0.581037	0.00389523
946	-0.6	-0.581057	0.00389116
947	-0.6	-0.581077	0.0038871
948	-0.6	-0.581097	0.00388305
949	-0.52	-0.581033	0.00387949
950	-0.28	-0.580716	0.00388834
951	-0.52	-0.580652	0.00388478
952	-0.44	-0.580504	0.0038835
953	-0.6	-0.580525	0.00387948
954	-0.52	-0.580461	0.00387593
955	-0.52	-0.580398	0.00387239
956	-0.76	-0.580586	0.00387289
957	-0.68	-0.58069	0.00387024
958	-0.6	-0.58071	0.00386625
959	-0.68	-0.580813	0.0038636
960	-0.68	-0.580917	0.00386096
961	-0.36	-0.580687	0.00386379
962	-0.52	-0.580624	0.00386028
963	-0.6	-0.580644	0.00385632
964	-0.6	-0.580664	0.00385237
965	-0.6	-0.580684	0.00384843
966	-0.6	-0.580704	0.0038445
967	-0.6	-0.580724	0.00384057
968	-0.6	-0.580744	0.00383665
969	-0.6	-0.580764	0.00383274
970	-0.68	-0.580866	0.00383016
971	-0.6	-0.580886	0.00382626
972	-0.52	-0.580823	0.00382284
973	-0.6	-0.580843	0.00381896
974	-0.36	-0.580616	0.00382177
975	-0.44	-0.580472	0.00382057
976	-0.6	-0.580492	0.0038167
977	-0.52	-0.58043	0.0038133
978	-0.52	-0.580368	0.0038099
979	-0.6	-0.580388	0.00380606
980	-0.68	-0.58049	0.00380353
981	-0.76	-0.580673	0.00380405
982	-0.68	-0.580774	0.00380152
983	-0.76	-0.580956	0.00380203
984	-0.68	-0.581057	0.0037995
985	-0.6	-0.581076	0.00379569
986	-0.52	-0.581014	0.00379234
987	-0.6	-0.581033	0.00378854
988	-0.6	-0.581053	0.00378476
989	-0.6	-0.581072	0.00378098
990	-0.68	-0.581172	0.00377848
991	-0.76	-0.581352	0.00377897
992	-0.68	-0.581452	0.00377647
993	-0.84	-0.581712	0.00378164
994	-0.68	-0.581811	0.00377913
995	-0.52	-0.581749	0.00377584
996	-0.6	-0.581767	0.00377209
997	-0.68	-0.581866	0.00376959
998	-0.52	-0.581804	0.00376632
999	-0.52	-0.581742	0.00376306
1000	-0.6	-0.58176	0.00375934
1001	-0.6	-0.581778	0.00375563
1002	-0.6	-0.581796	0.00375192
1003	-0.6	-0.581815	0.00374822
1004	-0.52	-0.581753	0.00374499
1005	-0.44	-0.581612	0.00374392
1006	-0.52	-0.581551	0.0037407
1007	-0.44	-0.58141	0.00373963
1008	-0.76	-0.581587	0.00374011
1009	-0.6	-0.581606	0.00373645
1010	-0.6	-0.581624	0.00373279
1011	-0.52	-0.581563	0.0037296
1012	-0.68	-0.58166	0.00372718
1013	-0.36	-0.581441	0.00372992
1014	-0.44	-0.581302	0.00372885
1015	-0.68	-0.581399	0.00372644
1016	-0.6	-0.581417	0.00372282
1017	-0.68	-0.581514	0.00372042
1018	-0.68	-0.581611	0.00371802
1019	-0.68	-0.581708	0.00371563
1020	-0.68	-0.581804	0.00371323
1021	-0.44	-0.581665	0.00371219
1022	-0.44	-0.581526	0.00371115
1023	-0.44	-0.581388	0.0037101
1024	-0.6	-0.581406	0.00370652
1025	-0.76	-0.58158	0.003707
1026	-0.6	-0.581598	0.00370343
1027	-0.52	-0.581538	0.00370031
1028	-0.6	-0.581556	0.00369675
1029	-0.52	-0.581497	0.00369364
1030	-0.68	-0.581592	0.00369129
1031	-0.6	-0.58161	0.00368775
1032	-0.52	-0.58155	0.00368466
1033	-0.52	-0.581491	0.00368157
1034	-0.52	-0.581431	0.00367849
1035	-0.76	-0.581604	0.00367898
1036	-0.68	-0.581699	0.00367666
1037	-0.68	-0.581794	0.00367433
1038	-0.76	-0.581965	0.0036748
1039	-0.44	-0.581829	0.00367381
1040	-0.52	-0.581769	0.00367076
1041	-0.36	-0.581556	0.00367341
1042	-0.44	-0.58142	0.0036724
1043	-0.44	-0.581285	0.00367138
1044	-0.6	-0.581303	0.0036679
1045	-0.68	-0.581397	0.00366561
1046	-0.68	-0.581491	0.00366332
1047	-0.68	-0.581585	0.00366102
1048	-0.68	-0.581679	0.00365874
1049	-0.6	-0.581697	0.00365529
1050	-0.6	-0.581714	0.00365185
1051	-0.6	-0.581732	0.00364841
1052	-0.6	-0.581749	0.00364498
1053	-0.52	-0.58169	0.00364199
1054	-0.44	-0.581556	0.00364102
1055	-0.6	-0.581573	0.00363761
1056	-0.6	-0.581591	0.0036342
1057	-0.52	-0.581533	0.00363123
1058	-0.6	-0.58155	0.00362784
1059	-0.52	-0.581492	0.00362488
1060	-0.36	-0.581283	0.00362748
1061	-0.44	-0.58115	0.0036265
1062	-0.52	-0.581092	0.00362354
1063	-0.68	-0.581185	0.00362133
1064	-0.68	-0.581278	0.00361912
1065	-0.68	-0.581371	0.0036169
1066	-0.76	-0.581538	0.00361739
1067	-0.76	-0.581706	0.00361787
1068	-0.76	-0.581873	0.00361833
1069	-0.76	-0.582039	0.00361879
1070	-0.6	-0.582056	0.00361544
1071	-0.68	-0.582148	0.00361322
1072	-0.76	-0.582313	0.00361366
1073	-0.52	-0.582255	0.00361076
1074	-0.68	-0.582346	0.00360854
1075	-0.52	-0.582288	0.00360565
1076	-0.68	-0.582379	0.00360344
1077	-0.36	-0.582173	0.00360601
1078	-0.44	-0.582041	0.00360508
1079	-0.44	-0.581909	0.00360414
1080	-0.52	-0.581852	0.00360126
1081	-0.44	-0.581721	0.00360032
1082	-0.36	-0.581516	0.00360282
1083	-0.44	-0.581385	0.00360186
1084	-0.68	-0.581476	0.00359969
1085	-0.68	-0.581567	0.00359751
1086	-0.6	-0.581584	0.00359424
1087	-0.6	-0.581601	0.00359097
1088	-0.6	-0.581618	0.00358771
1089	-0.76	-0.581781	0.00358816
1090	-0.68	-0.581872	0.00358599
1091	-0.68	-0.581962	0.00358383
1092	-0.6	-0.581978	0.00358059
1093	-0.6	-0.581995	0.00357735
1094	-0.68	-0.582084	0.0035752
1095	-0.44	-0.581954	0.00357429
1096	-0.36	-0.581752	0.00357677
1097	-0.36	-0.58155	0.00357922
1098	-0.44	-0.581421	0.00357828
1099	-0.52	-0.581365	0.00357546
1100	-0.52	-0.581309	0.00357264
1101	-0.44	-0.581181	0.0035717
1102	-0.6	-0.581198	0.0035685
1103	-0.52	-0.581142	0.00356569
1104	-0.28	-0.58087	0.00357289
1105	-0.52	-0.580814	0.00357008
1106	-0.44	-0.580687	0.00356912
1107	-0.44	-0.58056	0.00356816
1108	-0.44	-0.580433	0.0035672
1109	-0.44	-0.580307	0.00356623
1110	-0.36	-0.580108	0.00356854
1111	-0.36	-0.57991	0.00357082
1112	-0.44	-0.579784	0.00356983
1113	-0.52	-0.57973	0.00356702
1114	-0.52	-0.579677	0.00356422
1115	-0.68	-0.579767	0.00356216
1116	-0.76	-0.579928	0.00356263
1117	-0.6	-0.579946	0.00355949
1118	-0.52	-0.579893	0.00355671
1119	-0.6	-0.579911	0.00355357
1120	-0.44	-0.579786	0.00355259
1121	-0.6	-0.579804	0.00354947
1122	-0.6	-0.579822	0.00354635
1123	-0.68	-0.579911	0.00354431
1124	-0.52	-0.579858	0.00354156
1125	-0.68	-0.579947	0.00353953
1126	-0.28	-0.57968	0.0035464
1127	-0.52	-0.579627	0.00354365
1128	-0.6	-0.579645	0.00354055
1129	-0.44	-0.579522	0.00353958
1130	-0.68	-0.579611	0.00353756
1131	-0.52	-0.579558	0.00353483
1132	-0.6	-0.579576	0.00353175
1133	-0.52	-0.579523	0.00352902
1134	-0.44	-0.5794	0.00352805
1135	-0.44	-0.579278	0.00352708
1136	-0.68	-0.579366	0.00352509
1137	-0.76	-0.579525	0.00352557
1138	-0.68	-0.579613	0.00352358
1139	-0.68	-0.579701	0.00352159
1140	-0.76	-0.57986	0.00352205
1141	-0.76	-0.580018	0.0035225
1142	-0.36	-0.579825	0.00352468
1143	-0.68	-0.579913	0.00352269
1144	-0.76	-0.58007	0.00352313
1145	-0.84	-0.580297	0.00352736
1146	-0.84	-0.580524	0.00353156
1147	-0.68	-0.58061	0.00352955
1148	-0.6	-0.580627	0.00352651
1149	-0.6	-0.580644	0.00352348
1150	-0.52	-0.580591	0.00352081
1151	-0.68	-0.580678	0.00351881
1152	-0.44	-0.580556	0.00351787
1153	-0.52	-0.580503	0.00351521
1154	-0.52	-0.580451	0.00351256
1155	-0.44	-0.580329	0.00351162
1156	-0.52	-0.580277	0.00350897
1157	-0.44	-0.580156	0.00350803
1158	-0.44	-0.580035	0.00350709
1159	-0.44	-0.579914	0.00350615
1160	-0.36	-0.579724	0.00350825
1161	-0.36	-0.579535	0.00351033
1162	-0.52	-0.579484	0.00350768
1163	-0.68	-0.57957	0.00350573
1164	-0.6	-0.579588	0.00350276
1165	-0.68	-0.579674	0.00350082
1166	-0.44	-0.579554	0.00349986
1167	-0.52	-0.579503	0.00349723
1168	-0.52	-0.579452	0.00349461
1169	-0.52	-0.579401	0.00349199
1170	-0.68	-0.579487	0.00349006
1171	-0.68	-0.579573	0.00348814
1172	-0.76	-0.579727	0.00348856
1173	-0.76	-0.579881	0.00348897
1174	-0.84	-0.580102	0.00349303
1175	-0.44	-0.579983	0.00349209
1176	-0.6	-0.58	0.00348916
1177	-0.6	-0.580017	0.00348624
1178	-0.52	-0.579966	0.00348365
1179	-0.68	-0.580051	0.00348173
1180	-0.6	-0.580068	0.00347882
1181	-0.52	-0.580017	0.00347624
1182	-0.44	-0.579898	0.00347532
1183	-0.6	-0.579915	0.00347242
1184	-0.52	-0.579865	0.00346986
1185	-0.68	-0.579949	0.00346796
1186	-0.44	-0.579831	0.00346704
1187	-0.44	-0.579714	0.00346612
1188	-0.52	-0.579663	0.00346357
1189	-0.68	-0.579748	0.00346168
1190	-0.68	-0.579832	0.0034598
1191	-0.6	-0.579849	0.00345693
1192	-0.44	-0.579732	0.00345602
1193	-0.52	-0.579681	0.00345349
1194	-0.52	-0.579631	0.00345096
1195	-0.6	-0.579649	0.00344811
1196	-0.68	-0.579732	0.00344625
1197	-0.76	-0.579883	0.00344666
1198	-0.52	-0.579833	0.00344414
1199	-0.52	-0.579783	0.00344163
1200	-0.44	-0.579667	0.00344074
1201	-0.44	-0.57955	0.00343984
1202	-0.6	-0.579567	0.00343702
1203	-0.6	-0.579584	0.0034342
1204	-0.6	-0.579601	0.00343139
1205	-0.68	-0.579685	0.00342955
1206	-0.6	-0.579701	0.00342675
1207	-0.6	-0.579718	0.00342395
1208	-0.6	-0.579735	0.00342115
1209	-0.68	-0.579818	0.00341933
1210	-0.6	-0.579835	0.00341654
1211	-0.52	-0.579785	0.00341408
1212	-0.76	-0.579934	0.0034145
1213	-0.6	-0.579951	0.00341172
1214	-0.68	-0.580033	0.00340991
1215	-0.6	-0.580049	0.00340714
1216	-0.84	-0.580263	0.00341104
1217	-0.68	-0.580345	0.00340922
1218	-0.6	-0.580361	0.00340646
1219	-0.6	-0.580377	0.0034037
1220	-0.76	-0.580525	0.0034041
1221	-0.68	-0.580606	0.00340228
1222	-0.68	-0.580687	0.00340047
1223	-0.68	-0.580769	0.00339866
1224	-0.36	-0.580588	0.00340067
1225	-0.28	-0.580343	0.00340674
1226	-0.6	-0.580359	0.003404
1227	-0.52	-0.58031	0.00340158
1228	-0.6	-0.580326	0.00339885
1229	-0.68	-0.580407	0.00339705
1230	-0.68	-0.580488	0.00339525
1231	-0.76	-0.580634	0.00339562
1232	-0.68	-0.580714	0.00339382
1233	-0.68	-0.580795	0.00339203
1234	-0.6	-0.58081	0.00338931
1235	-0.44	-0.580696	0.00338849
1236	-0.44	-0.580583	0.00338766
1237	-0.6	-0.580598	0.00338495
1238	-0.52	-0.580549	0.00338257
1239	-0.6	-0.580565	0.00337988
1240	-0.52	-0.580516	0.0033775
1241	-0.44	-0.580403	0.00337668
1242	-0.52	-0.580354	0.00337431
1243	-0.44	-0.580241	0.00337348
1244	-0.6	-0.580257	0.00337081
1245	-0.12	-0.579888	0.00338833
1246	-0.44	-0.579775	0.00338747
1247	-0.44	-0.579663	0.00338661
1248	-0.44	-0.579551	0.00338574
1249	-0.44	-0.57944	0.00338487
1250	-0.52	-0.579392	0.0033825
1251	-0.6	-0.579408	0.00337984
1252	-0.52	-0.579361	0.00337747
1253	-0.44	-0.57925	0.0033766
1254	-0.52	-0.579203	0.00337424
1255	-0.44	-0.579092	0.00337337
1256	-0.52	-0.579045	0.00337102
1257	-0.52	-0.578998	0.00336866
1258	-0.44	-0.578887	0.0033678
1259	-0.52	-0.57884	0.00336544
1260	-0.6	-0.578857	0.00336281
1261	-0.6	-0.578874	0.00336019
1262	-0.6	-0.578891	0.00335757
1263	-0.6	-0.578907	0.00335495
1264	-0.44	-0.578797	0.00335409
1265	-0.36	-0.578625	0.0033559
1266	-0.44	-0.578515	0.00335504
1267	-0.44	-0.578406	0.00335417
1268	-0.52	-0.57836	0.00335184
1269	-0.68	-0.57844	0.00335016
1270	-0.68	-0.57852	0.00334847
1271	-0.68	-0.5786	0.00334679
1272	-0.76	-0.578742	0.0033472
1273	-0.68	-0.578822	0.00334551
1274	-0.68	-0.578901	0.00334383
1275	-0.52	-0.578855	0.00334152
1276	-0.68	-0.578934	0.00333984
1277	-0.52	-0.578888	0.00333755
1278	-0.68	-0.578967	0.00333587
1279	-0.6	-0.578984	0.0033333
1280	-0.6	-0.579	0.00333074
1281	-0.6	-0.579016	0.00332818
1282	-0.52	-0.57897	0.0033259
1283	-0.52	-0.578924	0.00332362
1284	-0.68	-0.579003	0.00332197
1285	-0.6	-0.579019	0.00331942
1286	-0.6	-0.579036	0.00331688
1287	-0.52	-0.57899	0.00331462
1288	-0.6	-0.579006	0.00331208
1289	-0.68	-0.579085	0.00331044
1290	-0.68	-0.579163	0.0033088
1291	-0.44	-0.579055	0.00330799
1292	-0.76	-0.579195	0.0033084
1293	-0.76	-0.579335	0.00330879
1294	-0.68	-0.579413	0.00330715
1295	-0.6	-0.579429	0.00330463
1296	-0.6	-0.579444	0.00330212
1297	-0.68	-0.579522	0.00330048
1298	-0.76	-0.579661	0.00330087
1299	-0.6	-0.579677	0.00329837
1300	-0.52	-0.579631	0.00329615
1301	-0.6	-0.579646	0.00329365
1302	-0.6	-0.579662	0.00329116
1303	-0.6	-0.579678	0.00328867
1304	-0.44	-0.579571	0.00328789
1305	-0.28	-0.579341	0.00329338
1306	-0.36	-0.579173	0.00329514
1307	-0.6	-0.579189	0.00329265
1308	-0.52	-0.579144	0.00329045
1309	-0.44	-0.579037	0.00328965
1310	-0.52	-0.578992	0.00328745
1311	-0.68	-0.579069	0.00328584
1312	-0.76	-0.579207	0.00328623
1313	-0.76	-0.579345	0.00328661
1314	-0.68	-0.579422	0.003285
1315	-0.44	-0.579316	0.00328422
1316	-0.6	-0.579331	0.00328176
1317	-0.52	-0.579286	0.00327958
1318	-0.52	-0.579241	0.00327739
1319	-0.04	-0.578832	0.00330033
1320	-0.44	-0.578727	0.0032995
1321	-0.44	-0.578622	0.00329868
1322	-0.6	-0.578638	0.00329622
1323	-0.52	-0.578594	0.00329403
1324	-0.68	-0.578671	0.00329243
1325	-0.68	-0.578747	0.00329083
1326	-0.68	-0.578824	0.00328924
1327	-0.6	-0.578839	0.00328679
1328	-0.68	-0.578916	0.0032852
1329	-0.52	-0.578871	0.00328303
1330	-0.68	-0.578947	0.00328144
1331	-0.44	-0.578843	0.00328064
1332	-0.36	-0.578679	0.00328229
1333	-0.36	-0.578515	0.00328392
1334	-0.52	-0.578471	0.00328175
1335	-0.6	-0.578487	0.00327933
1336	-0.6	-0.578503	0.00327692
1337	-0.6	-0.578519	0.00327451
1338	-0.76	-0.578655	0.00327487
1339	-0.6	-0.578671	0.00327246
1340	-0.6	-0.578687	0.00327006
1341	-0.44	-0.578583	0.00326925
1342	-0.6	-0.578599	0.00326685
1343	-0.68	-0.578675	0.00326529
1344	-0.68	-0.57875	0.00326373
1345	-0.6	-0.578766	0.00326134
1346	-0.6	-0.578782	0.00325896
1347	-0.68	-0.578857	0.00325741
1348	-0.68	-0.578932	0.00325585
1349	-0.84	-0.579125	0.00325919
1350	-0.68	-0.5792	0.00325763
1351	-0.6	-0.579215	0.00325526
1352	-0.52	-0.579172	0.00325314
1353	-0.6	-0.579187	0.00325077
1354	-0.36	-0.579025	0.0032524
1355	-0.52	-0.578982	0.00325029
1356	-0.52	-0.578938	0.00324819
1357	-0.6	-0.578954	0.00324583
1358	-0.68	-0.579028	0.00324429
1359	-0.6	-0.579043	0.00324194
1360	-0.28	-0.578824	0.00324701
1361	-0.52	-0.57878	0.00324491
1362	-0.52	-0.578737	0.00324281
1363	-0.52	-0.578694	0.00324072
1364	-0.52	-0.578651	0.00323863
1365	-0.52	-0.578608	0.00323654
1366	-0.28	-0.578389	0.00324155
1367	-0.6	-0.578405	0.00323922
1368	-0.6	-0.578421	0.00323689
1369	-0.68	-0.578495	0.00323537
1370	-0.68	-0.578569	0.00323386
1371	-0.44	-0.578468	0.00323308
1372	-0.44	-0.578367	0.0032323
1373	-0.52	-0.578325	0.00323022
1374	-0.6	-0.578341	0.00322791
1375	-0.68	-0.578415	0.00322641
1376	-0.6	-0.57843	0.0032241
1377	-0.6	-0.578446	0.0032218
1378	-0.68	-0.57852	0.0032203
1379	-0.68	-0.578593	0.00321881
1380	-0.6	-0.578609	0.00321651
1381	-0.6	-0.578624	0.00321422
1382	-0.6	-0.57864	0.00321193
1383	-0.6	-0.578655	0.00320964
1384	-0.52	-0.578613	0.0032076
1385	-0.6	-0.578628	0.00320532
1386	-0.36	-0.57847	0.00320689
1387	-0.6	-0.578486	0.00320462
1388	-0.6	-0.578501	0.00320234
1389	-0.76	-0.578632	0.0032027
1390	-0.68	-0.578705	0.00320123
1391	-0.68	-0.578778	0.00319976
1392	-0.6	-0.578793	0.00319749
1393	-0.36	-0.578636	0.00319906
1394	-0.44	-0.578537	0.00319831
1395	-0.76	-0.578667	0.00319866
1396	-0.68	-0.578739	0.00319719
1397	-0.44	-0.57864	0.00319644
1398	-0.52	-0.578598	0.00319443
1399	-0.44	-0.578499	0.00319369
1400	-0.52	-0.578457	0.00319168
1401	-0.6	-0.578473	0.00318943
1402	-0.52	-0.578431	0.00318743
1403	-0.52	-0.578389	0.00318543
1404	-0.52	-0.578348	0.00318343
1405	-0.52	-0.578306	0.00318144
1406	-0.44	-0.578208	0.0031807
1407	-0.36	-0.578053	0.00318222
1408	-0.36	-0.577898	0.00318372
1409	-0.44	-0.5778	0.00318297
1410	-0.52	-0.577759	0.00318097
1411	-0.68	-0.577831	0.00317954
1412	-0.68	-0.577904	0.00317812
1413	-0.68	-0.577976	0.00317669
1414	-0.52	-0.577935	0.00317471
1415	-0.6	-0.577951	0.0031725
1416	-0.6	-0.577966	0.0031703
1417	-0.76	-0.578095	0.00317066
1418	-0.68	-0.578166	0.00316924
1419	-0.52	-0.578125	0.00316727
1420	-0.76	-0.578254	0.00316763
1421	-0.68	-0.578325	0.00316621
1422	-0.6	-0.57834	0.00316402
1423	-0.52	-0.578299	0.00316206
1424	-0.6	-0.578315	0.00315988
1425	-0.6	-0.57833	0.00315769
1426	-0.52	-0.578289	0.00315574
1427	-0.68	-0.57836	0.00315434
1428	-0.52	-0.578319	0.00315239
1429	-0.44	-0.578223	0.00315167
1430	-0.36	-0.57807	0.00315316
1431	-0.36	-0.577918	0.00315464
1432	-0.6	-0.577933	0.00315248
1433	-0.52	-0.577893	0.00315053
1434	-0.52	-0.577852	0.0031486
1435	-0.44	-0.577756	0.00314787
1436	-0.68	-0.577827	0.00314648
1437	-0.68	-0.577898	0.00314509
1438	-0.84	-0.578081	0.00314819
1439	-0.68	-0.578151	0.00314679
1440	-0.76	-0.578278	0.00314714
1441	-0.68	-0.578348	0.00314575
1442	-0.6	-0.578363	0.0031436
1443	-0.6	-0.578378	0.00314146
1444	-0.44	-0.578283	0.00314075
1445	-0.52	-0.578242	0.00313883
1446	-0.52	-0.578202	0.00313692
1447	-0.6	-0.578217	0.00313479
1448	-0.68	-0.578287	0.00313341
1449	-0.6	-0.578302	0.00313128
1450	-0.36	-0.578152	0.00313274
1451	-0.52	-0.578112	0.00313084
1452	-0.6	-0.578127	0.00312872
1453	-0.52	-0.578087	0.00312682
1454	-0.68	-0.578157	0.00312545
1455	-0.68	-0.578227	0.00312409
1456	-0.76	-0.578352	0.00312444
1457	-0.68	-0.578421	0.00312307
1458	-0.6	-0.578436	0.00312096
1459	-0.6	-0.578451	0.00311886
1460	-0.6	-0.578466	0.00311676
1461	-0.44	-0.578371	0.00311607
1462	-0.52	-0.578331	0.00311419
1463	-0.44	-0.578237	0.0031135
1464	-0.68	-0.578306	0.00311214
1465	-0.6	-0.578321	0.00311006
1466	-0.52	-0.578281	0.00310819
1467	-0.36	-0.578132	0.00310963
1468	-0.44	-0.578038	0.00310894
1469	-0.52	-0.577999	0.00310707
1470	-0.28	-0.577796	0.00311157
1471	-0.36	-0.577648	0.00311297
1472	-0.28	-0.577446	0.00311742
1473	-0.52	-0.577407	0.00311555
1474	-0.52	-0.577368	0.00311368
1475	-0.52	-0.577329	0.00311181
1476	-0.68	-0.577398	0.00311048
1477	-0.44	-0.577305	0.00310976
1478	-0.44	-0.577212	0.00310905
1479	-0.6	-0.577228	0.00310698
1480	-0.44	-0.577135	0.00310627
1481	-0.36	-0.576989	0.00310763
1482	-0.84	-0.577166	0.0031106
1483	-0.84	-0.577343	0.00311355
1484	-0.68	-0.577412	0.00311222
1485	-0.44	-0.57732	0.0031115
1486	-0.6	-0.577335	0.00310944
1487	-0.44	-0.577243	0.00310872
1488	-0.68	-0.577312	0.0031074
1489	-0.76	-0.577435	0.00310773
1490	-0.76	-0.577557	0.00310806
1491	-0.84	-0.577733	0.00311096
1492	-0.6	-0.577748	0.00310891
1493	-0.84	-0.577924	0.00311179
1494	-0.76	-0.578046	0.00311209
1495	-0.68	-0.578114	0.00311076
1496	-0.6	-0.578128	0.00310871
1497	-0.6	-0.578143	0.00310667
1498	-0.6	-0.578158	0.00310463
1499	-0.52	-0.578119	0.0031028
1500	-0.52	-0.57808	0.00310097
1501	-0.44	-0.577988	0.00310027
1502	-0.36	-0.577843	0.00310161
1503	-0.44	-0.577751	0.0031009
1504	-0.6	-0.577766	0.00309887
1505	-0.68	-0.577834	0.00309756
1506	-0.52	-0.577795	0.00309574
1507	-0.52	-0.577757	0.00309392
1508	-0.6	-0.577772	0.0030919
1509	-0.52	-0.577734	0.00309009
1510	-0.44	-0.577642	0.00308939
1511	-0.52	-0.577604	0.00308758
1512	-0.52	-0.577566	0.00308577
1513	-0.68	-0.577634	0.00308448
1514	-0.68	-0.577701	0.00308318
1515	-0.44	-0.577611	0.00308248
1516	-0.44	-0.57752	0.00308179
1517	-0.52	-0.577482	0.00307999
1518	-0.52	-0.577444	0.00307819
1519	-0.68	-0.577512	0.0030769
1520	-0.76	-0.577632	0.00307722
1521	-0.68	-0.577699	0.00307594
1522	-0.68	-0.577766	0.00307465
1523	-0.6	-0.577781	0.00307266
1524	-0.52	-0.577743	0.00307088
1525	-0.28	-0.577548	0.00307507
1526	-0.36	-0.577405	0.00307636
1527	-0.44	-0.577315	0.00307566
1528	-0.52	-0.577277	0.00307388
1529	-0.6	-0.577292	0.0030719
1530	-0.76	-0.577412	0.00307221
1531	-0.44	-0.577322	0.00307152
1532	-0.68	-0.577389	0.00307025
1533	-0.6	-0.577404	0.00306828
1534	-0.28	-0.57721	0.0030724
1535	-0.44	-0.577121	0.0030717
1536	-0.36	-0.576979	0.00307295
1537	-0.52	-0.576942	0.00307117
1538	-0.44	-0.576853	0.00307047
1539	-0.52	-0.576816	0.00306869
1540	-0.68	-0.576883	0.00306743
1541	-0.68	-0.57695	0.00306617
1542	-0.76	-0.577069	0.00306648
1543	-0.76	-0.577187	0.00306679
1544	-0.76	-0.577306	0.00306709
1545	-0.6	-0.57732	0.00306513
1546	-0.6	-0.577335	0.00306319
1547	-0.44	-0.577246	0.00306249
1548	-0.6	-0.577261	0.00306055
1549	-0.52	-0.577224	0.0030588
1550	-0.68	-0.57729	0.00305754
1551	-0.44	-0.577202	0.00305685
1552	-0.52	-0.577165	0.0030551
1553	-0.68	-0.577231	0.00305385
1554	-0.52	-0.577194	0.00305211
1555	-0.76	-0.577312	0.00305241
1556	-0.52	-0.577275	0.00305067
1557	-0.52	-0.577238	0.00304893
1558	-0.76	-0.577356	0.00304923
1559	-0.68	-0.577421	0.00304799
1560	-0.6	-0.577436	0.00304607
1561	-0.6	-0.57745	0.00304415
1562	-0.52	-0.577414	0.00304242
1563	-0.36	-0.577274	0.00304366
1564	-0.52	-0.577238	0.00304193
1565	-0.6	-0.577252	0.00304002
1566	-0.6	-0.577267	0.00303811
1567	-0.6	-0.577281	0.00303621
1568	-0.44	-0.577194	0.00303553
1569	-0.44	-0.577106	0.00303486
1570	-0.36	-0.576968	0.00303608
1571	-0.44	-0.576881	0.00303539
1572	-0.28	-0.576692	0.00303934
1573	-0.44	-0.576605	0.00303865
1574	-0.52	-0.576569	0.00303693
1575	-0.6	-0.576584	0.00303504
1576	-0.52	-0.576548	0.00303332
1577	-0.68	-0.576614	0.00303211
1578	-0.76	-0.57673	0.00303241
1579	-0.68	-0.576795	0.0030312
1580	-0.52	-0.576759	0.00302949
1581	-0.52	-0.576724	0.00302779
1582	-0.6	-0.576738	0.00302591
1583	-0.68	-0.576804	0.0030247
1584	-0.6	-0.576818	0.00302283
1585	-0.52	-0.576782	0.00302113
1586	-0.6	-0.576797	0.00301926
1587	-0.52	-0.576761	0.00301757
1588	-0.52	-0.576725	0.00301588
1589	-0.68	-0.57679	0.00301468
1590	-0.36	-0.576654	0.00301587
1591	-0.44	-0.576568	0.0030152
1592	-0.52	-0.576533	0.00301351
1593	-0.6	-0.576547	0.00301166
1594	-0.6	-0.576562	0.0030098
1595	-0.68	-0.576627	0.00300861
1596	-0.76	-0.576742	0.00300892
1597	-0.52	-0.576706	0.00300725
1598	-0.68	-0.576771	0.00300606
1599	-0.6	-0.576785	0.00300421
1600	-0.68	-0.57685	0.00300303
1601	-0.52	-0.576814	0.00300136
1602	-0.44	-0.576729	0.0030007
1603	-0.36	-0.576594	0.00300188
1604	-0.44	-0.576509	0.00300121
1605	-0.52	-0.576474	0.00299955
1606	-0.52	-0.576438	0.00299789
1607	-0.52	-0.576403	0.00299623
1608	-0.52	-0.576368	0.00299457
1609	-0.68	-0.576433	0.0029934
1610	-0.76	-0.576547	0.00299371
1611	-0.6	-0.576561	0.00299189
1612	-0.68	-0.576625	0.00299072
1613	-0.68	-0.576689	0.00298955
1614	-0.68	-0.576753	0.00298839
1615	-0.6	-0.576768	0.00298657
1616	-0.6	-0.576782	0.00298476
1617	-0.6	-0.576797	0.00298294
1618	-0.68	-0.57686	0.00298178
1619	-0.68	-0.576924	0.00298062
1620	-0.68	-0.576988	0.00297946
1621	-0.6	-0.577002	0.00297766
1622	-0.44	-0.576917	0.00297702
1623	-0.6	-0.576932	0.00297522
1624	-0.36	-0.576798	0.00297638
1625	-0.6	-0.576812	0.00297459
1626	-0.68	-0.576876	0.00297343
1627	-0.68	-0.576939	0.00297228
1628	-0.6	-0.576953	0.00297049
1629	-0.68	-0.577017	0.00296934
1630	-0.6	-0.577031	0.00296755
1631	-0.52	-0.576996	0.00296594
1632	-0.6	-0.57701	0.00296415
1633	-0.52	-0.576975	0.00296254
1634	-0.68	-0.577038	0.0029614
1635	-0.6	-0.577052	0.00295962
1636	-0.68	-0.577115	0.00295848
1637	-0.52	-0.57708	0.00295688
1638	-0.68	-0.577143	0.00295574
1639	-0.6	-0.577157	0.00295397
1640	-0.36	-0.577024	0.00295514
1641	-0.36	-0.576892	0.00295629
1642	-0.36	-0.57676	0.00295744
1643	-0.6	-0.576774	0.00295568
1644	-0.6	-0.576788	0.00295391
1645	-0.52	-0.576754	0.00295232
1646	-0.6	-0.576768	0.00295056
1647	-0.68	-0.576831	0.00294943
1648	-0.76	-0.576942	0.00294974
1649	-0.44	-0.576859	0.00294912
1650	-0.68	-0.576921	0.00294799
1651	-0.6	-0.576935	0.00294624
1652	-0.68	-0.576998	0.00294512
1653	-0.68	-0.57706	0.00294399
1654	-0.6	-0.577074	0.00294224
1655	-0.6	-0.577088	0.0029405
1656	-0.52	-0.577053	0.00293892
1657	-0.52	-0.577019	0.00293735
1658	-0.44	-0.576936	0.00293674
1659	-0.44	-0.576854	0.00293613
1660	-0.6	-0.576867	0.0029344
1661	-0.6	-0.576881	0.00293266
1662	-0.76	-0.576992	0.00293297
1663	-0.68	-0.577054	0.00293186
1664	-0.6	-0.577067	0.00293013
1665	-0.6	-0.577081	0.0029284
1666	-0.76	-0.577191	0.0029287
1667	-0.76	-0.577301	0.002929
1668	-0.6	-0.577314	0.00292727
1669	-0.68	-0.577376	0.00292616
1670	-0.68	-0.577437	0.00292506
1671	-0.6	-0.577451	0.00292334
1672	-0.52	-0.577416	0.00292179
1673	-0.52	-0.577382	0.00292025
1674	-0.52	-0.577348	0.0029187
1675	-0.44	-0.577266	0.00291811
1676	-0.44	-0.577184	0.00291752
1677	-0.6	-0.577197	0.00291581
1678	-0.6	-0.577211	0.0029141
1679	-0.52	-0.577177	0.00291257
1680	-0.36	-0.577048	0.0029137
1681	-0.68	-0.577109	0.00291261
1682	-0.52	-0.577075	0.00291108
1683	-0.52	-0.577041	0.00290955
1684	-0.44	-0.57696	0.00290896
1685	-0.76	-0.577068	0.00290926
1686	-0.76	-0.577177	0.00290956
1687	-0.68	-0.577238	0.00290847
1688	-0.6	-0.577251	0.00290678
1689	-0.52	-0.577217	0.00290525
1690	-0.52	-0.577183	0.00290373
1691	-0.52	-0.57715	0.00290221
1692	-0.6	-0.577163	0.00290053
1693	-0.6	-0.577177	0.00289884
1694	-0.6	-0.57719	0.00289716
1695	-0.52	-0.577156	0.00289565
1696	-0.68	-0.577217	0.00289458
1697	-0.68	-0.577278	0.00289351
1698	-0.6	-0.577291	0.00289183
1699	-0.76	-0.577398	0.00289213
1700	-0.6	-0.577412	0.00289046
1701	-0.52	-0.577378	0.00288896
1702	-0.68	-0.577438	0.00288789
1703	-0.52	-0.577405	0.00288639
1704	-0.6	-0.577418	0.00288472
1705	-0.52	-0.577384	0.00288323
1706	-0.6	-0.577397	0.00288157
1707	-0.6	-0.577411	0.00287991
1708	-0.6	-0.577424	0.00287825
1709	-0.6	-0.577437	0.0028766
1710	-0.76	-0.577544	0.0028769
1711	-0.68	-0.577604	0.00287584
1712	-0.52	-0.57757	0.00287436
1713	-0.6	-0.577583	0.00287271
1714	-0.52	-0.57755	0.00287123
1715	-0.28	-0.577376	0.00287479
1716	-0.28	-0.577203	0.00287834
1717	-0.36	-0.577076	0.00287944
1718	-0.52	-0.577043	0.00287796
1719	-0.44	-0.576963	0.00287739
1720	-0.44	-0.576884	0.00287682
1721	-0.52	-0.576851	0.00287533
1722	-0.52	-0.576818	0.00287385
1723	-0.68	-0.576878	0.00287281
1724	-0.84	-0.57703	0.0028752
1725	-0.92	-0.577229	0.0028804
1726	-0.84	-0.577381	0.00288275
1727	-0.84	-0.577533	0.00288509
1728	-0.68	-0.577593	0.00288403
1729	-0.76	-0.577698	0.00288429
1730	-0.76	-0.577803	0.00288455
1731	-0.6	-0.577816	0.00288291
1732	-0.68	-0.577875	0.00288185
1733	-0.36	-0.57775	0.00288293
1734	-0.44	-0.57767	0.00288236
1735	-0.6	-0.577683	0.00288073
1736	-0.6	-0.577696	0.0028791
1737	-0.6	-0.577709	0.00287747
1738	-0.6	-0.577722	0.00287584
1739	-0.44	-0.577642	0.00287528
1740	-0.52	-0.577609	0.00287382
1741	-0.6	-0.577622	0.0028722
1742	-0.68	-0.577681	0.00287115
1743	-0.6	-0.577694	0.00286953
1744	-0.6	-0.577706	0.00286791
1745	-0.68	-0.577765	0.00286687
1746	-0.52	-0.577732	0.00286541
1747	-0.44	-0.577653	0.00286486
1748	-0.6	-0.577666	0.00286325
1749	-0.52	-0.577633	0.0028618
1750	-0.6	-0.577646	0.00286019
1751	-0.6	-0.577658	0.00285859
1752	-0.6	-0.577671	0.00285698
1753	-0.68	-0.57773	0.00285595
1754	-0.36	-0.577605	0.00285702
1755	-0.68	-0.577664	0.00285599
1756	-0.68	-0.577722	0.00285496
1757	-0.68	-0.57778	0.00285392
1758	-0.76	-0.577884	0.00285418
1759	-0.44	-0.577806	0.00285364
1760	-0.68	-0.577864	0.00285261
1761	-0.76	-0.577967	0.00285286
1762	-0.52	-0.577934	0.00285143
1763	-0.52	-0.577901	0.00285
1764	-0.52	-0.577868	0.00284858
1765	-0.6	-0.577881	0.00284699
1766	-0.6	-0.577894	0.0028454
1767	-0.52	-0.577861	0.00284398
1768	-0.6	-0.577873	0.0028424
1769	-0.6	-0.577886	0.00284082
1770	-0.6	-0.577898	0.00283924
1771	-0.6	-0.577911	0.00283767
1772	-0.52	-0.577878	0.00283625
1773	-0.52	-0.577845	0.00283484
1774	-0.6	-0.577858	0.00283327
1775	-0.36	-0.577735	0.00283433
1776	-0.6	-0.577748	0.00283276
1777	-0.76	-0.57785	0.00283303
1778	-0.68	-0.577908	0.00283202
1779	-0.6	-0.57792	0.00283045
1780	-0.6	-0.577933	0.00282889
1781	-0.6	-0.577945	0.00282732
1782	-0.76	-0.578047	0.00282758
1783	-0.76	-0.578149	0.00282784
1784	-0.68	-0.578206	0.00282683
1785	-0.68	-0.578263	0.00282582
1786	-0.52	-0.578231	0.00282443
1787	-0.36	-0.578109	0.00282549
1788	-0.12	-0.577852	0.00283551
1789	-0.44	-0.577775	0.00283497
1790	-0.52	-0.577743	0.00283357
1791	-0.52	-0.577711	0.00283217
1792	-0.52	-0.577679	0.00283077
1793	-0.44	-0.577602	0.00283023
1794	-0.44	-0.577525	0.00282969
1795	-0.52	-0.577493	0.0028283
1796	-0.44	-0.577416	0.00282776
1797	-0.44	-0.57734	0.00282722
1798	-0.44	-0.577264	0.00282668
1799	-0.52	-0.577232	0.00282529
1800	-0.36	-0.577111	0.0028263
1801	-0.52	-0.577079	0.0028249
1802	-0.6	-0.577092	0.00282336
1803	-0.68	-0.577149	0.00282238
1804	-0.52	-0.577118	0.00282099
1805	-0.68	-0.577175	0.00282
1806	-0.6	-0.577187	0.00281847
1807	-0.52	-0.577156	0.00281709
1808	-0.44	-0.57708	0.00281655
1809	-0.6	-0.577092	0.00281502
1810	-0.52	-0.577061	0.00281364
1811	-0.76	-0.577162	0.0028139
1812	-0.6	-0.577174	0.00281238
1813	-0.36	-0.577055	0.00281338
1814	-0.44	-0.576979	0.00281284
1815	-0.52	-0.576948	0.00281146
1816	-0.2	-0.57674	0.00281757
1817	-0.44	-0.576665	0.00281703
1818	-0.44	-0.57659	0.00281648
1819	-0.36	-0.576471	0.00281745
1820	-0.44	-0.576396	0.0028169
1821	-0.44	-0.576321	0.00281635
1822	-0.52	-0.57629	0.00281497
1823	-0.52	-0.576259	0.00281359
1824	-0.52	-0.576228	0.00281222
1825	-0.36	-0.57611	0.00281318
1826	-0.6	-0.576123	0.00281166
1827	-0.76	-0.576223	0.00281193
1828	-0.52	-0.576193	0.00281056
1829	-0.52	-0.576162	0.00280919
1830	-0.68	-0.576219	0.00280823
1831	-0.68	-0.576275	0.00280726
1832	-0.6	-0.576288	0.00280576
1833	-0.6	-0.576301	0.00280426
1834	-0.6	-0.576314	0.00280276
1835	-0.52	-0.576283	0.0028014
1836	-0.52	-0.576253	0.00280004
1837	-0.6	-0.576266	0.00279855
1838	-0.84	-0.576409	0.0028007
1839	-0.76	-0.576509	0.00280096
1840	-0.76	-0.576609	0.00280121
1841	-0.52	-0.576578	0.00279986
1842	-0.6	-0.576591	0.00279837
1843	-0.6	-0.576603	0.00279688
1844	-0.52	-0.576573	0.00279553
1845	-0.6	-0.576585	0.00279404
1846	-0.6	-0.576598	0.00279256
1847	-0.6	-0.576611	0.00279107
1848	-0.44	-0.576537	0.00279054
1849	-0.84	-0.576679	0.00279267
1850	-0.68	-0.576735	0.00279172
1851	-0.68	-0.576791	0.00279077
1852	-0.68	-0.576847	0.00278982
1853	-0.68	-0.576902	0.00278887
1854	-0.52	-0.576872	0.00278753
1855	-0.52	-0.576841	0.0027862
1856	-0.44	-0.576767	0.00278567
1857	-0.52	-0.576737	0.00278434
1858	-0.44	-0.576663	0.00278381
1859	-0.52	-0.576633	0.00278248
1860	-0.6	-0.576645	0.00278101
1861	-0.52	-0.576615	0.00277968
1862	-0.44	-0.576541	0.00277916
1863	-0.68	-0.576597	0.00277822
1864	-0.6	-0.576609	0.00277676
1865	-0.52	-0.576579	0.00277544
1866	-0.6	-0.576592	0.00277398
1867	-0.68	-0.576647	0.00277304
1868	-0.68	-0.576702	0.00277211
1869	-0.76	-0.5768	0.00277236
1870	-0.76	-0.576898	0.00277261
1871	-0.76	-0.576996	0.00277286
1872	-0.68	-0.577051	0.00277192
1873	-0.52	-0.577021	0.00277061
1874	-0.68	-0.577076	0.00276968
1875	-0.52	-0.577045	0.00276836
1876	-0.6	-0.577058	0.00276692
1877	-0.52	-0.577027	0.00276561
1878	-0.44	-0.576954	0.0027651
1879	-0.44	-0.576881	0.00276459
1880	-0.52	-0.576851	0.00276328
1881	-0.52	-0.576821	0.00276198
1882	-0.52	-0.576791	0.00276067
1883	-0.44	-0.576718	0.00276016
1884	-0.6	-0.57673	0.00275873
1885	-0.76	-0.576828	0.00275898
1886	-0.76	-0.576925	0.00275922
1887	-0.52	-0.576895	0.00275793
1888	-0.6	-0.576907	0.00275649
1889	-0.52	-0.576877	0.0027552
1890	-0.52	-0.576847	0.0027539
1891	-0.52	-0.576816	0.00275261
1892	-0.52	-0.576786	0.00275132
1893	-0.6	-0.576799	0.00274989
1894	-0.6	-0.576811	0.00274847
1895	-0.68	-0.576865	0.00274756
1896	-0.52	-0.576835	0.00274627
1897	-0.6	-0.576848	0.00274485
1898	-0.52	-0.576818	0.00274357
1899	-0.68	-0.576872	0.00274266
1900	-0.6	-0.576884	0.00274124
1901	-0.44	-0.576812	0.00274075
1902	-0.36	-0.576698	0.00274168
1903	-0.44	-0.576626	0.00274118
1904	-0.44	-0.576555	0.00274068
1905	-0.6	-0.576567	0.00273926
1906	-0.52	-0.576537	0.00273799
1907	-0.52	-0.576508	0.00273671
1908	-0.28	-0.576352	0.00273969
1909	-0.68	-0.576406	0.00273879
1910	-0.6	-0.576419	0.00273738
1911	-0.68	-0.576473	0.00273649
1912	-0.6	-0.576485	0.00273508
1913	-0.68	-0.576539	0.00273419
1914	-0.6	-0.576552	0.00273279
1915	-0.44	-0.57648	0.00273229
1916	-0.6	-0.576493	0.00273089
1917	-0.52	-0.576463	0.00272963
1918	-0.76	-0.576559	0.00272988
1919	-0.68	-0.576613	0.00272899
1920	-0.76	-0.576708	0.00272924
1921	-0.6	-0.57672	0.00272785
1922	-0.6	-0.576733	0.00272645
1923	-0.6	-0.576745	0.00272506
1924	-0.68	-0.576798	0.00272417
1925	-0.6	-0.57681	0.00272279
1926	-0.6	-0.576822	0.0027214
1927	-0.52	-0.576793	0.00272015
1928	-0.36	-0.57668	0.00272106
1929	-0.52	-0.576651	0.00271981
1930	-0.52	-0.576622	0.00271856
1931	-0.52	-0.576592	0.00271731
1932	-0.68	-0.576646	0.00271643
1933	-0.36	-0.576534	0.00271733
1934	-0.6	-0.576546	0.00271595
1935	-0.52	-0.576517	0.00271471
1936	-0.68	-0.57657	0.00271383
1937	-0.52	-0.576541	0.00271259
1938	-0.6	-0.576553	0.00271121
1939	-0.52	-0.576524	0.00270997
1940	-0.76	-0.576619	0.00271023
1941	-0.68	-0.576672	0.00270935
1942	-0.76	-0.576766	0.0027096
1943	-0.76	-0.576861	0.00270985
1944	-0.52	-0.576831	0.00270861
1945	-0.36	-0.57672	0.00270951
1946	-0.44	-0.57665	0.00270903
1947	-0.76	-0.576744	0.00270928
1948	-0.44	-0.576674	0.0027088
1949	-0.68	-0.576727	0.00270793
1950	-0.76	-0.576821	0.00270817
1951	-0.52	-0.576791	0.00270694
1952	-0.68	-0.576844	0.00270607
1953	-0.68	-0.576897	0.0027052
1954	-0.76	-0.576991	0.00270543
1955	-0.76	-0.577084	0.00270567
1956	-0.6	-0.577096	0.00270431
1957	-0.6	-0.577108	0.00270295
1958	-0.52	-0.577079	0.00270173
1959	-0.6	-0.57709	0.00270038
1960	-0.52	-0.577061	0.00269916
1961	-0.44	-0.576991	0.00269868
1962	-0.68	-0.577044	0.00269782
1963	-0.6	-0.577056	0.00269647
1964	-0.68	-0.577108	0.00269561
1965	-0.68	-0.57716	0.00269474
1966	-0.52	-0.577131	0.00269353
1967	-0.52	-0.577102	0.00269232
1968	-0.44	-0.577033	0.00269185
1969	-0.44	-0.576963	0.00269138
1970	-0.6	-0.576975	0.00269004
1971	-0.52	-0.576946	0.00268883
1972	-0.68	-0.576998	0.00268797
1973	-0.76	-0.577091	0.00268821
1974	-0.76	-0.577183	0.00268845
1975	-0.68	-0.577235	0.00268759
1976	-0.6	-0.577247	0.00268625
1977	-0.68	-0.577299	0.0026854
1978	-0.6	-0.57731	0.00268407
1979	-0.44	-0.577241	0.00268361
1980	-0.52	-0.577212	0.00268241
1981	-0.6	-0.577224	0.00268108
1982	-0.52	-0.577195	0.00267988
1983	-0.52	-0.577166	0.00267868
1984	-0.52	-0.577137	0.00267749
1985	-0.36	-0.577028	0.00267837
1986	-0.6	-0.577039	0.00267705
1987	-0.52	-0.577011	0.00267585
1988	-0.6	-0.577022	0.00267453
1989	-0.44	-0.576953	0.00267408
1990	-0.68	-0.577005	0.00267323
1991	-0.6	-0.577017	0.00267192
1992	-0.6	-0.577028	0.0026706
1993	-0.6	-0.57704	0.00266928
1994	-0.52	-0.577011	0.0026681
1995	-0.6	-0.577023	0.00266678
1996	-0.76	-0.577114	0.00266702
1997	-0.76	-0.577206	0.00266726
1998	-0.44	-0.577137	0.00266681
1999	-0.36	-0.577029	0.00266769
2000	-0.52	-0.577	0.00266651
