1	-1	-1	0
2	-1	-1	0
3	-1	-1	0
4	-1	-1	0
5	-1	-1	0
6	-1	-1	0
7	-1	-1	0
8	-1	-1	0
9	-1	-1	0
10	-1	-1	0
11	-1	-1	0
12	-1	-1	0
13	-1	-1	0
14	-1	-1	0
15	-1	-1	0
16	-1	-1	0
17	-1	-1	0
18	-1	-1	0
19	-1	-1	0
20	-1	-1	0
21	-1	-1	0
22	-1	-1	0
23	-1	-1	0
24	-1	-1	0
25	-1	-1	0
26	-1	-1	0
27	-1	-1	0
28	-1	-1	0
29	-1	-1	0
30	-1	-1	0
31	-1	-1	0
32	-1	-1	0
33	-1	-1	0
34	-1	-1	0
35	-1	-1	0
36	-1	-1	0
37	-1	-1	0
38	-1	-1	0
39	-1	-1	0
40	-1	-1	0
41	-1	-1	0
42	-1	-1	0
43	-0.92	-0.99814	0.00186047
44	-0.92	-0.996364	0.00254122
45	-1	-0.996444	0.00248542
46	-1	-0.996522	0.00243202
47	-1	-0.996596	0.00238086
48	-1	-0.996667	0.00233181
49	-1	-0.996735	0.00228474
50	-1	-0.9968	0.00223953
51	-1	-0.996863	0.00219608
52	-1	-0.996923	0.00215428
53	-1	-0.996981	0.00211404
54	-1	-0.997037	0.00207527
55	-1	-0.997091	0.0020379
56	-1	-0.997143	0.00200185
57	-1	-0.997193	0.00196706
58	-1	-0.997241	0.00193345
59	-1	-0.997288	0.00190097
60	-1	-0.997333	0.00186957
61	-0.92	-0.996066	0.00223336
62	-0.92	-0.994839	0.00251639
63	-0.92	-0.993651	0.00274633
64	-0.92	-0.9925	0.00293785
65	-1	-0.992615	0.0028946
66	-1	-0.992727	0.0028526
67	-1	-0.992836	0.0028118
68	-1	-0.992941	0.00277214
69	-1	-0.993043	0.00273358
70	-1	-0.993143	0.00269608
71	-1	-0.993239	0.00265959
72	-1	-0.993333	0.00262407
73	-1	-0.993425	0.00258949
74	-1	-0.993514	0.0025558
75	-1	-0.9936	0.00252298
76	-1	-0.993684	0.00249098
77	-1	-0.993766	0.00245979
78	-1	-0.993846	0.00242936
79	-1	-0.993924	0.00239968
80	-1	-0.994	0.00237071
81	-1	-0.994074	0.00234243
82	-1	-0.994146	0.00231481
83	-1	-0.994217	0.00228784
84	-1	-0.994286	0.00226149
85	-1	-0.994353	0.00223574
86	-1	-0.994419	0.00221056
87	-1	-0.994483	0.00218595
88	-1	-0.994545	0.00216187
89	-1	-0.994607	0.00213832
90	-1	-0.994667	0.00211528
91	-1	-0.994725	0.00209273
92	-1	-0.994783	0.00207065
93	-1	-0.994839	0.00204903
94	-1	-0.994894	0.00202786
95	-1	-0.994947	0.00200712
96	-1	-0.995	0.0019868
97	-1	-0.995052	0.00196688
98	-1	-0.995102	0.00194737
99	-1	-0.995152	0.00192823
100	-1	-0.9952	0.00190947
101	-1	-0.995248	0.00189106
102	-1	-0.995294	0.00187301
103	-1	-0.99534	0.0018553
104	-1	-0.995385	0.00183792
105	-1	-0.995429	0.00182086
106	-1	-0.995472	0.00180412
107	-1	-0.995514	0.00178768
108	-1	-0.995556	0.00177154
109	-1	-0.995596	0.00175568
110	-1	-0.995636	0.00174011
111	-1	-0.995676	0.00172481
112	-1	-0.995714	0.00170978
113	-1	-0.995752	0.001695
114	-1	-0.995789	0.00168048
115	-1	-0.995826	0.00166621
116	-1	-0.995862	0.00165217
117	-1	-0.995897	0.00163837
118	-1	-0.995932	0.0016248
119	-1	-0.995966	0.00161145
120	-1	-0.996	0.00159832
121	-1	-0.996033	0.0015854
122	-1	-0.996066	0.00157269
123	-1	-0.996098	0.00156018
124	-1	-0.996129	0.00154786
125	-1	-0.99616	0.00153574
126	-1	-0.99619	0.00152381
127	-1	-0.99622	0.00151206
128	-1	-0.99625	0.00150049
129	-1	-0.996279	0.0014891
130	-1	-0.996308	0.00147788
131	-1	-0.996336	0.00146682
132	-1	-0.996364	0.00145593
133	-1	-0.996391	0.0014452
134	-1	-0.996418	0.00143463
135	-1	-0.996444	0.00142421
136	-1	-0.996471	0.00141394
137	-1	-0.996496	0.00140382
138	-1	-0.996522	0.00139384
139	-1	-0.996547	0.001384
140	-1	-0.996571	0.0013743
141	-1	-0.996596	0.00136474
142	-1	-0.99662	0.00135531
143	-1	-0.996643	0.001346
144	-1	-0.996667	0.00133683
145	-1	-0.99669	0.00132777
146	-1	-0.996712	0.00131884
147	-1	-0.996735	0.00131003
148	-1	-0.996757	0.00130134
149	-1	-0.996779	0.00129276
150	-1	-0.9968	0.00128429
151	-1	-0.996821	0.00127593
152	-1	-0.996842	0.00126768
153	-1	-0.996863	0.00125954
154	-1	-0.996883	0.0012515
155	-1	-0.996903	0.00124356
156	-1	-0.996923	0.00123572
157	-1	-0.996943	0.00122798
158	-1	-0.996962	0.00122034
159	-1	-0.996981	0.00121279
160	-1	-0.997	0.00120533
161	-1	-0.997019	0.00119797
162	-1	-0.997037	0.00119069
163	-1	-0.997055	0.00118351
164	-1	-0.997073	0.0011764
165	-1	-0.997091	0.00116939
166	-1	-0.997108	0.00116245
167	-1	-0.997126	0.0011556
168	-1	-0.997143	0.00114883
169	-1	-0.99716	0.00114214
170	-1	-0.997176	0.00113552
171	-1	-0.997193	0.00112898
172	-1	-0.997209	0.00112252
173	-1	-0.997225	0.00111613
174	-1	-0.997241	0.00110981
175	-1	-0.997257	0.00110356
176	-1	-0.997273	0.00109738
177	-1	-0.997288	0.00109127
178	-1	-0.997303	0.00108523
179	-1	-0.997318	0.00107926
180	-1	-0.997333	0.00107335
181	-1	-0.997348	0.0010675
182	-1	-0.997363	0.00106172
183	-1	-0.997377	0.001056
184	-1	-0.997391	0.00105035
185	-1	-0.997405	0.00104475
186	-1	-0.997419	0.00103921
187	-1	-0.997433	0.00103373
188	-1	-0.997447	0.00102831
189	-1	-0.99746	0.00102294
190	-1	-0.997474	0.00101763
191	-1	-0.997487	0.00101237
192	-1	-0.9975	0.00100717
193	-1	-0.997513	0.00100202
194	-1	-0.997526	0.000996929
195	-1	-0.997538	0.000991884
196	-1	-0.997551	0.000986891
197	-1	-0.997563	0.000981947
198	-1	-0.997576	0.000977053
199	-1	-0.997588	0.000972207
200	-1	-0.9976	0.000967409
201	-1	-0.997612	0.000962658
202	-1	-0.997624	0.000957953
203	-1	-0.997635	0.000953294
204	-1	-0.997647	0.000948681
205	-1	-0.997659	0.000944111
206	-1	-0.99767	0.000939586
207	-1	-0.997681	0.000935104
208	-1	-0.997692	0.000930664
209	-1	-0.997703	0.000926266
210	-1	-0.997714	0.000921909
211	-1	-0.997725	0.000917594
212	-1	-0.997736	0.000913318
213	-1	-0.997746	0.000909082
214	-1	-0.997757	0.000904886
215	-1	-0.997767	0.000900727
216	-1	-0.997778	0.000896607
217	-1	-0.997788	0.000892525
218	-1	-0.997798	0.000888479
219	-1	-0.997808	0.00088447
220	-1	-0.997818	0.000880497
221	-1	-0.997828	0.000876559
222	-1	-0.997838	0.000872657
223	-1	-0.997848	0.000868789
224	-1	-0.997857	0.000864955
225	-1	-0.997867	0.000861155
226	-1	-0.997876	0.000857388
227	-1	-0.997885	0.000853654
228	-1	-0.997895	0.000849952
229	-1	-0.997904	0.000846282
230	-1	-0.997913	0.000842644
231	-1	-0.997922	0.000839037
232	-1	-0.997931	0.00083546
233	-1	-0.99794	0.000831914
234	-1	-0.997949	0.000828398
235	-1	-0.997957	0.000824912
236	-1	-0.997966	0.000821455
237	-1	-0.997975	0.000818026
238	-1	-0.997983	0.000814626
239	-1	-0.997992	0.000811255
240	-1	-0.998	0.000807911
241	-1	-0.998008	0.000804594
242	-1	-0.998017	0.000801305
243	-1	-0.998025	0.000798042
244	-1	-0.998033	0.000794806
245	-1	-0.998041	0.000791596
246	-1	-0.998049	0.000788412
247	-1	-0.998057	0.000785253
248	-1	-0.998065	0.00078212
249	-1	-0.998072	0.000779011
250	-1	-0.99808	0.000775927
251	-1	-0.998088	0.000772867
252	-1	-0.998095	0.000769832
253	-1	-0.998103	0.00076682
254	-1	-0.99811	0.000763831
255	-1	-0.998118	0.000760866
256	-1	-0.998125	0.000757924
257	-1	-0.998132	0.000755004
258	-1	-0.99814	0.000752107
259	-1	-0.998147	0.000749232
260	-1	-0.998154	0.000746379
261	-1	-0.998161	0.000743547
262	-1	-0.998168	0.000740737
263	-1	-0.998175	0.000737948
264	-1	-0.998182	0.00073518
265	-1	-0.998189	0.000732433
266	-1	-0.998195	0.000729706
267	-1	-0.998202	0.000726999
268	-1	-0.998209	0.000724312
269	-1	-0.998216	0.000721645
270	-1	-0.998222	0.000718998
271	-1	-0.998229	0.00071637
272	-1	-0.998235	0.000713761
273	-1	-0.998242	0.000711171
274	-1	-0.998248	0.0007086
275	-1	-0.998255	0.000706047
276	-1	-0.998261	0.000703513
277	-1	-0.998267	0.000700997
278	-1	-0.998273	0.000698498
279	-1	-0.99828	0.000696018
280	-1	-0.998286	0.000693555
281	-1	-0.998292	0.000691109
282	-1	-0.998298	0.000688681
283	-1	-0.998304	0.000686269
284	-1	-0.99831	0.000683875
285	-1	-0.998316	0.000681497
286	-1	-0.998322	0.000679135
287	-1	-0.998328	0.00067679
288	-1	-0.998333	0.000674461
289	-1	-0.998339	0.000672148
290	-1	-0.998345	0.00066985
291	-1	-0.998351	0.000667569
292	-1	-0.998356	0.000665303
293	-1	-0.998362	0.000663052
294	-1	-0.998367	0.000660816
295	-1	-0.998373	0.000658596
296	-1	-0.998378	0.00065639
297	-1	-0.998384	0.000654199
298	-1	-0.998389	0.000652022
299	-1	-0.998395	0.00064986
300	-1	-0.9984	0.000647713
301	-1	-0.998405	0.000645579
302	-1	-0.998411	0.00064346
303	-1	-0.998416	0.000641354
304	-1	-0.998421	0.000639262
305	-1	-0.998426	0.000637184
306	-1	-0.998431	0.000635119
307	-1	-0.998436	0.000633067
308	-1	-0.998442	0.000631029
309	-1	-0.998447	0.000629004
310	-1	-0.998452	0.000626991
311	-1	-0.998457	0.000624992
312	-1	-0.998462	0.000623005
313	-1	-0.998466	0.000621031
314	-1	-0.998471	0.000619069
315	-1	-0.998476	0.00061712
316	-1	-0.998481	0.000615183
317	-1	-0.998486	0.000613258
318	-1	-0.998491	0.000611345
319	-1	-0.998495	0.000609444
320	-1	-0.9985	0.000607554
321	-1	-0.998505	0.000605677
322	-1	-0.998509	0.000603811
323	-1	-0.998514	0.000601956
324	-1	-0.998519	0.000600113
325	-1	-0.998523	0.000598281
326	-1	-0.998528	0.00059646
327	-1	-0.998532	0.00059465
328	-1	-0.998537	0.000592851
329	-1	-0.998541	0.000591063
330	-1	-0.998545	0.000589286
331	-1	-0.99855	0.00058752
332	-1	-0.998554	0.000585764
333	-1	-0.998559	0.000584018
334	-1	-0.998563	0.000582283
335	-1	-0.998567	0.000580558
336	-1	-0.998571	0.000578843
337	-1	-0.998576	0.000577139
338	-1	-0.99858	0.000575444
339	-1	-0.998584	0.000573759
340	-1	-0.998588	0.000572084
341	-1	-0.998592	0.000570419
342	-1	-0.998596	0.000568764
343	-1	-0.998601	0.000567118
344	-1	-0.998605	0.000565482
345	-1	-0.998609	0.000563855
346	-1	-0.998613	0.000562237
347	-1	-0.998617	0.000560629
348	-1	-0.998621	0.000559029
349	-1	-0.998625	0.000557439
350	-1	-0.998629	0.000555858
351	-1	-0.998632	0.000554286
352	-1	-0.998636	0.000552723
353	-1	-0.99864	0.000551168
354	-1	-0.998644	0.000549623
355	-1	-0.998648	0.000548086
356	-1	-0.998652	0.000546557
357	-1	-0.998655	0.000545037
358	-1	-0.998659	0.000543525
359	-1	-0.998663	0.000542022
360	-1	-0.998667	0.000540527
361	-1	-0.99867	0.00053904
362	-1	-0.998674	0.000537562
363	-1	-0.998678	0.000536091
364	-1	-0.998681	0.000534629
365	-1	-0.998685	0.000533174
366	-1	-0.998689	0.000531728
367	-1	-0.998692	0.000530289
368	-1	-0.998696	0.000528858
369	-1	-0.998699	0.000527435
370	-1	-0.998703	0.000526019
371	-1	-0.998706	0.000524611
372	-1	-0.99871	0.00052321
373	-1	-0.998713	0.000521817
374	-1	-0.998717	0.000520431
375	-1	-0.99872	0.000519053
376	-1	-0.998723	0.000517682
377	-1	-0.998727	0.000516318
378	-1	-0.99873	0.000514961
379	-1	-0.998734	0.000513612
380	-1	-0.998737	0.000512269
381	-1	-0.99874	0.000510934
382	-1	-0.998743	0.000509605
383	-1	-0.998747	0.000508283
384	-1	-0.99875	0.000506968
385	-1	-0.998753	0.00050566
386	-1	-0.998756	0.000504359
387	-1	-0.99876	0.000503064
388	-1	-0.998763	0.000501776
389	-1	-0.998766	0.000500495
390	-1	-0.998769	0.00049922
391	-1	-0.998772	0.000497951
392	-1	-0.998776	0.000496689
393	-1	-0.998779	0.000495434
394	-1	-0.998782	0.000494184
395	-1	-0.998785	0.000492941
396	-1	-0.998788	0.000491704
397	-1	-0.998791	0.000490474
398	-1	-0.998794	0.000489249
399	-1	-0.998797	0.000488031
400	-1	-0.9988	0.000486819
401	-1	-0.998803	0.000485612
402	-1	-0.998806	0.000484412
403	-1	-0.998809	0.000483218
404	-1	-0.998812	0.000482029
405	-1	-0.998815	0.000480846
406	-1	-0.998818	0.000479669
407	-1	-0.998821	0.000478498
408	-1	-0.998824	0.000477333
409	-1	-0.998826	0.000476173
410	-1	-0.998829	0.000475019
411	-1	-0.998832	0.00047387
412	-0.92	-0.998641	0.000509974
413	-0.92	-0.99845	0.000543205
414	-1	-0.998454	0.000541904
415	-1	-0.998458	0.00054061
416	-1	-0.998462	0.000539321
417	-1	-0.998465	0.000538039
418	-1	-0.998469	0.000536763
419	-1	-0.998473	0.000535493
420	-1	-0.998476	0.000534229
421	-1	-0.99848	0.000532971
422	-1	-0.998483	0.000531718
423	-1	-0.998487	0.000530472
424	-1	-0.998491	0.000529231
425	-1	-0.998494	0.000527997
426	-1	-0.998498	0.000526768
427	-1	-0.998501	0.000525544
428	-1	-0.998505	0.000524327
429	-1	-0.998508	0.000523115
430	-1	-0.998512	0.000521908
431	-1	-0.998515	0.000520707
432	-1	-0.998519	0.000519512
433	-1	-0.998522	0.000518322
434	-1	-0.998525	0.000517138
435	-1	-0.998529	0.000515959
436	-1	-0.998532	0.000514785
437	-1	-0.998535	0.000513616
438	-1	-0.998539	0.000512453
439	-1	-0.998542	0.000511296
440	-1	-0.998545	0.000510143
441	-1	-0.998549	0.000508996
442	-1	-0.998552	0.000507853
443	-1	-0.998555	0.000506716
444	-1	-0.998559	0.000505584
445	-1	-0.998562	0.000504457
446	-1	-0.998565	0.000503335
447	-1	-0.998568	0.000502218
448	-1	-0.998571	0.000501106
449	-1	-0.998575	0.000499999
450	-1	-0.998578	0.000498896
451	-1	-0.998581	0.000497799
452	-1	-0.998584	0.000496706
453	-1	-0.998587	0.000495619
454	-1	-0.99859	0.000494535
455	-1	-0.998593	0.000493457
456	-1	-0.998596	0.000492383
457	-1	-0.9986	0.000491314
458	-1	-0.998603	0.00049025
459	-1	-0.998606	0.00048919
460	-1	-0.998609	0.000488135
461	-1	-0.998612	0.000487084
462	-1	-0.998615	0.000486038
463	-1	-0.998618	0.000484997
464	-1	-0.998621	0.000483959
465	-1	-0.998624	0.000482927
466	-1	-0.998627	0.000481898
467	-1	-0.99863	0.000480874
468	-1	-0.998632	0.000479855
469	-1	-0.998635	0.000478839
470	-1	-0.998638	0.000477828
471	-1	-0.998641	0.000476821
472	-1	-0.998644	0.000475819
473	-1	-0.998647	0.00047482
474	-1	-0.99865	0.000473826
475	-1	-0.998653	0.000472836
476	-1	-0.998655	0.00047185
477	-1	-0.998658	0.000470868
478	-1	-0.998661	0.000469891
479	-1	-0.998664	0.000468917
480	-1	-0.998667	0.000467947
481	-1	-0.998669	0.000466982
482	-1	-0.998672	0.00046602
483	-1	-0.998675	0.000465062
484	-1	-0.998678	0.000464109
485	-1	-0.99868	0.000463159
486	-1	-0.998683	0.000462213
487	-1	-0.998686	0.00046127
488	-1	-0.998689	0.000460332
489	-1	-0.998691	0.000459398
490	-1	-0.998694	0.000458467
491	-1	-0.998697	0.00045754
492	-1	-0.998699	0.000456617
493	-1	-0.998702	0.000455697
494	-1	-0.998704	0.000454781
495	-1	-0.998707	0.000453869
496	-1	-0.99871	0.000452961
497	-1	-0.998712	0.000452056
498	-1	-0.998715	0.000451155
499	-1	-0.998717	0.000450257
500	-1	-0.99872	0.000449363
501	-1	-0.998723	0.000448472
502	-1	-0.998725	0.000447585
503	-1	-0.998728	0.000446702
504	-1	-0.99873	0.000445822
505	-1	-0.998733	0.000444945
506	-1	-0.998735	0.000444072
507	-1	-0.998738	0.000443202
508	-1	-0.99874	0.000442336
509	-1	-0.998743	0.000441473
510	-1	-0.998745	0.000440613
511	-1	-0.998748	0.000439757
512	-1	-0.99875	0.000438904
513	-1	-0.998752	0.000438055
514	-1	-0.998755	0.000437208
515	-1	-0.998757	0.000436365
516	-1	-0.99876	0.000435525
517	-1	-0.998762	0.000434689
518	-1	-0.998764	0.000433855
519	-1	-0.998767	0.000433025
520	-1	-0.998769	0.000432198
521	-1	-0.998772	0.000431374
522	-1	-0.998774	0.000430554
523	-1	-0.998776	0.000429736
524	-1	-0.998779	0.000428921
525	-1	-0.998781	0.00042811
526	-1	-0.998783	0.000427302
527	-1	-0.998786	0.000426496
528	-1	-0.998788	0.000425694
529	-1	-0.99879	0.000424895
530	-1	-0.998792	0.000424098
531	-1	-0.998795	0.000423305
532	-1	-0.998797	0.000422515
533	-1	-0.998799	0.000421727
534	-1	-0.998801	0.000420943
535	-1	-0.998804	0.000420161
536	-1	-0.998806	0.000419382
537	-1	-0.998808	0.000418607
538	-1	-0.99881	0.000417834
539	-1	-0.998813	0.000417064
540	-1	-0.998815	0.000416296
541	-1	-0.998817	0.000415532
542	-1	-0.998819	0.00041477
543	-1	-0.998821	0.000414011
544	-1	-0.998824	0.000413255
545	-1	-0.998826	0.000412502
546	-1	-0.998828	0.000411752
547	-1	-0.99883	0.000411004
548	-1	-0.998832	0.000410259
549	-1	-0.998834	0.000409516
550	-1	-0.998836	0.000408776
551	-1	-0.998838	0.000408039
552	-1	-0.998841	0.000407305
553	-1	-0.998843	0.000406573
554	-1	-0.998845	0.000405844
555	-1	-0.998847	0.000405117
556	-1	-0.998849	0.000404393
557	-1	-0.998851	0.000403672
558	-1	-0.998853	0.000402953
559	-1	-0.998855	0.000402237
560	-1	-0.998857	0.000401523
561	-1	-0.998859	0.000400812
562	-1	-0.998861	0.000400103
563	-1	-0.998863	0.000399397
564	-1	-0.998865	0.000398693
565	-1	-0.998867	0.000397992
566	-1	-0.998869	0.000397293
567	-1	-0.998871	0.000396597
568	-1	-0.998873	0.000395903
569	-1	-0.998875	0.000395212
570	-1	-0.998877	0.000394523
571	-1	-0.998879	0.000393836
572	-1	-0.998881	0.000393152
573	-1	-0.998883	0.00039247
574	-1	-0.998885	0.000391791
575	-1	-0.998887	0.000391113
576	-1	-0.998889	0.000390439
577	-1	-0.998891	0.000389766
578	-1	-0.998893	0.000389096
579	-1	-0.998895	0.000388428
580	-1	-0.998897	0.000387762
581	-1	-0.998898	0.000387099
582	-1	-0.9989	0.000386438
583	-1	-0.998902	0.000385779
584	-1	-0.998904	0.000385123
585	-1	-0.998906	0.000384468
586	-1	-0.998908	0.000383816
587	-1	-0.99891	0.000383166
588	-1	-0.998912	0.000382519
589	-1	-0.998913	0.000381873
590	-1	-0.998915	0.00038123
591	-1	-0.998917	0.000380589
592	-1	-0.998919	0.00037995
593	-1	-0.998921	0.000379313
594	-1	-0.998923	0.000378678
595	-1	-0.998924	0.000378045
596	-1	-0.998926	0.000377415
597	-1	-0.998928	0.000376786
598	-1	-0.99893	0.00037616
599	-1	-0.998932	0.000375536
600	-1	-0.998933	0.000374914
601	-1	-0.998935	0.000374293
602	-1	-0.998937	0.000373675
603	-1	-0.998939	0.000373059
604	-1	-0.99894	0.000372445
605	-1	-0.998942	0.000371833
606	-1	-0.998944	0.000371223
607	-1	-0.998946	0.000370615
608	-1	-0.998947	0.000370009
609	-1	-0.998949	0.000369405
610	-1	-0.998951	0.000368803
611	-1	-0.998953	0.000368203
612	-1	-0.998954	0.000367605
613	-1	-0.998956	0.000367009
614	-1	-0.998958	0.000366415
615	-1	-0.998959	0.000365822
616	-1	-0.998961	0.000365232
617	-1	-0.998963	0.000364643
618	-1	-0.998964	0.000364057
619	-1	-0.998966	0.000363472
620	-1	-0.998968	0.000362889
621	-1	-0.998969	0.000362308
622	-1	-0.998971	0.000361729
623	-1	-0.998973	0.000361151
624	-1	-0.998974	0.000360576
625	-1	-0.998976	0.000360002
626	-1	-0.998978	0.00035943
627	-1	-0.998979	0.00035886
628	-1	-0.998981	0.000358292
629	-1	-0.998983	0.000357726
630	-1	-0.998984	0.000357161
631	-1	-0.998986	0.000356598
632	-1	-0.998987	0.000356037
633	-1	-0.998989	0.000355478
634	-1	-0.998991	0.00035492
635	-1	-0.998992	0.000354365
636	-1	-0.998994	0.000353811
637	-1	-0.998995	0.000353258
638	-0.92	-0.998871	0.000373806
639	-1	-0.998873	0.000373225
640	-1	-0.998875	0.000372645
641	-1	-0.998877	0.000372068
642	-1	-0.998879	0.000371492
643	-1	-0.99888	0.000370918
644	-1	-0.998882	0.000370345
645	-1	-0.998884	0.000369775
646	-1	-0.998885	0.000369206
647	-1	-0.998887	0.000368639
648	-1	-0.998889	0.000368073
649	-1	-0.998891	0.00036751
650	-1	-0.998892	0.000366948
651	-1	-0.998894	0.000366388
652	-1	-0.998896	0.000365829
653	-1	-0.998897	0.000365273
654	-1	-0.998899	0.000364718
655	-1	-0.998901	0.000364164
656	-1	-0.998902	0.000363613
657	-1	-0.998904	0.000363063
658	-1	-0.998906	0.000362514
659	-1	-0.998907	0.000361967
660	-1	-0.998909	0.000361422
661	-0.92	-0.99879	0.000380108
662	-0.92	-0.998671	0.000397757
663	-1	-0.998673	0.000397162
664	-1	-0.998675	0.000396568
665	-1	-0.998677	0.000395977
666	-1	-0.998679	0.000395387
667	-1	-0.998681	0.000394798
668	-1	-0.998683	0.000394212
669	-1	-0.998685	0.000393627
670	-1	-0.998687	0.000393044
671	-1	-0.998689	0.000392463
672	-1	-0.99869	0.000391883
673	-1	-0.998692	0.000391305
674	-1	-0.998694	0.000390729
675	-1	-0.998696	0.000390155
676	-1	-0.998698	0.000389582
677	-1	-0.9987	0.000389011
678	-1	-0.998702	0.000388441
679	-1	-0.998704	0.000387873
680	-1	-0.998706	0.000387307
681	-1	-0.998708	0.000386743
682	-1	-0.99871	0.00038618
683	-1	-0.998712	0.000385619
684	-1	-0.998713	0.000385059
685	-1	-0.998715	0.000384501
686	-1	-0.998717	0.000383945
687	-1	-0.998719	0.00038339
688	-1	-0.998721	0.000382837
689	-1	-0.998723	0.000382285
690	-1	-0.998725	0.000381735
691	-1	-0.998726	0.000381187
692	-1	-0.998728	0.00038064
693	-1	-0.99873	0.000380095
694	-1	-0.998732	0.000379551
695	-1	-0.998734	0.000379009
696	-1	-0.998736	0.000378469
697	-1	-0.998737	0.00037793
698	-1	-0.998739	0.000377392
699	-1	-0.998741	0.000376856
700	-1	-0.998743	0.000376322
701	-1	-0.998745	0.000375789
702	-1	-0.998746	0.000375257
703	-1	-0.998748	0.000374727
704	-1	-0.99875	0.000374199
705	-1	-0.998752	0.000373672
706	-1	-0.998754	0.000373147
707	-1	-0.998755	0.000372623
708	-1	-0.998757	0.0003721
709	-1	-0.998759	0.000371579
710	-1	-0.998761	0.000371059
711	-1	-0.998762	0.000370541
712	-1	-0.998764	0.000370025
713	-0.92	-0.998654	0.000385665
714	-0.92	-0.998543	0.000400569
715	-0.92	-0.998434	0.000414818
716	-0.92	-0.998324	0.000428478
717	-0.92	-0.998215	0.000441604
718	-0.92	-0.998106	0.000454244
719	-0.92	-0.997997	0.000466438
720	-0.92	-0.997889	0.000478221
721	-0.92	-0.997781	0.000489624
722	-0.92	-0.997673	0.000500673
723	-0.92	-0.997566	0.000511391
724	-0.92	-0.997459	0.000521801
725	-0.92	-0.997352	0.000531921
726	-0.92	-0.997245	0.000541768
727	-0.92	-0.997139	0.000551357
728	-0.92	-0.997033	0.000560702
729	-0.92	-0.996927	0.000569816
730	-0.92	-0.996822	0.000578711
731	-0.92	-0.996717	0.000587396
732	-0.92	-0.996612	0.000595882
733	-0.92	-0.996508	0.000604177
734	-0.92	-0.996403	0.000612291
735	-0.92	-0.996299	0.00062023
736	-0.92	-0.996196	0.000628003
737	-0.92	-0.996092	0.000635615
738	-0.92	-0.995989	0.000643072
739	-0.92	-0.995886	0.000650381
740	-0.92	-0.995784	0.000657548
741	-1	-0.995789	0.000656685
742	-1	-0.995795	0.000655823
743	-1	-0.995801	0.000654965
744	-1	-0.995806	0.000654108
745	-1	-0.995812	0.000653254
746	-1	-0.995818	0.000652402
747	-1	-0.995823	0.000651552
748	-1	-0.995829	0.000650704
749	-1	-0.995834	0.000649859
750	-1	-0.99584	0.000649015
751	-1	-0.995846	0.000648174
752	-1	-0.995851	0.000647335
753	-1	-0.995857	0.000646498
754	-1	-0.995862	0.000645664
755	-1	-0.995868	0.000644831
756	-1	-0.995873	0.000644001
757	-1	-0.995878	0.000643173
758	-1	-0.995884	0.000642347
759	-1	-0.995889	0.000641523
760	-1	-0.995895	0.000640701
761	-1	-0.9959	0.000639881
762	-1	-0.995906	0.000639064
763	-1	-0.995911	0.000638248
764	-1	-0.995916	0.000637435
765	-1	-0.995922	0.000636623
766	-1	-0.995927	0.000635814
767	-1	-0.995932	0.000635007
768	-1	-0.995937	0.000634201
769	-1	-0.995943	0.000633398
770	-1	-0.995948	0.000632597
771	-1	-0.995953	0.000631798
772	-1	-0.995959	0.000631001
773	-1	-0.995964	0.000630205
774	-1	-0.995969	0.000629412
775	-1	-0.995974	0.000628621
776	-1	-0.995979	0.000627832
777	-1	-0.995985	0.000627045
778	-1	-0.99599	0.00062626
779	-1	-0.995995	0.000625476
780	-1	-0.996	0.000624695
781	-1	-0.996005	0.000623916
782	-0.92	-0.995908	0.000630652
783	-0.92	-0.995811	0.000637263
784	-0.92	-0.995714	0.000643754
785	-1	-0.99572	0.000642956
786	-1	-0.995725	0.000642161
787	-1	-0.995731	0.000641367
788	-1	-0.995736	0.000640576
789	-1	-0.995741	0.000639786
790	-1	-0.995747	0.000638998
791	-0.92	-0.995651	0.000645335
792	-0.92	-0.995556	0.000651559
793	-1	-0.995561	0.000650761
794	-1	-0.995567	0.000649965
795	-1	-0.995572	0.000649171
796	-1	-0.995578	0.000648379
797	-1	-0.995583	0.000647588
798	-1	-0.995589	0.0006468
799	-1	-0.995594	0.000646013
800	-1	-0.9956	0.000645229
801	-1	-0.995605	0.000644446
802	-1	-0.995611	0.000643666
803	-1	-0.995616	0.000642887
804	-1	-0.995622	0.00064211
805	-1	-0.995627	0.000641335
806	-1	-0.995633	0.000640561
807	-1	-0.995638	0.00063979
808	-1	-0.995644	0.000639021
809	-1	-0.995649	0.000638253
810	-1	-0.995654	0.000637487
811	-1	-0.99566	0.000636723
812	-1	-0.995665	0.000635961
813	-1	-0.99567	0.000635201
814	-1	-0.995676	0.000634442
815	-1	-0.995681	0.000633685
816	-1	-0.995686	0.00063293
817	-1	-0.995692	0.000632177
818	-1	-0.995697	0.000631426
819	-1	-0.995702	0.000630676
820	-1	-0.995707	0.000629929
821	-1	-0.995713	0.000629183
822	-1	-0.995718	0.000628438
823	-1	-0.995723	0.000627696
824	-1	-0.995728	0.000626955
825	-1	-0.995733	0.000626216
826	-1	-0.995738	0.000625479
827	-1	-0.995744	0.000624743
828	-1	-0.995749	0.00062401
829	-1	-0.995754	0.000623278
830	-1	-0.995759	0.000622547
831	-1	-0.995764	0.000621818
832	-1	-0.995769	0.000621092
833	-1	-0.995774	0.000620366
834	-1	-0.995779	0.000619643
835	-1	-0.995784	0.000618921
836	-1	-0.995789	0.000618201
837	-1	-0.995795	0.000617482
838	-1	-0.9958	0.000616765
839	-1	-0.995805	0.00061605
840	-1	-0.99581	0.000615336
841	-1	-0.995815	0.000614624
842	-1	-0.995819	0.000613914
843	-1	-0.995824	0.000613206
844	-1	-0.995829	0.000612499
845	-1	-0.995834	0.000611793
846	-1	-0.995839	0.000611089
847	-1	-0.995844	0.000610387
848	-1	-0.995849	0.000609687
849	-1	-0.995854	0.000608988
850	-1	-0.995859	0.000608291
851	-1	-0.995864	0.000607595
852	-1	-0.995869	0.000606901
853	-1	-0.995873	0.000606208
854	-1	-0.995878	0.000605517
855	-1	-0.995883	0.000604828
856	-1	-0.995888	0.00060414
857	-1	-0.995893	0.000603454
858	-1	-0.995897	0.000602769
859	-1	-0.995902	0.000602086
860	-1	-0.995907	0.000601404
861	-1	-0.995912	0.000600724
862	-1	-0.995916	0.000600045
863	-1	-0.995921	0.000599368
864	-1	-0.995926	0.000598693
865	-1	-0.995931	0.000598019
866	-1	-0.995935	0.000597346
867	-1	-0.99594	0.000596675
868	-1	-0.995945	0.000596006
869	-1	-0.995949	0.000595338
870	-1	-0.995954	0.000594672
871	-1	-0.995959	0.000594007
872	-1	-0.995963	0.000593343
873	-1	-0.995968	0.000592681
874	-1	-0.995973	0.000592021
875	-1	-0.995977	0.000591362
876	-1	-0.995982	0.000590704
877	-1	-0.995986	0.000590048
878	-1	-0.995991	0.000589393
879	-1	-0.995995	0.00058874
880	-1	-0.996	0.000588088
881	-1	-0.996005	0.000587438
882	-1	-0.996009	0.000586789
883	-1	-0.996014	0.000586141
884	-1	-0.996018	0.000585495
885	-1	-0.996023	0.000584851
886	-1	-0.996027	0.000584207
887	-1	-0.996032	0.000583566
888	-1	-0.996036	0.000582925
889	-1	-0.99604	0.000582286
890	-1	-0.996045	0.000581649
891	-1	-0.996049	0.000581012
892	-1	-0.996054	0.000580377
893	-1	-0.996058	0.000579744
894	-1	-0.996063	0.000579112
895	-1	-0.996067	0.000578481
896	-1	-0.996071	0.000577852
897	-1	-0.996076	0.000577224
898	-1	-0.99608	0.000576597
899	-1	-0.996085	0.000575972
900	-1	-0.996089	0.000575348
901	-1	-0.996093	0.000574726
902	-1	-0.996098	0.000574105
903	-1	-0.996102	0.000573485
904	-1	-0.996106	0.000572866
905	-1	-0.99611	0.000572249
906	-1	-0.996115	0.000571633
907	-1	-0.996119	0.000571019
908	-1	-0.996123	0.000570405
909	-1	-0.996128	0.000569794
910	-1	-0.996132	0.000569183
911	-1	-0.996136	0.000568574
912	-1	-0.99614	0.000567966
913	-1	-0.996145	0.000567359
914	-1	-0.996149	0.000566754
915	-1	-0.996153	0.00056615
916	-1	-0.996157	0.000565547
917	-1	-0.996161	0.000564945
918	-1	-0.996166	0.000564345
919	-1	-0.99617	0.000563746
920	-1	-0.996174	0.000563148
921	-1	-0.996178	0.000562552
922	-1	-0.996182	0.000561957
923	-1	-0.996186	0.000561363
924	-1	-0.99619	0.00056077
925	-1	-0.996195	0.000560179
926	-1	-0.996199	0.000559588
927	-1	-0.996203	0.000559
928	-1	-0.996207	0.000558412
929	-1	-0.996211	0.000557825
930	-1	-0.996215	0.00055724
931	-1	-0.996219	0.000556656
932	-1	-0.996223	0.000556073
933	-1	-0.996227	0.000555492
934	-1	-0.996231	0.000554911
935	-1	-0.996235	0.000554332
936	-1	-0.996239	0.000553754
937	-1	-0.996243	0.000553178
938	-1	-0.996247	0.000552602
939	-1	-0.996251	0.000552028
940	-1	-0.996255	0.000551454
941	-1	-0.996259	0.000550883
942	-1	-0.996263	0.000550312
943	-1	-0.996267	0.000549742
944	-1	-0.996271	0.000549174
945	-1	-0.996275	0.000548606
946	-1	-0.996279	0.00054804
947	-1	-0.996283	0.000547475
948	-1	-0.996287	0.000546912
949	-1	-0.996291	0.000546349
950	-1	-0.996295	0.000545788
951	-1	-0.996299	0.000545227
952	-1	-0.996303	0.000544668
953	-1	-0.996306	0.00054411
954	-1	-0.99631	0.000543553
955	-1	-0.996314	0.000542998
956	-1	-0.996318	0.000542443
957	-1	-0.996322	0.00054189
958	-1	-0.996326	0.000541337
959	-1	-0.99633	0.000540786
960	-1	-0.996333	0.000540236
961	-1	-0.996337	0.000539687
962	-1	-0.996341	0.000539139
963	-1	-0.996345	0.000538592
964	-1	-0.996349	0.000538047
965	-1	-0.996352	0.000537502
966	-1	-0.996356	0.000536959
967	-1	-0.99636	0.000536417
968	-1	-0.996364	0.000535875
969	-1	-0.996367	0.000535335
970	-1	-0.996371	0.000534796
971	-1	-0.996375	0.000534258
972	-1	-0.996379	0.000533721
973	-1	-0.996382	0.000533185
974	-1	-0.996386	0.000532651
975	-1	-0.99639	0.000532117
976	-1	-0.996393	0.000531584
977	-1	-0.996397	0.000531053
978	-1	-0.996401	0.000530522
979	-1	-0.996404	0.000529993
980	-1	-0.996408	0.000529464
981	-1	-0.996412	0.000528937
982	-1	-0.996415	0.000528411
983	-1	-0.996419	0.000527886
984	-1	-0.996423	0.000527361
985	-1	-0.996426	0.000526838
986	-1	-0.99643	0.000526316
987	-1	-0.996434	0.000525795
988	-1	-0.996437	0.000525275
989	-1	-0.996441	0.000524756
990	-1	-0.996444	0.000524238
991	-1	-0.996448	0.000523721
992	-1	-0.996452	0.000523205
993	-1	-0.996455	0.00052269
994	-1	-0.996459	0.000522176
995	-1	-0.996462	0.000521663
996	-1	-0.996466	0.000521151
997	-1	-0.996469	0.00052064
998	-1	-0.996473	0.000520131
999	-1	-0.996476	0.000519622
1000	-1	-0.99648	0.000519114
1001	-1	-0.996484	0.000518607
1002	-1	-0.996487	0.000518101
1003	-1	-0.996491	0.000517596
1004	-1	-0.996494	0.000517092
1005	-1	-0.996498	0.000516589
1006	-1	-0.996501	0.000516087
1007	-1	-0.996504	0.000515586
1008	-1	-0.996508	0.000515086
1009	-1	-0.996511	0.000514587
1010	-1	-0.996515	0.000514089
1011	-1	-0.996518	0.000513591
1012	-1	-0.996522	0.000513095
1013	-1	-0.996525	0.0005126
1014	-1	-0.996529	0.000512106
1015	-1	-0.996532	0.000511612
1016	-1	-0.996535	0.00051112
1017	-1	-0.996539	0.000510628
1018	-1	-0.996542	0.000510138
1019	-1	-0.996546	0.000509648
1020	-1	-0.996549	0.00050916
1021	-1	-0.996552	0.000508672
1022	-1	-0.996556	0.000508185
1023	-1	-0.996559	0.000507699
1024	-1	-0.996562	0.000507214
1025	-1	-0.996566	0.00050673
1026	-1	-0.996569	0.000506247
1027	-1	-0.996573	0.000505765
1028	-1	-0.996576	0.000505284
1029	-1	-0.996579	0.000504804
1030	-1	-0.996583	0.000504324
1031	-1	-0.996586	0.000503846
1032	-1	-0.996589	0.000503368
1033	-1	-0.996592	0.000502892
1034	-1	-0.996596	0.000502416
1035	-1	-0.996599	0.000501941
1036	-1	-0.996602	0.000501467
1037	-1	-0.996606	0.000500994
1038	-1	-0.996609	0.000500522
1039	-1	-0.996612	0.00050005
1040	-1	-0.996615	0.00049958
1041	-1	-0.996619	0.00049911
1042	-1	-0.996622	0.000498642
1043	-1	-0.996625	0.000498174
1044	-1	-0.996628	0.000497707
1045	-1	-0.996632	0.000497241
1046	-1	-0.996635	0.000496776
1047	-1	-0.996638	0.000496311
1048	-1	-0.996641	0.000495848
1049	-1	-0.996644	0.000495385
1050	-1	-0.996648	0.000494924
1051	-1	-0.996651	0.000494463
1052	-1	-0.996654	0.000494003
1053	-1	-0.996657	0.000493544
1054	-1	-0.99666	0.000493085
1055	-1	-0.996664	0.000492628
1056	-1	-0.996667	0.000492171
1057	-1	-0.99667	0.000491716
1058	-1	-0.996673	0.000491261
1059	-1	-0.996676	0.000490807
1060	-1	-0.996679	0.000490354
1061	-1	-0.996682	0.000489901
1062	-1	-0.996685	0.00048945
1063	-1	-0.996689	0.000488999
1064	-1	-0.996692	0.000488549
1065	-1	-0.996695	0.0004881
1066	-1	-0.996698	0.000487652
1067	-1	-0.996701	0.000487204
1068	-1	-0.996704	0.000486758
1069	-1	-0.996707	0.000486312
1070	-1	-0.99671	0.000485867
1071	-1	-0.996713	0.000485423
1072	-1	-0.996716	0.000484979
1073	-1	-0.996719	0.000484537
1074	-1	-0.996723	0.000484095
1075	-1	-0.996726	0.000483654
1076	-0.92	-0.996654	0.000488438
1077	-1	-0.996657	0.000487994
1078	-1	-0.99666	0.000487551
1079	-1	-0.996664	0.000487108
1080	-1	-0.996667	0.000486667
1081	-1	-0.99667	0.000486226
1082	-1	-0.996673	0.000485787
1083	-1	-0.996676	0.000485348
1084	-1	-0.996679	0.000484909
1085	-1	-0.996682	0.000484472
1086	-1	-0.996685	0.000484035
1087	-1	-0.996688	0.000483599
1088	-1	-0.996691	0.000483164
1089	-1	-0.996694	0.00048273
1090	-1	-0.996697	0.000482296
1091	-1	-0.9967	0.000481864
1092	-1	-0.996703	0.000481432
1093	-1	-0.996706	0.000481
1094	-1	-0.996709	0.00048057
1095	-1	-0.996712	0.00048014
1096	-1	-0.996715	0.000479711
1097	-1	-0.996718	0.000479283
1098	-1	-0.996721	0.000478856
1099	-1	-0.996724	0.000478429
1100	-1	-0.996727	0.000478003
1101	-1	-0.99673	0.000477578
1102	-1	-0.996733	0.000477154
1103	-1	-0.996736	0.00047673
1104	-1	-0.996739	0.000476307
1105	-1	-0.996742	0.000475885
1106	-1	-0.996745	0.000475464
1107	-1	-0.996748	0.000475043
1108	-1	-0.996751	0.000474624
1109	-1	-0.996754	0.000474204
1110	-1	-0.996757	0.000473786
1111	-1	-0.99676	0.000473368
1112	-1	-0.996763	0.000472952
1113	-1	-0.996765	0.000472535
1114	-1	-0.996768	0.00047212
1115	-1	-0.996771	0.000471705
1116	-1	-0.996774	0.000471291
1117	-1	-0.996777	0.000470878
1118	-1	-0.99678	0.000470465
1119	-1	-0.996783	0.000470054
1120	-1	-0.996786	0.000469643
1121	-1	-0.996789	0.000469232
1122	-1	-0.996791	0.000468822
1123	-1	-0.996794	0.000468414
1124	-1	-0.996797	0.000468005
1125	-1	-0.9968	0.000467598
1126	-1	-0.996803	0.000467191
1127	-1	-0.996806	0.000466785
1128	-1	-0.996809	0.000466379
1129	-1	-0.996811	0.000465975
1130	-1	-0.996814	0.000465571
1131	-1	-0.996817	0.000465167
1132	-1	-0.99682	0.000464765
1133	-1	-0.996823	0.000464363
1134	-1	-0.996825	0.000463962
1135	-1	-0.996828	0.000463561
1136	-1	-0.996831	0.000463161
1137	-1	-0.996834	0.000462762
1138	-1	-0.996837	0.000462364
1139	-1	-0.996839	0.000461966
1140	-1	-0.996842	0.000461569
1141	-1	-0.996845	0.000461173
1142	-1	-0.996848	0.000460777
1143	-0.92	-0.99678	0.000465257
1144	-0.92	-0.996713	0.00046967
1145	-1	-0.996716	0.000469269
1146	-1	-0.996719	0.000468868
1147	-1	-0.996722	0.000468468
1148	-1	-0.996725	0.000468068
1149	-0.92	-0.996658	0.000472404
1150	-0.92	-0.996591	0.000476677
1151	-0.92	-0.996525	0.000480889
1152	-0.92	-0.996458	0.000485041
1153	-0.92	-0.996392	0.000489136
1154	-0.92	-0.996326	0.000493175
1155	-0.92	-0.99626	0.000497159
1156	-0.92	-0.996194	0.00050109
1157	-0.92	-0.996128	0.00050497
1158	-0.92	-0.996062	0.000508799
1159	-0.92	-0.995997	0.000512578
1160	-0.92	-0.995931	0.000516309
1161	-0.92	-0.995866	0.000519994
1162	-0.92	-0.9958	0.000523632
1163	-0.92	-0.995735	0.000527226
1164	-0.92	-0.99567	0.000530776
1165	-0.92	-0.995605	0.000534283
1166	-0.92	-0.99554	0.000537748
1167	-0.92	-0.995476	0.000541172
1168	-0.92	-0.995411	0.000544556
1169	-0.92	-0.995346	0.000547901
1170	-1	-0.99535	0.000547447
1171	-1	-0.995354	0.000546994
1172	-1	-0.995358	0.000546541
1173	-1	-0.995362	0.000546089
1174	-1	-0.995366	0.000545638
1175	-1	-0.99537	0.000545188
1176	-1	-0.995374	0.000544738
1177	-1	-0.995378	0.00054429
1178	-1	-0.995382	0.000543842
1179	-1	-0.995386	0.000543394
1180	-1	-0.99539	0.000542948
1181	-1	-0.995394	0.000542502
1182	-1	-0.995398	0.000542057
1183	-1	-0.995402	0.000541612
1184	-1	-0.995405	0.000541168
1185	-1	-0.995409	0.000540725
1186	-1	-0.995413	0.000540283
1187	-1	-0.995417	0.000539842
1188	-1	-0.995421	0.000539401
1189	-1	-0.995425	0.000538961
1190	-1	-0.995429	0.000538521
1191	-1	-0.995432	0.000538083
1192	-1	-0.995436	0.000537645
1193	-1	-0.99544	0.000537208
1194	-1	-0.995444	0.000536771
1195	-1	-0.995448	0.000536335
1196	-1	-0.995452	0.0005359
1197	-1	-0.995455	0.000535466
1198	-1	-0.995459	0.000535032
1199	-1	-0.995463	0.000534599
1200	-1	-0.995467	0.000534167
1201	-0.92	-0.995404	0.000537408
1202	-0.92	-0.995341	0.000540613
1203	-0.92	-0.995278	0.000543782
1204	-0.92	-0.995216	0.000546915
1205	-0.92	-0.995154	0.000550015
1206	-0.92	-0.995091	0.00055308
1207	-0.92	-0.995029	0.000556113
1208	-0.84	-0.994901	0.00057028
1209	-0.84	-0.994773	0.000584035
1210	-0.84	-0.994645	0.000597406
1211	-0.92	-0.994583	0.000600087
1212	-0.92	-0.994521	0.000602741
1213	-0.92	-0.99446	0.000605369
1214	-0.92	-0.994399	0.000607972
1215	-0.92	-0.994337	0.00061055
1216	-0.92	-0.994276	0.000613103
1217	-0.92	-0.994215	0.000615632
1218	-0.92	-0.994154	0.000618137
1219	-0.92	-0.994094	0.000620618
1220	-0.92	-0.994033	0.000623076
1221	-0.92	-0.993972	0.000625511
1222	-0.92	-0.993912	0.000627924
1223	-0.92	-0.993851	0.000630314
1224	-0.92	-0.993791	0.000632682
1225	-0.92	-0.993731	0.000635029
1226	-0.92	-0.99367	0.000637355
1227	-0.92	-0.99361	0.000639659
1228	-0.92	-0.99355	0.000641943
1229	-0.92	-0.993491	0.000644206
1230	-0.92	-0.993431	0.000646449
1231	-0.92	-0.993371	0.000648672
1232	-0.92	-0.993312	0.000650876
1233	-0.92	-0.993252	0.00065306
1234	-0.92	-0.993193	0.000655225
1235	-0.92	-0.993134	0.000657372
1236	-0.92	-0.993074	0.000659499
1237	-0.92	-0.993015	0.000661608
1238	-0.92	-0.992956	0.000663699
1239	-0.92	-0.992897	0.000665773
1240	-0.92	-0.992839	0.000667828
1241	-0.92	-0.99278	0.000669866
1242	-0.92	-0.992721	0.000671887
1243	-0.92	-0.992663	0.00067389
1244	-0.92	-0.992605	0.000675877
1245	-0.92	-0.992546	0.000677847
1246	-0.84	-0.992424	0.000688279
1247	-0.84	-0.992302	0.000698505
1248	-0.92	-0.992244	0.000700345
1249	-0.92	-0.992186	0.000702171
1250	-1	-0.992192	0.000701637
1251	-1	-0.992198	0.000701103
1252	-1	-0.992204	0.000700571
1253	-1	-0.992211	0.000700039
1254	-1	-0.992217	0.000699508
1255	-1	-0.992223	0.000698978
1256	-1	-0.992229	0.000698449
1257	-1	-0.992235	0.00069792
1258	-1	-0.992242	0.000697393
1259	-1	-0.992248	0.000696866
1260	-1	-0.992254	0.00069634
1261	-1	-0.99226	0.000695814
1262	-0.92	-0.992203	0.000697617
1263	-0.92	-0.992146	0.000699404
1264	-0.92	-0.992089	0.000701178
1265	-0.92	-0.992032	0.000702937
1266	-1	-0.992038	0.00070241
1267	-1	-0.992044	0.000701883
1268	-1	-0.99205	0.000701358
1269	-1	-0.992057	0.000700833
1270	-1	-0.992063	0.000700309
1271	-1	-0.992069	0.000699785
1272	-1	-0.992075	0.000699263
1273	-1	-0.992082	0.000698741
1274	-1	-0.992088	0.00069822
1275	-1	-0.992094	0.0006977
1276	-1	-0.9921	0.00069718
1277	-1	-0.992106	0.000696661
1278	-1	-0.992113	0.000696143
1279	-1	-0.992119	0.000695626
1280	-1	-0.992125	0.00069511
1281	-1	-0.992131	0.000694594
1282	-1	-0.992137	0.000694079
1283	-1	-0.992143	0.000693565
1284	-1	-0.99215	0.000693052
1285	-1	-0.992156	0.000692539
1286	-1	-0.992162	0.000692027
1287	-1	-0.992168	0.000691516
1288	-1	-0.992174	0.000691006
1289	-1	-0.99218	0.000690496
1290	-1	-0.992186	0.000689988
1291	-1	-0.992192	0.000689479
1292	-1	-0.992198	0.000688972
1293	-1	-0.992204	0.000688466
1294	-1	-0.99221	0.00068796
1295	-1	-0.992216	0.000687455
1296	-1	-0.992222	0.00068695
1297	-1	-0.992228	0.000686446
1298	-1	-0.992234	0.000685944
1299	-1	-0.99224	0.000685441
1300	-1	-0.992246	0.00068494
1301	-1	-0.992252	0.000684439
1302	-1	-0.992258	0.000683939
1303	-1	-0.992264	0.00068344
1304	-1	-0.99227	0.000682941
1305	-1	-0.992276	0.000682444
1306	-1	-0.992282	0.000681946
1307	-1	-0.992288	0.00068145
1308	-1	-0.992294	0.000680954
1309	-1	-0.992299	0.000680459
1310	-1	-0.992305	0.000679965
1311	-1	-0.992311	0.000679472
1312	-1	-0.992317	0.000678979
1313	-1	-0.992323	0.000678487
1314	-1	-0.992329	0.000677995
1315	-1	-0.992335	0.000677505
1316	-1	-0.99234	0.000677015
1317	-1	-0.992346	0.000676526
1318	-1	-0.992352	0.000676037
1319	-1	-0.992358	0.000675549
1320	-1	-0.992364	0.000675062
1321	-1	-0.992369	0.000674576
1322	-1	-0.992375	0.00067409
1323	-1	-0.992381	0.000673605
1324	-1	-0.992387	0.00067312
1325	-1	-0.992392	0.000672637
1326	-1	-0.992398	0.000672154
1327	-1	-0.992404	0.000671672
1328	-1	-0.99241	0.00067119
1329	-1	-0.992415	0.000670709
1330	-1	-0.992421	0.000670229
1331	-1	-0.992427	0.000669749
1332	-1	-0.992432	0.00066927
1333	-1	-0.992438	0.000668792
1334	-1	-0.992444	0.000668315
1335	-1	-0.992449	0.000667838
1336	-1	-0.992455	0.000667362
1337	-1	-0.992461	0.000666886
1338	-1	-0.992466	0.000666412
1339	-1	-0.992472	0.000665937
1340	-1	-0.992478	0.000665464
1341	-1	-0.992483	0.000664991
1342	-1	-0.992489	0.000664519
1343	-1	-0.992494	0.000664048
1344	-1	-0.9925	0.000663577
1345	-1	-0.992506	0.000663107
1346	-1	-0.992511	0.000662637
1347	-1	-0.992517	0.000662169
1348	-1	-0.992522	0.000661701
1349	-1	-0.992528	0.000661233
1350	-1	-0.992533	0.000660766
1351	-1	-0.992539	0.0006603
1352	-1	-0.992544	0.000659835
1353	-1	-0.99255	0.00065937
1354	-1	-0.992555	0.000658906
1355	-1	-0.992561	0.000658442
1356	-1	-0.992566	0.000657979
1357	-1	-0.992572	0.000657517
1358	-1	-0.992577	0.000657055
1359	-1	-0.992583	0.000656594
1360	-1	-0.992588	0.000656134
1361	-1	-0.992594	0.000655674
1362	-0.92	-0.99254	0.000657357
1363	-0.92	-0.992487	0.000659027
1364	-0.92	-0.992434	0.000660685
1365	-0.92	-0.992381	0.00066233
1366	-0.92	-0.992328	0.000663962
1367	-1	-0.992334	0.0006635
1368	-1	-0.992339	0.000663039
1369	-1	-0.992345	0.000662578
1370	-1	-0.99235	0.000662118
1371	-1	-0.992356	0.000661658
1372	-1	-0.992362	0.000661199
1373	-1	-0.992367	0.000660741
1374	-1	-0.992373	0.000660283
1375	-1	-0.992378	0.000659826
1376	-1	-0.992384	0.00065937
1377	-1	-0.992389	0.000658914
1378	-1	-0.992395	0.000658459
1379	-1	-0.9924	0.000658004
1380	-1	-0.992406	0.00065755
1381	-1	-0.992411	0.000657097
1382	-1	-0.992417	0.000656644
1383	-1	-0.992422	0.000656192
1384	-1	-0.992428	0.000655741
1385	-1	-0.992433	0.00065529
1386	-1	-0.992439	0.00065484
1387	-1	-0.992444	0.00065439
1388	-1	-0.99245	0.000653941
1389	-1	-0.992455	0.000653493
1390	-1	-0.99246	0.000653045
1391	-1	-0.992466	0.000652598
1392	-1	-0.992471	0.000652151
1393	-1	-0.992477	0.000651705
1394	-1	-0.992482	0.00065126
1395	-1	-0.992487	0.000650815
1396	-1	-0.992493	0.000650371
1397	-1	-0.992498	0.000649928
1398	-1	-0.992504	0.000649485
1399	-1	-0.992509	0.000649042
1400	-1	-0.992514	0.000648601
1401	-1	-0.99252	0.00064816
1402	-1	-0.992525	0.000647719
1403	-1	-0.99253	0.000647279
1404	-1	-0.992536	0.00064684
1405	-1	-0.992541	0.000646401
1406	-1	-0.992546	0.000645963
1407	-1	-0.992552	0.000645526
1408	-1	-0.992557	0.000645089
1409	-1	-0.992562	0.000644652
1410	-1	-0.992567	0.000644217
1411	-1	-0.992573	0.000643781
1412	-1	-0.992578	0.000643347
1413	-1	-0.992583	0.000642913
1414	-1	-0.992588	0.000642479
1415	-1	-0.992594	0.000642047
1416	-1	-0.992599	0.000641614
1417	-1	-0.992604	0.000641183
1418	-1	-0.992609	0.000640751
1419	-1	-0.992615	0.000640321
1420	-1	-0.99262	0.000639891
1421	-1	-0.992625	0.000639462
1422	-1	-0.99263	0.000639033
1423	-1	-0.992635	0.000638605
1424	-1	-0.99264	0.000638177
1425	-1	-0.992646	0.00063775
1426	-1	-0.992651	0.000637323
1427	-1	-0.992656	0.000636897
1428	-1	-0.992661	0.000636472
1429	-1	-0.992666	0.000636047
1430	-1	-0.992671	0.000635623
1431	-1	-0.992676	0.000635199
1432	-1	-0.992682	0.000634776
1433	-1	-0.992687	0.000634354
1434	-1	-0.992692	0.000633932
1435	-1	-0.992697	0.00063351
1436	-1	-0.992702	0.000633089
1437	-1	-0.992707	0.000632669
1438	-0.92	-0.992656	0.000634247
1439	-1	-0.992662	0.000633827
1440	-1	-0.992667	0.000633407
1441	-1	-0.992672	0.000632988
1442	-1	-0.992677	0.000632569
1443	-1	-0.992682	0.000632151
1444	-1	-0.992687	0.000631733
1445	-1	-0.992692	0.000631316
1446	-1	-0.992697	0.0006309
1447	-1	-0.992702	0.000630484
1448	-1	-0.992707	0.000630068
1449	-1	-0.992712	0.000629654
1450	-1	-0.992717	0.000629239
1451	-1	-0.992722	0.000628825
1452	-1	-0.992727	0.000628412
1453	-1	-0.992732	0.000628
1454	-1	-0.992737	0.000627587
1455	-1	-0.992742	0.000627176
1456	-1	-0.992747	0.000626765
1457	-1	-0.992752	0.000626354
1458	-1	-0.992757	0.000625944
1459	-1	-0.992762	0.000625535
1460	-1	-0.992767	0.000625126
1461	-1	-0.992772	0.000624717
1462	-1	-0.992777	0.000624309
1463	-1	-0.992782	0.000623902
1464	-1	-0.992787	0.000623495
1465	-1	-0.992792	0.000623089
1466	-1	-0.992797	0.000622683
1467	-1	-0.992802	0.000622278
1468	-1	-0.992807	0.000621873
1469	-1	-0.992811	0.000621469
1470	-1	-0.992816	0.000621065
1471	-1	-0.992821	0.000620662
1472	-1	-0.992826	0.00062026
1473	-1	-0.992831	0.000619858
1474	-1	-0.992836	0.000619456
1475	-1	-0.992841	0.000619055
1476	-1	-0.992846	0.000618654
1477	-1	-0.99285	0.000618254
1478	-1	-0.992855	0.000617855
1479	-1	-0.99286	0.000617456
1480	-1	-0.992865	0.000617057
1481	-1	-0.99287	0.000616659
1482	-1	-0.992874	0.000616262
1483	-1	-0.992879	0.000615865
1484	-1	-0.992884	0.000615469
1485	-1	-0.992889	0.000615073
1486	-1	-0.992894	0.000614677
1487	-1	-0.992898	0.000614282
1488	-1	-0.992903	0.000613888
1489	-1	-0.992908	0.000613494
1490	-1	-0.992913	0.000613101
1491	-1	-0.992918	0.000612708
1492	-1	-0.992922	0.000612315
1493	-1	-0.992927	0.000611923
1494	-1	-0.992932	0.000611532
1495	-1	-0.992936	0.000611141
1496	-1	-0.992941	0.000610751
1497	-1	-0.992946	0.000610361
1498	-1	-0.992951	0.000609971
1499	-1	-0.992955	0.000609583
1500	-1	-0.99296	0.000609194
1501	-1	-0.992965	0.000608806
1502	-1	-0.992969	0.000608419
1503	-1	-0.992974	0.000608032
1504	-1	-0.992979	0.000607645
1505	-1	-0.992983	0.000607259
1506	-1	-0.992988	0.000606874
1507	-1	-0.992993	0.000606489
1508	-1	-0.992997	0.000606104
1509	-1	-0.993002	0.00060572
1510	-1	-0.993007	0.000605337
1511	-1	-0.993011	0.000604954
1512	-1	-0.993016	0.000604571
1513	-1	-0.99302	0.000604189
1514	-1	-0.993025	0.000603808
1515	-1	-0.99303	0.000603426
1516	-1	-0.993034	0.000603046
1517	-1	-0.993039	0.000602666
1518	-1	-0.993043	0.000602286
1519	-1	-0.993048	0.000601907
1520	-1	-0.993053	0.000601528
1521	-1	-0.993057	0.00060115
1522	-1	-0.993062	0.000600772
1523	-1	-0.993066	0.000600395
1524	-1	-0.993071	0.000600018
1525	-1	-0.993075	0.000599641
1526	-1	-0.99308	0.000599266
1527	-1	-0.993084	0.00059889
1528	-1	-0.993089	0.000598515
1529	-1	-0.993094	0.000598141
1530	-1	-0.993098	0.000597767
1531	-1	-0.993103	0.000597393
1532	-1	-0.993107	0.00059702
1533	-1	-0.993112	0.000596647
1534	-1	-0.993116	0.000596275
1535	-1	-0.993121	0.000595903
1536	-1	-0.993125	0.000595532
1537	-1	-0.993129	0.000595161
1538	-1	-0.993134	0.000594791
1539	-1	-0.993138	0.000594421
1540	-1	-0.993143	0.000594052
1541	-1	-0.993147	0.000593683
1542	-1	-0.993152	0.000593314
1543	-1	-0.993156	0.000592946
1544	-1	-0.993161	0.000592579
1545	-1	-0.993165	0.000592212
1546	-1	-0.993169	0.000591845
1547	-1	-0.993174	0.000591479
1548	-1	-0.993178	0.000591113
1549	-1	-0.993183	0.000590748
1550	-1	-0.993187	0.000590383
1551	-1	-0.993191	0.000590018
1552	-1	-0.993196	0.000589654
1553	-1	-0.9932	0.000589291
1554	-1	-0.993205	0.000588928
1555	-1	-0.993209	0.000588565
1556	-1	-0.993213	0.000588203
1557	-1	-0.993218	0.000587841
1558	-1	-0.993222	0.00058748
1559	-1	-0.993226	0.000587119
1560	-1	-0.993231	0.000586759
1561	-1	-0.993235	0.000586399
1562	-1	-0.993239	0.000586039
1563	-1	-0.993244	0.00058568
1564	-1	-0.993248	0.000585322
1565	-1	-0.993252	0.000584963
1566	-1	-0.993257	0.000584606
1567	-1	-0.993261	0.000584248
1568	-1	-0.993265	0.000583891
1569	-1	-0.99327	0.000583535
1570	-1	-0.993274	0.000583179
1571	-1	-0.993278	0.000582823
1572	-1	-0.993282	0.000582468
1573	-1	-0.993287	0.000582113
1574	-1	-0.993291	0.000581759
1575	-1	-0.993295	0.000581405
1576	-1	-0.993299	0.000581052
1577	-1	-0.993304	0.000580699
1578	-1	-0.993308	0.000580346
1579	-1	-0.993312	0.000579994
1580	-1	-0.993316	0.000579642
1581	-1	-0.993321	0.000579291
1582	-1	-0.993325	0.00057894
1583	-1	-0.993329	0.000578589
1584	-1	-0.993333	0.000578239
1585	-1	-0.993338	0.00057789
1586	-1	-0.993342	0.00057754
1587	-1	-0.993346	0.000577192
1588	-1	-0.99335	0.000576843
1589	-1	-0.993354	0.000576495
1590	-1	-0.993358	0.000576148
1591	-1	-0.993363	0.000575801
1592	-1	-0.993367	0.000575454
1593	-1	-0.993371	0.000575108
1594	-1	-0.993375	0.000574762
1595	-1	-0.993379	0.000574416
1596	-1	-0.993383	0.000574071
1597	-1	-0.993388	0.000573727
1598	-1	-0.993392	0.000573383
1599	-1	-0.993396	0.000573039
1600	-1	-0.9934	0.000572695
1601	-1	-0.993404	0.000572352
1602	-1	-0.993408	0.00057201
1603	-1	-0.993412	0.000571668
1604	-1	-0.993416	0.000571326
1605	-1	-0.993421	0.000570985
1606	-1	-0.993425	0.000570644
1607	-1	-0.993429	0.000570303
1608	-1	-0.993433	0.000569963
1609	-1	-0.993437	0.000569623
1610	-1	-0.993441	0.000569284
1611	-1	-0.993445	0.000568945
1612	-1	-0.993449	0.000568607
1613	-1	-0.993453	0.000568268
1614	-1	-0.993457	0.000567931
1615	-1	-0.993461	0.000567593
1616	-1	-0.993465	0.000567256
1617	-1	-0.993469	0.00056692
1618	-1	-0.993473	0.000566584
1619	-1	-0.993477	0.000566248
1620	-1	-0.993481	0.000565913
1621	-1	-0.993486	0.000565578
1622	-1	-0.99349	0.000565243
1623	-1	-0.993494	0.000564909
1624	-1	-0.993498	0.000564575
1625	-1	-0.993502	0.000564242
1626	-1	-0.993506	0.000563909
1627	-1	-0.99351	0.000563577
1628	-1	-0.993514	0.000563244
1629	-1	-0.993517	0.000562913
1630	-1	-0.993521	0.000562581
1631	-1	-0.993525	0.00056225
1632	-1	-0.993529	0.00056192
1633	-1	-0.993533	0.000561589
1634	-1	-0.993537	0.00056126
1635	-1	-0.993541	0.00056093
1636	-1	-0.993545	0.000560601
1637	-1	-0.993549	0.000560272
1638	-1	-0.993553	0.000559944
1639	-1	-0.993557	0.000559616
1640	-1	-0.993561	0.000559289
1641	-1	-0.993565	0.000558961
1642	-1	-0.993569	0.000558635
1643	-1	-0.993573	0.000558308
1644	-1	-0.993577	0.000557982
1645	-1	-0.993581	0.000557657
1646	-1	-0.993584	0.000557331
1647	-1	-0.993588	0.000557007
1648	-1	-0.993592	0.000556682
1649	-1	-0.993596	0.000556358
1650	-1	-0.9936	0.000556034
1651	-1	-0.993604	0.000555711
1652	-1	-0.993608	0.000555388
1653	-1	-0.993612	0.000555065
1654	-1	-0.993615	0.000554743
1655	-1	-0.993619	0.000554421
1656	-1	-0.993623	0.0005541
1657	-1	-0.993627	0.000553778
1658	-1	-0.993631	0.000553458
1659	-1	-0.993635	0.000553137
1660	-1	-0.993639	0.000552817
1661	-1	-0.993642	0.000552498
1662	-1	-0.993646	0.000552178
1663	-1	-0.99365	0.000551859
1664	-1	-0.993654	0.000551541
1665	-1	-0.993658	0.000551223
1666	-1	-0.993661	0.000550905
1667	-1	-0.993665	0.000550587
1668	-1	-0.993669	0.00055027
1669	-1	-0.993673	0.000549954
1670	-1	-0.993677	0.000549637
1671	-1	-0.99368	0.000549321
1672	-1	-0.993684	0.000549006
1673	-1	-0.993688	0.00054869
1674	-1	-0.993692	0.000548375
1675	-1	-0.993696	0.000548061
1676	-1	-0.993699	0.000547747
1677	-1	-0.993703	0.000547433
1678	-1	-0.993707	0.000547119
1679	-1	-0.993711	0.000546806
1680	-1	-0.993714	0.000546494
1681	-1	-0.993718	0.000546181
1682	-1	-0.993722	0.000545869
1683	-1	-0.993725	0.000545557
1684	-1	-0.993729	0.000545246
1685	-1	-0.993733	0.000544935
1686	-1	-0.993737	0.000544625
1687	-1	-0.99374	0.000544314
1688	-1	-0.993744	0.000544004
1689	-1	-0.993748	0.000543695
1690	-1	-0.993751	0.000543386
1691	-1	-0.993755	0.000543077
1692	-1	-0.993759	0.000542768
1693	-1	-0.993763	0.00054246
1694	-1	-0.993766	0.000542152
1695	-1	-0.99377	0.000541845
1696	-1	-0.993774	0.000541538
1697	-1	-0.993777	0.000541231
1698	-1	-0.993781	0.000540924
1699	-1	-0.993785	0.000540618
1700	-1	-0.993788	0.000540313
1701	-1	-0.993792	0.000540007
1702	-1	-0.993796	0.000539702
1703	-1	-0.993799	0.000539397
1704	-1	-0.993803	0.000539093
1705	-1	-0.993806	0.000538789
1706	-1	-0.99381	0.000538485
1707	-1	-0.993814	0.000538182
1708	-1	-0.993817	0.000537879
1709	-1	-0.993821	0.000537576
1710	-1	-0.993825	0.000537274
1711	-1	-0.993828	0.000536972
1712	-1	-0.993832	0.000536671
1713	-1	-0.993835	0.000536369
1714	-1	-0.993839	0.000536068
1715	-1	-0.993843	0.000535768
1716	-1	-0.993846	0.000535467
1717	-1	-0.99385	0.000535167
1718	-1	-0.993853	0.000534868
1719	-1	-0.993857	0.000534569
1720	-1	-0.99386	0.00053427
1721	-1	-0.993864	0.000533971
1722	-1	-0.993868	0.000533673
1723	-1	-0.993871	0.000533375
1724	-1	-0.993875	0.000533077
1725	-1	-0.993878	0.00053278
1726	-1	-0.993882	0.000532483
1727	-1	-0.993885	0.000532186
1728	-1	-0.993889	0.00053189
1729	-1	-0.993892	0.000531594
1730	-0.92	-0.99385	0.000533001
1731	-1	-0.993853	0.000532705
1732	-1	-0.993857	0.000532409
1733	-1	-0.99386	0.000532113
1734	-1	-0.993864	0.000531818
1735	-1	-0.993867	0.000531523
1736	-1	-0.993871	0.000531229
1737	-1	-0.993874	0.000530935
1738	-1	-0.993878	0.000530641
1739	-1	-0.993882	0.000530347
1740	-1	-0.993885	0.000530054
1741	-1	-0.993889	0.000529761
1742	-1	-0.993892	0.000529468
1743	-1	-0.993896	0.000529176
1744	-1	-0.993899	0.000528884
1745	-1	-0.993903	0.000528593
1746	-1	-0.993906	0.000528301
1747	-1	-0.99391	0.00052801
1748	-1	-0.993913	0.00052772
1749	-1	-0.993917	0.000527429
1750	-1	-0.99392	0.000527139
1751	-1	-0.993923	0.00052685
1752	-1	-0.993927	0.00052656
1753	-1	-0.99393	0.000526271
1754	-1	-0.993934	0.000525983
1755	-1	-0.993937	0.000525694
1756	-1	-0.993941	0.000525406
1757	-1	-0.993944	0.000525118
1758	-1	-0.993948	0.000524831
1759	-1	-0.993951	0.000524544
1760	-1	-0.993955	0.000524257
1761	-1	-0.993958	0.00052397
1762	-1	-0.993961	0.000523684
1763	-1	-0.993965	0.000523398
1764	-1	-0.993968	0.000523112
1765	-1	-0.993972	0.000522827
1766	-1	-0.993975	0.000522542
1767	-1	-0.993978	0.000522257
1768	-1	-0.993982	0.000521973
1769	-1	-0.993985	0.000521689
1770	-1	-0.993989	0.000521405
1771	-1	-0.993992	0.000521122
1772	-1	-0.993995	0.000520839
1773	-1	-0.993999	0.000520556
1774	-1	-0.994002	0.000520273
1775	-1	-0.994006	0.000519991
1776	-1	-0.994009	0.000519709
1777	-1	-0.994012	0.000519428
1778	-1	-0.994016	0.000519146
1779	-1	-0.994019	0.000518865
1780	-1	-0.994022	0.000518585
1781	-1	-0.994026	0.000518304
1782	-1	-0.994029	0.000518024
1783	-1	-0.994033	0.000517744
1784	-1	-0.994036	0.000517465
1785	-1	-0.994039	0.000517186
1786	-1	-0.994043	0.000516907
1787	-1	-0.994046	0.000516628
1788	-0.92	-0.994004	0.000517997
1789	-0.92	-0.993963	0.000519358
1790	-0.92	-0.993922	0.000520709
1791	-0.92	-0.993881	0.000522053
1792	-0.92	-0.993839	0.000523388
1793	-0.92	-0.993798	0.000524714
1794	-0.92	-0.993757	0.000526033
1795	-0.92	-0.993716	0.000527343
1796	-0.92	-0.993675	0.000528645
1797	-0.92	-0.993634	0.000529939
1798	-0.92	-0.993593	0.000531225
1799	-1	-0.993596	0.000530942
1800	-1	-0.9936	0.000530658
1801	-1	-0.993604	0.000530376
1802	-1	-0.993607	0.000530093
1803	-1	-0.993611	0.000529811
1804	-1	-0.993614	0.000529529
1805	-1	-0.993618	0.000529247
1806	-1	-0.993621	0.000528966
1807	-1	-0.993625	0.000528685
1808	-1	-0.993628	0.000528404
1809	-1	-0.993632	0.000528124
1810	-1	-0.993635	0.000527844
1811	-1	-0.993639	0.000527564
1812	-1	-0.993642	0.000527284
1813	-1	-0.993646	0.000527005
1814	-1	-0.993649	0.000526726
1815	-1	-0.993653	0.000526447
1816	-1	-0.993656	0.000526169
1817	-1	-0.99366	0.000525891
1818	-1	-0.993663	0.000525613
1819	-1	-0.993667	0.000525336
1820	-1	-0.99367	0.000525059
1821	-1	-0.993674	0.000524782
1822	-1	-0.993677	0.000524505
1823	-1	-0.993681	0.000524229
1824	-1	-0.993684	0.000523953
1825	-1	-0.993688	0.000523677
1826	-1	-0.993691	0.000523402
1827	-1	-0.993695	0.000523126
1828	-1	-0.993698	0.000522851
1829	-1	-0.993701	0.000522577
1830	-1	-0.993705	0.000522303
1831	-1	-0.993708	0.000522029
1832	-1	-0.993712	0.000521755
1833	-1	-0.993715	0.000521481
1834	-1	-0.993719	0.000521208
1835	-1	-0.993722	0.000520935
1836	-1	-0.993725	0.000520663
1837	-1	-0.993729	0.000520391
1838	-1	-0.993732	0.000520118
1839	-1	-0.993736	0.000519847
1840	-1	-0.993739	0.000519575
1841	-1	-0.993743	0.000519304
1842	-1	-0.993746	0.000519033
1843	-1	-0.993749	0.000518763
1844	-1	-0.993753	0.000518492
1845	-1	-0.993756	0.000518222
1846	-1	-0.993759	0.000517953
1847	-1	-0.993763	0.000517683
1848	-1	-0.993766	0.000517414
1849	-1	-0.99377	0.000517145
1850	-1	-0.993773	0.000516876
1851	-1	-0.993776	0.000516608
1852	-1	-0.99378	0.00051634
1853	-1	-0.993783	0.000516072
1854	-1	-0.993786	0.000515805
1855	-1	-0.99379	0.000515537
1856	-1	-0.993793	0.00051527
1857	-1	-0.993796	0.000515004
1858	-1	-0.9938	0.000514737
1859	-1	-0.993803	0.000514471
1860	-1	-0.993806	0.000514205
1861	-1	-0.99381	0.00051394
1862	-1	-0.993813	0.000513674
1863	-1	-0.993816	0.000513409
1864	-1	-0.99382	0.000513144
1865	-1	-0.993823	0.00051288
1866	-1	-0.993826	0.000512616
1867	-1	-0.99383	0.000512352
1868	-1	-0.993833	0.000512088
1869	-1	-0.993836	0.000511824
1870	-1	-0.99384	0.000511561
1871	-1	-0.993843	0.000511298
1872	-1	-0.993846	0.000511036
1873	-1	-0.993849	0.000510773
1874	-1	-0.993853	0.000510511
1875	-1	-0.993856	0.00051025
1876	-1	-0.993859	0.000509988
1877	-1	-0.993863	0.000509727
1878	-1	-0.993866	0.000509466
1879	-1	-0.993869	0.000509205
1880	-1	-0.993872	0.000508945
1881	-1	-0.993876	0.000508684
1882	-1	-0.993879	0.000508424
1883	-1	-0.993882	0.000508165
1884	-1	-0.993885	0.000507905
1885	-1	-0.993889	0.000507646
1886	-1	-0.993892	0.000507387
1887	-1	-0.993895	0.000507129
1888	-1	-0.993898	0.00050687
1889	-1	-0.993902	0.000506612
1890	-1	-0.993905	0.000506354
1891	-1	-0.993908	0.000506097
1892	-1	-0.993911	0.000505839
1893	-1	-0.993914	0.000505582
1894	-1	-0.993918	0.000505326
1895	-1	-0.993921	0.000505069
1896	-1	-0.993924	0.000504813
1897	-1	-0.993927	0.000504557
1898	-1	-0.99393	0.000504301
1899	-1	-0.993934	0.000504045
1900	-1	-0.993937	0.00050379
1901	-1	-0.99394	0.000503535
1902	-1	-0.993943	0.000503281
1903	-1	-0.993946	0.000503026
1904	-1	-0.99395	0.000502772
1905	-1	-0.993953	0.000502518
1906	-1	-0.993956	0.000502264
1907	-1	-0.993959	0.000502011
1908	-1	-0.993962	0.000501758
1909	-1	-0.993965	0.000501505
1910	-1	-0.993969	0.000501252
1911	-1	-0.993972	0.000501
1912	-1	-0.993975	0.000500747
1913	-1	-0.993978	0.000500495
1914	-1	-0.993981	0.000500244
1915	-1	-0.993984	0.000499992
1916	-1	-0.993987	0.000499741
1917	-1	-0.993991	0.00049949
1918	-1	-0.993994	0.00049924
1919	-1	-0.993997	0.000498989
1920	-1	-0.994	0.000498739
1921	-1	-0.994003	0.000498489
1922	-1	-0.994006	0.00049824
1923	-1	-0.994009	0.00049799
1924	-1	-0.994012	0.000497741
1925	-1	-0.994016	0.000497492
1926	-1	-0.994019	0.000497243
1927	-1	-0.994022	0.000496995
1928	-1	-0.994025	0.000496747
1929	-1	-0.994028	0.000496499
1930	-1	-0.994031	0.000496251
1931	-1	-0.994034	0.000496004
1932	-1	-0.994037	0.000495757
1933	-1	-0.99404	0.00049551
1934	-1	-0.994043	0.000495263
1935	-1	-0.994047	0.000495017
1936	-1	-0.99405	0.00049477
1937	-1	-0.994053	0.000494524
1938	-1	-0.994056	0.000494279
1939	-1	-0.994059	0.000494033
1940	-1	-0.994062	0.000493788
1941	-1	-0.994065	0.000493543
1942	-1	-0.994068	0.000493298
1943	-1	-0.994071	0.000493054
1944	-1	-0.994074	0.000492809
1945	-1	-0.994077	0.000492565
1946	-1	-0.99408	0.000492322
1947	-1	-0.994083	0.000492078
1948	-1	-0.994086	0.000491835
1949	-0.92	-0.994048	0.00049305
1950	-0.92	-0.99401	0.000494258
1951	-0.92	-0.993972	0.000495459
1952	-0.92	-0.993934	0.000496653
1953	-0.92	-0.993897	0.00049784
1954	-0.92	-0.993859	0.00049902
1955	-0.92	-0.993821	0.000500194
1956	-0.92	-0.993783	0.00050136
1957	-0.92	-0.993746	0.00050252
1958	-0.92	-0.993708	0.000503674
1959	-0.92	-0.99367	0.000504821
1960	-0.92	-0.993633	0.000505961
1961	-0.92	-0.993595	0.000507095
1962	-0.92	-0.993558	0.000508223
1963	-0.92	-0.99352	0.000509344
1964	-0.92	-0.993483	0.000510459
1965	-0.92	-0.993445	0.000511568
1966	-0.92	-0.993408	0.000512671
1967	-0.92	-0.993371	0.000513767
1968	-0.92	-0.993333	0.000514858
1969	-0.92	-0.993296	0.000515942
1970	-0.92	-0.993259	0.000517021
1971	-0.92	-0.993222	0.000518093
1972	-0.92	-0.993185	0.00051916
1973	-0.92	-0.993147	0.000520221
1974	-0.92	-0.99311	0.000521276
1975	-0.92	-0.993073	0.000522325
1976	-0.92	-0.993036	0.000523369
1977	-0.92	-0.992999	0.000524407
1978	-0.92	-0.992963	0.00052544
1979	-0.92	-0.992926	0.000526467
1980	-0.92	-0.992889	0.000527488
1981	-0.92	-0.992852	0.000528504
1982	-0.92	-0.992815	0.000529515
1983	-0.92	-0.992779	0.00053052
1984	-0.92	-0.992742	0.00053152
1985	-0.92	-0.992705	0.000532514
1986	-0.92	-0.992669	0.000533504
1987	-0.92	-0.992632	0.000534488
1988	-0.92	-0.992596	0.000535467
1989	-0.92	-0.992559	0.000536441
1990	-0.92	-0.992523	0.000537409
1991	-0.92	-0.992486	0.000538373
1992	-0.92	-0.99245	0.000539332
1993	-0.92	-0.992413	0.000540285
1994	-0.92	-0.992377	0.000541234
1995	-0.92	-0.992341	0.000542178
1996	-0.92	-0.992305	0.000543117
1997	-0.92	-0.992268	0.000544051
1998	-0.92	-0.992232	0.00054498
1999	-0.92	-0.992196	0.000545904
2000	-0.92	-0.99216	0.000546824
