2.53374
1.87921
2.78119
1.93552
4.39534
2.97095
3.95036
1.59725
4.73609
1.89146
4.52134
4.70848
2.28095
4.29456
0.405209
6.1796
2.69572
3.34667
2.98934
4.74975
4.51369
2.23636
4.27664
4.33066
5.90046
0.0763879
0.518188
2.03771
2.21005
0.830097
5.68984
4.59685
1.02724
2.1178
4.33772
4.06934
3.32337
5.78342
1.07146
5.62588
5.04857
0.683839
3.27804
4.33949
6.20059
5.09352
2.18546
0.473688
4.05708
0.811735
3.42896
1.04277
5.68692
4.3871
2.95353
4.26006
6.13368
5.24582
2.55605
2.98908
4.38052
6.11541
3.90171
3.54119
3.21772
3.42528
0.245788
2.05863
1.6019
6.26242
1.30166
4.00386
3.19212
1.95386
3.61932
6.086
5.7203
0.35192
4.31839
3.97628
2.56701
0.15714
2.92967
2.70637
4.10221
5.48838
5.20251
0.534363
1.69431
4.31728
4.28065
0.385974
5.5612
0.226279
5.28034
1.36264
3.295
0.480945
1.40332
4.61758
3.35481
0.0529918
0.571078
0.945686
0.0661694
2.53925
2.6426
4.62635
3.70618
5.60692
0.961888
0.294137
4.58155
3.42891
5.95954
0.0231644
4.79293
6.2047
4.99322
2.06136
2.5248
4.21525
3.16494
2.33842
5.66728
3.81632
0.0680207
5.25543
4.24829
1.58382
6.235
0.678563
4.70228
3.34261
3.49279
6.27467
4.05251
1.14022
5.68317
0.375857
2.61339
6.14351
0.766786
0.310292
1.92203
0.722479
1.76818
1.06716
5.24529
3.04058
3.4969
5.42773
4.7318
4.56079
4.61839
2.85679
0.714275
3.64682
1.78732
2.49129
6.03165
4.71385
2.79376
2.0313
1.51446
2.30474
4.20312
2.59118
1.28129
6.24836
2.0774
5.9501
0.332766
5.55814
5.73238
0.765311
2.11963
2.20873
1.59022
6.00182
2.29197
1.41799
2.65273
3.95155
3.54096
1.13401
4.36515
0.919473
0.249046
3.7077
2.36046
0.717562
5.84102
0.928521
3.65274
2.26475
6.02608
3.46815
1.66083
5.09175
5.34356
5.64223
4.30449
1.11191
3.00543
4.58471
0.256082
5.31866
1.68851
1.90366
0.536597
4.16531
0.999054
1.60197
5.4078
2.74598
2.21974
3.42084
3.24198
1.10925
5.78315
1.85527
5.79302
0.434409
0.363519
0.879132
3.16748
4.07296
0.419927
0.734599
5.62602
0.97463
3.25721
1.25074
2.35738
3.35034
1.60808
1.29806
4.01422
3.97916
1.45616
6.26279
0.759708
3.60742
2.36656
6.27678
1.23867
1.22999
1.65996
0.253964
4.09992
2.98572
5.24788
3.12977
3.11897
2.20216
4.08807
2.47952
0.24899
1.90178
0.527914
1.53293
4.89345
4.43524
0.159158
5.41253
2.66977
2.87615
1.75359
3.37495
6.02716
1.65116
0.395015
3.68867
0.801154
3.04311
3.36857
2.66795
3.943
2.31978
2.32748
0.763993
0.403916
1.66882
2.77903
4.47941
0.711027
4.18626
1.59675
2.28572
2.82597
3.87243
1.16891
3.80834
5.67137
3.05648
3.33417
2.00616
4.23122
5.37391
0.442317
3.53307
5.4681
0.520784
6.15878
3.10805
3.77552
1.8841
1.94987
6.22849
5.09069
2.32095
2.52417
5.9654
1.76625
0.535056
5.1371
3.52217
0.647691
2.46198
6.01187
0.782127
4.88155
1.647
2.86488
3.69942
4.52373
3.16206
3.1495
3.57657
2.63771
1.70243
1.28598
0.33414
5.67996
3.18965
4.2954
5.82876
2.05668
1.95056
3.70042
4.53039
0.226833
3.44311
5.09995
2.66639
3.07209
3.62548
3.72476
0.310814
2.67904
2.829
2.27892
2.99522
1.18182
3.02867
1.47155
6.11175
4.41355
5.96196
5.85444
1.96172
1.37723
1.30203
2.62531
0.478449
1.50594
1.5032
3.42809
4.66002
5.86629
3.71234
1.32085
5.04775
3.0183
0.279721
2.9157
5.89687
2.16894
2.93437
1.41532
6.10577
3.92818
5.35019
3.06352
2.65783
3.75522
0.856833
5.09994
3.131
2.36042
0.8987
5.34308
6.25373
4.64936
2.65853
6.18157
2.86836
5.85809
4.09152
2.06783
0.835334
2.64752
2.84018
2.62396
5.22291
1.86482
5.5666
6.06771
4.90842
1.20781
1.5265
6.21628
0.0728473
5.2531
5.97263
4.23629
1.45193
4.62128
0.720065
1.40252
2.43373
1.00611
4.59339
4.56777
4.64006
3.36013
1.60289
0.181651
0.266938
4.00136
0.0139122
3.07629
4.75097
2.27755
3.22699
1.33032
3.7371
5.55698
0.0570522
4.52768
4.14416
1.87456
0.780427
2.7715
1.33863
1.75077
4.14005
6.18583
5.90243
0.276351
2.6847
1.32281
3.50775
3.42184
4.26024
4.76769
5.17691
3.10006
1.7699
2.30866
1.67001
1.50889
2.24787
3.28091
1.57879
1.12109
4.42931
1.77831
3.65203
3.2405
3.33033
1.27383
4.02831
3.11747
0.659716
3.9239
5.26032
5.7864
0.769529
5.64983
4.26789
3.36519
3.6696
4.31298
1.41067
3.00916
3.0526
2.98575
1.79594
1.44555
2.98968
5.75373
5.53138
0.313867
3.52511
3.46088
6.11172
4.20681
5.64817
