0	841.263	1043.85
1	732.364	953.102
2	709.833	858.803
3	665.922	779.603
4	644.564	718.391
5	618.504	681.488
6	579.936	652.559
7	567.944	628.953
8	542.289	605.476
9	521.213	579.701
10	510.723	554.752
11	497.415	532.504
12	479.174	515.183
13	452.957	502.28
14	444.78	482.177
15	438.331	465.299
16	432.044	454.361
17	425.754	443.881
18	416.466	439.05
19	413.143	433.39
20	406.525	427.962
21	401.807	423.963
22	395.737	417.039
23	382.695	411.979
24	373.21	407.796
25	365.585	397.008
26	361.15	384.535
27	354.519	375.384
28	345.324	367.034
29	342.134	358.628
30	336.668	351.715
31	333.437	347.068
32	331.971	341.362
33	326.825	339.026
34	315.513	333.299
35	311.149	328.01
36	310.023	322.124
37	308.163	317.55
38	305.316	314.083
39	303.457	311.399
40	301.989	307.823
41	298.875	305.125
42	297.408	304.613
43	297.321	303.011
44	296.038	301.07
45	295.708	299.371
46	294.314	298.131
47	294.314	296.605
48	294.314	295.991
49	294.314	295.219
50	293.225	294.808
51	293.225	294.806
52	293.225	294.437
53	292.823	294.323
54	292.823	295.267
55	292.03	295.487
56	290.774	295.157
57	289.077	294.04
58	285.038	292.708
59	285.038	290.598
60	285.038	289.277
61	285.038	287.012
62	285.038	286.916
63	285.038	286.028
64	283.775	286.15
65	283.775	287.435
66	283.571	287.228
67	282.643	288.779
68	282.643	289.087
69	281.843	287.359
70	279.06	286.252
71	279.06	287.489
72	279.06	286.247
73	279.06	284.075
74	279.06	282.791
75	279.06	282.266
76	279.06	281.016
77	279.06	280.491
78	278.213	280.394
79	274.868	280.4
80	274.868	279.775
81	274.868	278.916
82	274.868	277.091
83	274.868	276.493
84	274.868	276.239
85	274.868	275.972
86	274.868	276.18
87	274.868	276.133
88	274.868	275.741
89	274.868	275.933
90	274.868	275.845
91	274.868	276.034
92	274.868	276.519
93	274.868	276.733
94	274.868	276.414
95	274.868	276.581
96	274.868	275.431
97	274.868	275.94
98	274.868	276.617
99	274.868	276.668
100	274.868	276.083
101	274.868	275.754
102	274.868	275.626
103	274.868	275.549
104	274.868	275.424
105	274.868	276.147
106	274.868	275.749
107	274.868	276.119
108	274.868	277.093
109	274.868	276.172
110	274.868	275.829
111	274.868	276.037
112	274.868	276.214
113	274.868	275.72
114	274.868	275.904
115	274.868	276.254
116	274.868	275.641
117	274.868	275.617
118	274.868	276.182
119	274.868	276.136
120	274.868	276.024
121	274.868	275.927
122	274.868	275.368
123	274.868	275.857
124	274.868	275.778
125	274.868	275.673
126	274.868	275.982
127	274.868	275.702
128	274.868	275.458
129	274.868	275.74
130	274.868	275.869
131	274.868	275.401
132	274.868	275.579
133	274.868	275.637
134	274.868	275.954
135	274.868	276.549
136	274.868	276.105
137	274.868	275.441
138	274.868	275.405
139	274.868	275.299
140	274.868	275.201
141	274.868	275.638
142	274.868	275.202
143	274.868	275.396
144	274.868	275.643
145	274.868	275.685
146	274.868	275.637
147	274.868	276.08
148	274.868	275.957
149	274.868	277.212
150	274.868	276.228
151	274.868	275.834
152	274.868	276.013
153	274.868	275.543
154	274.868	275.516
155	274.868	275.651
156	274.868	276.156
157	274.868	275.874
158	274.868	276.199
159	274.868	276.516
160	274.868	276.374
161	274.868	276.071
162	274.868	276.056
163	274.868	275.933
164	274.868	276.153
165	274.868	275.565
166	274.868	275.492
167	274.868	275.924
168	274.868	275.664
169	274.868	275.674
170	274.868	275.811
171	274.868	275.237
172	274.868	275.045
173	274.868	275.391
174	274.868	275.621
175	274.868	275.277
176	274.868	275.62
177	274.868	275.353
178	274.868	275.462
179	274.868	275.745
180	274.868	275.792
181	274.868	275.902
182	274.868	275.548
183	274.868	275.296
184	274.868	275.323
185	274.868	275.522
186	274.868	275.63
187	274.868	275.737
188	274.868	276.15
189	274.868	276.597
190	274.868	275.675
191	274.868	276.087
192	274.868	276.511
193	274.868	276.76
194	274.868	276.49
195	274.868	275.707
196	274.868	275.528
197	274.868	276.239
198	274.868	276.055
199	274.868	276.874
200	274.868	276.712
201	274.868	276.23
202	274.868	275.623
203	274.868	275.764
204	274.868	276.312
205	274.868	275.901
206	274.868	275.458
207	274.868	275.273
208	274.868	275.416
209	274.868	275.662
210	274.868	275.356
211	274.868	275.624
212	274.868	276.116
213	274.868	276.16
214	274.868	275.933
215	274.868	275.805
216	274.868	275.967
217	274.868	275.644
218	274.868	276.038
219	274.868	276.034
220	274.868	276.426
221	274.868	275.758
222	274.868	275.515
223	274.868	275.271
224	274.868	275.37
225	274.868	276.122
226	274.868	275.632
227	274.868	275.455
228	274.868	276.081
229	274.868	275.852
230	274.868	276.038
231	274.868	275.666
232	274.868	275.895
233	274.868	275.871
234	274.868	275.885
235	274.868	275.99
236	274.868	275.958
237	274.868	275.942
238	274.868	275.998
239	274.868	276.444
240	274.868	275.924
241	274.868	276.199
242	274.868	275.86
243	274.868	275.645
244	274.868	275.185
245	274.868	275.429
246	274.868	275.096
247	274.868	275.573
248	274.868	276.115
249	274.868	275.807
250	274.868	276.437
251	274.868	275.814
252	274.868	275.933
253	274.868	275.918
254	274.868	276.434
255	274.868	275.466
256	274.868	275.474
257	274.868	275.965
258	274.868	276.284
259	274.868	276.617
260	274.868	277.091
261	274.868	276.917
262	274.868	276.957
263	274.868	275.925
264	274.868	276.452
265	274.868	275.928
266	274.787	276.061
267	274.787	277.573
268	274.787	279.095
269	274.787	278.525
270	274.787	278.451
271	274.787	277.933
272	274.787	277.674
273	274.787	276.177
274	274.787	275.796
275	274.787	276.214
276	274.787	276.458
277	274.787	276.258
278	274.787	276.443
279	274.787	276.437
280	274.787	275.607
281	274.787	275.737
282	274.787	275.931
283	274.787	275.783
284	274.787	276.766
285	274.787	275.805
286	274.787	276.005
287	274.787	275.354
288	274.787	274.999
289	274.787	275.328
290	274.787	276.339
291	274.787	276.175
292	274.787	277.058
293	274.787	276.061
294	274.787	275.872
295	274.787	276.427
296	274.787	275.403
297	274.787	275.184
298	274.787	275.537
299	274.787	275.625
300	274.787	275.665
301	274.787	275.767
302	274.787	275.486
303	274.787	275.663
304	274.787	275.528
305	274.787	275.508
306	274.787	275.637
307	274.787	275.912
308	274.787	275.695
309	274.787	276.877
310	274.787	275.767
311	274.787	275.74
312	274.787	275.69
313	274.787	275.962
314	274.787	276.384
315	274.787	275.643
316	274.787	276.17
317	274.787	276.644
318	274.787	275.842
319	274.787	276.59
320	274.787	277.083
321	274.787	276.79
322	274.787	276.437
323	274.787	275.813
324	274.787	275.644
325	274.787	275.427
326	274.787	275.915
327	274.787	276.545
328	274.787	275.703
329	274.787	275.455
330	274.787	275.46
331	274.787	275.457
332	274.787	275.228
333	274.787	275.21
334	274.787	275.538
335	274.787	275.589
336	274.751	275.749
337	274.751	275.566
338	274.751	275.609
339	274.751	275.46
340	274.751	275.641
341	274.751	275.823
342	274.751	275.253
343	274.751	275.808
344	274.751	275.914
345	274.751	276.056
346	274.751	276.412
347	274.751	276.637
348	274.751	276.232
349	274.751	276.024
350	274.751	275.909
351	274.751	276.231
352	274.751	276.388
353	274.751	276.701
354	274.751	276.588
355	274.751	275.617
356	274.751	276.108
357	274.751	275.737
358	274.751	275.725
359	274.751	275.679
360	274.751	276.504
361	274.751	276.444
362	274.751	276.183
363	274.751	276.071
364	274.751	276.055
365	274.751	276.357
366	274.751	275.393
367	274.751	275.671
368	274.751	275.765
369	274.751	275.933
370	274.751	276.151
371	274.751	276.745
372	274.751	275.819
373	274.751	276.236
374	274.751	275.435
375	274.751	275.997
376	274.751	276.823
377	274.751	276.104
378	274.751	276.257
379	274.751	276.1
380	274.751	276.423
381	274.751	276.25
382	274.751	275.914
383	274.751	275.64
384	274.751	275.689
385	274.751	276.046
386	274.751	276.171
387	274.751	276.904
388	274.751	276.078
389	274.751	275.374
390	274.751	275.646
391	274.751	275.206
392	274.751	275.289
393	274.751	275.221
394	274.751	276.018
395	274.751	275.357
396	274.751	275.408
397	274.751	275.5
398	274.751	275.387
399	274.751	275.431
400	274.751	275.651
401	274.751	275.203
402	274.751	275.768
403	274.751	275.844
404	274.751	275.847
405	274.751	275.996
406	274.751	275.666
407	274.751	276.284
408	274.751	275.54
409	274.751	275.412
410	274.751	275.531
411	274.751	275.448
412	274.751	275.466
413	274.751	275.696
414	274.751	276.377
415	274.751	276.598
416	274.751	275.726
417	274.751	275.88
418	274.751	275.672
419	274.751	275.479
420	274.751	275.157
421	274.751	275.328
422	274.751	275.249
423	274.751	275.701
424	274.751	275.403
425	274.751	275.536
426	274.751	275.472
427	274.751	275.847
428	274.751	275.874
429	274.751	276.209
430	274.751	275.724
431	274.751	275.682
432	274.751	275.608
433	274.751	275.78
434	274.751	275.705
435	274.751	275.674
436	274.751	276.126
437	274.751	276.046
438	274.751	275.717
439	274.751	275.488
440	274.751	275.359
441	274.751	275.968
442	274.751	275.846
443	274.751	275.881
444	274.751	276.234
445	274.751	276.698
446	274.751	276.538
447	274.751	275.817
448	274.751	276.517
449	274.751	276.272
450	274.751	276.682
451	274.751	276.528
452	274.751	275.678
453	274.751	276.278
454	274.751	275.796
455	274.751	275.434
456	274.751	275.606
457	274.751	275.643
458	274.751	275.376
459	274.751	275.089
460	274.751	275.614
461	274.751	275.754
462	274.751	275.576
463	274.751	276.126
464	274.751	276.145
465	274.751	276.716
466	274.751	275.937
467	274.751	276.245
468	274.751	276.216
469	274.751	275.899
470	274.751	275.565
471	274.751	275.807
472	274.751	275.933
473	274.751	276.284
474	274.751	275.505
475	274.751	275.518
476	274.751	276.007
477	274.751	275.704
478	274.751	275.484
479	274.751	276.141
480	274.751	275.726
481	274.751	276.738
482	274.751	276.857
483	274.751	275.844
484	274.751	275.635
485	274.751	275.768
486	274.751	275.719
487	274.751	275.758
488	274.751	275.838
489	274.751	276.604
490	274.751	276.653
491	274.751	275.643
492	274.751	275.443
493	274.751	275.574
494	274.751	275.598
495	274.751	276.679
496	274.751	276.243
497	274.751	275.668
498	274.751	276.011
499	274.751	276.547
