0	821.74	1050.63
1	758.01	946.864
2	732.544	836.59
3	695.84	773.864
4	670.452	731.781
5	630.967	698.444
6	615.624	670.114
7	594.081	644.966
8	571.793	621.263
9	537.269	602.749
10	517.915	577.193
11	506.077	551.685
12	494.184	526.943
13	482.291	517.082
14	469.676	508.238
15	459.94	498.442
16	454.342	486.747
17	445.366	480.033
18	433.726	469.015
19	422.682	457.123
20	415.508	445.272
21	407.708	435.7
22	399.143	427.244
23	389.399	417.033
24	385.306	409.375
25	384.516	400.52
26	376.752	392.183
27	371.655	387.938
28	367.085	382.923
29	359.847	379.528
30	359.216	373.01
31	352.382	366.298
32	349.218	362.862
33	346.57	359.516
34	344.295	357.176
35	343.872	354.258
36	342.058	351.882
37	338.989	348.781
38	336.545	344.827
39	336.002	341.783
40	333.009	339.323
41	327.547	338.081
42	321.397	334.852
43	315.539	329.17
44	315.306	324.265
45	315.306	320.699
46	310.934	318.851
47	310.7	317.612
48	310.476	315.623
49	310.476	314.095
50	308.058	313.32
51	307.044	312.881
52	306.52	312.846
53	305.099	311.493
54	304.234	310.866
55	304.234	308.793
56	299.955	307.04
57	296.511	305.474
58	296.511	304.346
59	294.493	302.089
60	294.493	299.407
61	294.493	297.362
62	294.144	297.194
63	294.144	296.153
64	293.195	295.737
65	293.195	295.374
66	293.195	295.055
67	289.464	293.901
68	288.813	294.299
69	288.813	293.158
70	288.813	292.808
71	288.813	292.328
72	288.596	291.177
73	287.268	294.259
74	286.047	297.856
75	279.515	297.656
76	278.38	291.825
77	278.38	290.816
78	277.696	290.382
79	277.696	288.579
80	277.696	285.512
81	277.696	281.828
82	277.696	280.722
83	277.696	279.701
84	277.693	278.649
85	276.172	278.966
86	276.172	278.103
87	276.172	277.233
88	276.172	277.939
89	276.172	277.592
90	276.172	277.146
91	276.172	277.657
92	276.172	278.116
93	276.172	278.035
94	275.209	277.351
95	274.35	277.827
96	274.35	277.008
97	274.35	275.894
98	274.35	275.829
99	274.35	274.995
100	274.35	274.962
101	274.35	275.49
102	274.35	275.204
103	274.35	275.033
104	274.35	275.104
105	274.35	274.658
106	274.35	275.07
107	274.35	275.261
108	274.35	275.903
109	274.35	275.789
110	274.35	275.721
111	274.35	275.237
112	274.35	275.648
113	274.35	275.391
114	274.35	274.96
115	274.35	275.5
116	274.35	275.199
117	274.35	275.003
118	274.35	275.285
119	274.35	275.426
120	274.35	275.176
121	274.35	275.8
122	274.35	275.711
123	274.35	275.35
124	274.35	274.869
125	274.35	275.173
126	274.35	275.003
127	274.35	276.02
128	274.35	275.407
129	274.35	275.297
130	274.35	275.804
131	274.35	275.608
132	274.35	275.513
133	274.35	275.532
134	274.35	275.279
135	274.35	275.525
136	274.35	276.088
137	274.35	275.92
138	274.35	275.593
139	274.35	276.13
140	274.35	275.83
141	274.35	275.59
142	274.35	275.726
143	274.35	275.4
144	274.35	275.597
145	274.35	275.427
146	274.35	275.485
147	274.35	275.71
148	274.35	275.583
149	274.35	275.389
150	274.35	275.926
151	274.35	275.859
152	274.35	275.49
153	274.35	275
154	274.35	275.449
155	274.35	275.512
156	274.35	275.886
157	274.35	275.63
158	274.35	275.626
159	274.35	276.308
160	274.35	276.496
161	274.35	275.471
162	274.35	276.033
163	274.35	275.579
164	274.35	275.364
165	274.35	275.457
166	274.35	275.121
167	274.35	275.719
168	274.35	275.896
169	274.35	275.261
170	274.35	274.937
171	274.35	275.246
172	274.35	275.042
173	274.35	275.302
174	274.35	275.961
175	274.35	275.874
176	274.35	275.6
177	274.35	275.27
178	274.35	275.607
179	274.35	275.558
180	274.35	275.308
181	274.35	275.98
182	274.35	275.68
183	274.35	275.482
184	274.35	275.4
185	274.35	275.822
186	274.35	275.849
187	274.35	275.896
188	274.35	276.124
189	274.35	275.549
190	274.35	275.006
191	274.35	275.77
192	274.35	275.376
193	274.35	274.966
194	274.35	275.219
195	274.35	276.126
196	274.35	275.874
197	274.314	275.554
198	274.314	276.283
199	274.314	276.131
200	274.314	275.316
201	274.314	275.381
202	274.314	275.914
203	274.314	276.104
204	274.314	275.592
205	274.314	275.266
206	274.314	275.444
207	274.314	275.308
208	274.314	275.233
209	274.314	274.994
210	274.314	275.166
211	274.314	275.76
212	274.314	275.916
213	274.314	276.046
214	273.686	276.053
215	273.686	274.886
216	273.686	275.154
217	273.686	275.317
218	273.686	276.235
219	273.686	275.433
220	273.686	275.269
221	273.686	275.937
222	273.686	275.302
223	273.686	275.321
224	273.686	274.75
225	273.686	275.125
226	273.686	274.998
227	273.686	275.13
228	273.686	275.19
229	273.686	276.012
230	273.686	275.31
231	273.686	274.511
232	273.686	275.459
233	273.686	275.413
234	273.686	274.599
235	273.686	274.395
236	273.686	275.529
237	273.686	274.995
238	273.686	274.691
239	273.686	274.729
240	273.686	275.165
241	273.686	275.53
242	273.686	274.947
243	273.686	274.154
244	273.686	274.612
245	273.686	274.95
246	273.686	274.625
247	273.686	275.062
248	273.686	275.044
249	273.686	274.543
250	273.686	274.373
251	273.686	274.487
252	273.686	274.572
253	273.686	275.444
254	273.686	274.885
255	273.686	274.905
256	273.686	274.422
257	273.686	274.7
258	273.686	274.877
259	273.686	274.784
260	273.686	274.793
261	273.686	274.379
262	273.686	274.291
263	273.686	274.157
264	273.686	274.542
265	273.686	274.636
266	273.686	274.674
267	273.686	275.141
268	273.686	274.561
269	273.686	274.976
270	273.686	273.969
271	273.686	274.263
272	273.686	274.818
273	273.686	274.765
274	273.686	274.837
275	273.686	274.939
276	273.686	274.61
277	273.686	274.385
278	273.686	275.252
279	273.686	275.64
280	273.686	274.795
281	273.686	274.779
282	273.686	274.69
283	273.686	274.997
284	273.686	274.609
285	273.686	275.162
286	273.686	275.025
287	273.686	275.033
288	273.686	275.996
289	273.686	275.508
290	273.686	275.183
291	273.686	275.281
292	273.686	276.025
293	273.686	275.867
294	273.686	275.2
295	273.686	276.195
296	273.686	275.906
297	273.686	275.037
298	273.686	274.73
299	273.686	274.869
300	273.686	275.047
301	273.686	274.689
302	273.686	274.513
303	273.686	274.954
304	273.686	274.413
305	273.686	274.992
306	273.686	275.379
307	273.686	275.639
308	273.686	275.04
309	273.686	274.587
310	273.686	274.93
311	273.686	275.421
312	273.686	274.77
313	273.686	275.123
314	273.686	274.677
315	273.686	275.327
316	273.686	275.143
317	273.686	275.018
318	273.686	275.274
319	273.686	275.377
320	273.686	275.092
321	273.686	275.816
322	273.686	275.2
323	273.686	275.243
324	273.686	274.944
325	273.686	275.401
326	273.686	276.332
327	273.686	275.39
328	273.686	274.982
329	273.686	275.798
330	273.686	275.115
331	273.686	275.153
332	273.686	275.333
333	273.686	274.731
334	273.686	275.041
335	273.686	274.929
336	273.686	274.617
337	273.686	274.321
338	273.686	274.857
339	273.686	274.77
340	273.686	274.817
341	273.686	274.66
342	273.686	274.756
343	273.686	274.703
344	273.686	274.861
345	273.686	274.898
346	273.686	274.585
347	273.686	274.213
348	273.686	274.606
349	273.686	275.012
350	273.686	274.696
351	273.686	275.041
352	273.686	274.529
353	273.686	274.31
354	273.686	274.874
355	273.686	274.82
356	273.686	275.521
357	273.686	274.709
358	273.686	274.962
359	273.686	274.523
360	273.686	275.493
361	273.686	275.321
362	273.686	275.391
363	273.686	275.651
364	273.686	275.109
365	273.686	274.978
366	273.686	274.569
367	273.686	274.767
368	273.686	274.822
369	273.686	274.812
370	273.686	274.97
371	273.686	274.939
372	273.686	275.721
373	273.686	275.468
374	273.686	276.067
375	273.686	275.533
376	273.686	275.418
377	273.686	275.862
378	273.686	275.509
379	273.686	276.598
380	273.686	275.606
381	273.686	275.958
382	273.686	274.972
383	273.686	274.62
384	273.686	274.195
385	273.686	273.935
386	273.686	274.55
387	273.686	275.69
388	273.686	275.547
389	273.686	274.606
390	273.686	274.415
391	273.686	274.191
392	273.686	274.214
393	273.686	275.229
394	273.686	274.875
395	273.686	274.885
396	273.686	274.942
397	273.686	274.906
398	273.686	274.516
399	273.686	275.154
400	273.686	275.225
401	273.686	274.775
402	273.686	275.213
403	273.686	275.189
404	273.686	274.65
405	273.686	274.223
406	273.686	274.519
407	273.686	274.233
408	273.686	274.428
409	273.686	274.99
410	273.686	274.847
411	273.686	274.38
412	273.686	274.884
413	273.686	274.969
414	273.686	274.693
415	273.686	274.722
416	273.686	274.328
417	273.686	274.367
418	273.686	274.49
419	273.686	274.664
420	273.686	274.79
421	273.686	275.056
422	273.686	275.098
423	273.686	274.818
424	273.686	274.832
425	273.686	274.699
426	273.686	274.696
427	273.686	274.308
428	273.686	274.333
429	273.686	274.509
430	273.686	274.59
431	273.686	274.557
432	273.686	274.761
433	273.686	275.047
434	273.686	275.017
435	273.686	274.845
436	273.686	274.926
437	273.686	274.867
438	273.686	274.72
439	273.686	275.419
440	273.686	274.427
441	273.686	275.053
442	273.686	275.452
443	273.686	275.33
444	273.686	274.996
445	273.686	274.847
446	273.686	275.017
447	273.686	274.849
448	273.686	274.51
449	273.686	275.053
450	273.686	275.183
451	273.686	275.116
452	273.686	274.262
453	273.686	274.975
454	273.686	275.078
455	273.686	275.157
456	273.686	275.343
457	273.686	275.328
458	273.686	274.846
459	273.686	274.138
460	273.686	274.23
461	273.686	274.289
462	273.686	274.047
463	273.686	274.209
464	273.686	274.203
465	273.686	274.259
466	273.686	274.208
467	273.686	275.115
468	273.686	275.257
469	273.686	275.651
470	273.686	275.855
471	273.686	275.403
472	273.686	275.216
473	273.686	275.028
474	273.686	275.091
475	273.686	275.194
476	273.686	275.128
477	273.686	274.61
478	273.686	275.336
479	273.686	275.482
480	273.686	275.137
481	273.686	274.817
482	273.686	274.577
483	273.686	274.759
484	273.686	274.426
485	273.686	274.409
486	273.686	274.41
487	273.686	274.705
488	273.686	274.49
489	273.686	274.648
490	273.686	275.407
491	273.686	275.402
492	273.686	275.636
493	273.686	274.582
494	273.686	274.91
495	273.686	275.639
496	273.686	274.969
497	273.686	275.044
498	273.686	275.566
499	273.686	275.363
