0	797.779	1042.21
1	766.649	929.451
2	702.414	829.58
3	678.621	765.831
4	639.411	714.755
5	613.138	675.475
6	579.881	646.119
7	544.695	616.753
8	528.7	585.977
9	510.896	552.188
10	481.66	535.012
11	478.622	512.751
12	469.835	499.615
13	452.98	488.851
14	440.532	473.856
15	435.137	457.094
16	418.752	446.081
17	411.102	437.206
18	402.503	427.868
19	380.789	417.482
20	372.853	402.486
21	364.708	388.328
22	356.737	376.131
23	349.521	368.429
24	344.218	361.324
25	340.442	354.787
26	338.176	349.945
27	335.258	344.833
28	333.277	341.042
29	325.106	338.394
30	321.083	336.938
31	319.647	332.846
32	317.989	327.702
33	315.471	323.63
34	310.89	322.049
35	307.19	318.809
36	306.182	315.122
37	305.446	312.484
38	303.38	309.549
39	302.371	307.95
40	301.181	306.452
41	301.181	304.718
42	301.034	302.826
43	299.762	302.987
44	298.583	302.418
45	297.726	301.375
46	295.065	301.362
47	292.088	302.853
48	290.951	303.135
49	289.654	299.378
50	287.688	295.792
51	285.839	294.571
52	283.873	293.201
53	283.397	289.991
54	283.397	286.683
55	283.397	285.104
56	283.352	285.442
57	283.352	284.905
58	283.352	284.533
59	283.352	284.251
60	283.352	284.152
61	281.492	284.377
62	280.675	284.063
63	280.63	282.716
64	280.63	282.461
65	279.984	282.281
66	279.939	282.769
67	279.939	282.134
68	279.939	281.683
69	279.939	281.646
70	279.939	281.095
71	279.939	280.894
72	279.939	280.696
73	279.939	280.756
74	279.939	280.809
75	279.888	280.393
76	277.105	281.527
77	277.054	281.753
78	277.054	281.022
79	277.054	279.805
80	277.054	279.067
81	276.957	278.82
82	276.957	279.735
83	276.957	279.519
84	276.957	279.428
85	276.957	278.355
86	276.957	278.254
87	276.957	278.779
88	276.957	278.022
89	276.957	278.478
90	276.957	278.81
91	275.126	278.365
92	274.561	278.322
93	274.561	277.466
94	274.561	276.957
95	274.561	275.969
96	274.561	275.676
97	274.561	276.614
98	274.561	276.023
99	274.561	275.948
100	274.561	276.173
101	274.561	275.567
102	274.561	276.101
103	274.561	276.078
104	274.561	275.823
105	274.561	275.311
106	274.561	275.854
107	274.561	276.552
108	274.561	275.882
109	274.561	276.588
110	274.561	275.962
111	274.561	275.468
112	274.561	275.046
113	274.561	275.405
114	274.561	276.509
115	274.561	276.327
116	274.561	276.309
117	274.561	275.561
118	274.561	275.221
119	274.561	274.955
120	274.561	275.342
121	274.561	275.279
122	274.561	275.576
123	274.561	275.568
124	274.561	275.697
125	274.561	275.892
126	274.561	275.604
127	274.561	275.167
128	274.561	275.291
129	274.561	276.001
130	274.561	275.692
131	274.561	275.868
132	274.561	275.521
133	274.561	275.891
134	274.561	275.507
135	274.561	275.453
136	274.561	275.747
137	274.561	275.908
138	274.561	276.556
139	274.561	276.327
140	274.561	276.188
141	274.561	275.794
142	274.561	276.061
143	274.561	275.925
144	274.561	275.262
145	274.561	275.052
146	274.561	275.018
147	274.561	275.45
148	274.561	275.292
149	274.561	275.16
150	274.561	275.773
151	274.561	275.362
152	274.561	275.866
153	274.561	275.432
154	274.561	275.362
155	274.561	275.708
156	274.561	275.666
157	274.561	275.26
158	274.561	275.26
159	274.561	275.383
160	274.561	276.125
161	274.561	276.062
162	274.561	276.412
163	274.561	276.124
164	274.561	276.702
165	274.561	276.24
166	274.561	276.19
167	274.561	276.092
168	274.561	275.873
169	274.561	276.164
170	274.561	276.389
171	274.561	276.062
172	274.561	275.626
173	274.561	275.432
174	274.561	275.93
175	274.561	276.069
176	274.561	275.995
177	274.561	275.158
178	274.561	275.806
179	274.561	275.015
180	274.561	275.363
181	274.561	276.122
182	274.561	275.85
183	274.561	275.667
184	274.561	275.52
185	274.561	275.338
186	274.561	275.385
187	274.561	275.929
188	274.561	275.165
189	274.561	275.832
190	274.561	275.468
191	274.561	275.765
192	274.561	275.67
193	274.561	275.646
194	274.561	275.135
195	274.561	275.191
196	274.561	275.74
197	274.561	275.064
198	274.561	275.522
199	274.561	275.957
200	274.561	276.103
201	274.561	276.301
202	274.561	276.293
203	274.561	275.923
204	274.561	276.346
205	274.561	275.867
206	274.561	275.981
207	274.561	276.521
208	274.561	276.893
209	274.561	275.987
210	274.561	275.817
211	274.561	275.68
212	274.561	275.818
213	274.561	275.238
214	274.561	275.338
215	274.561	275.873
216	274.561	276.056
217	274.561	275.483
218	274.561	275.909
219	274.561	276.098
220	274.561	275.709
221	274.561	276.203
222	274.561	275.882
223	274.561	275.464
224	274.561	275.532
225	274.561	275.534
226	274.561	275.717
227	274.561	276.351
228	274.561	276.272
229	274.561	276.188
230	274.561	275.916
231	274.561	276.304
232	274.561	275.348
233	274.561	275.219
234	274.561	275.752
235	274.561	275.786
236	274.561	275.954
237	274.561	275.603
238	274.561	276.638
239	274.561	275.729
240	274.561	275.434
241	274.561	275.728
242	274.561	275.296
243	274.561	275.322
244	274.561	275.601
245	274.561	276.243
246	274.561	275.991
247	274.561	275.72
248	274.561	275.381
249	274.561	275.844
250	274.561	276.064
251	274.561	275.909
252	274.561	275.95
253	274.561	275.757
254	274.561	275.593
255	274.561	276.278
256	274.561	276.589
257	274.561	275.491
258	274.561	275.751
259	274.561	275.796
260	274.561	276.245
261	274.561	276.435
262	274.561	275.636
263	274.561	275.671
264	274.561	275.455
265	274.561	276.589
266	274.561	275.684
267	274.561	276.215
268	274.561	276.234
269	274.561	275.455
270	274.561	275.699
271	274.561	276.047
272	274.561	276.11
273	274.561	276.117
274	274.561	276.964
275	274.561	276.346
276	274.561	276.142
277	274.561	275.727
278	274.561	276.117
279	274.561	275.971
280	274.561	275.077
281	274.561	275.195
282	274.561	275.417
283	274.561	275.962
284	274.561	275.4
285	274.561	275.986
286	274.561	277.272
287	274.561	276.415
288	274.561	276.421
289	274.561	276.648
290	274.561	276.461
291	274.561	275.812
292	274.561	275.516
293	274.561	275.277
294	274.561	276.091
295	274.561	275.212
296	274.561	276.737
297	274.561	275.785
298	274.561	275.755
299	274.561	275.305
300	274.561	275.77
301	274.561	276.144
302	274.561	276.094
303	274.561	276.57
304	274.561	276.353
305	274.561	275.677
306	274.561	276.321
307	274.561	275.916
308	274.561	275.345
309	274.561	274.959
310	274.561	275.524
311	274.561	276.269
312	274.561	276.029
313	274.561	275.496
314	274.561	275.367
315	274.561	275.383
316	274.561	275.353
317	274.561	275.287
318	274.561	275.823
319	274.561	275.462
320	274.561	275.344
321	274.561	275.716
322	274.561	275.202
323	274.561	275.537
324	274.561	276.04
325	274.561	276.5
326	274.561	276.724
327	274.561	275.598
328	274.561	276.61
329	274.561	275.699
330	274.561	275.262
331	274.561	276.082
332	274.561	275.884
333	274.561	275.644
334	274.561	275.551
335	274.561	275.31
336	274.561	275.75
337	274.561	275.598
338	274.561	275.704
339	274.561	275.708
340	274.561	274.905
341	274.561	275.774
342	274.561	275.516
343	274.561	275.466
344	274.561	275.473
345	274.561	275.838
346	274.561	276.456
347	274.561	275.933
348	274.561	276.89
349	274.561	276.447
350	274.561	277.544
351	274.561	276.365
352	274.561	276.374
353	274.561	276.094
354	274.561	276.246
355	274.561	276.392
356	274.561	275.771
357	274.561	276.38
358	274.561	275.732
359	274.561	275.432
360	274.561	275.319
361	274.561	275.528
362	274.561	275.747
363	274.561	275.608
364	274.561	275.479
365	274.561	276.294
366	274.561	275.534
367	274.561	276.537
368	274.561	276.664
369	274.561	275.879
370	274.561	275.993
371	274.561	275.341
372	274.561	275.688
373	274.561	275.466
374	274.561	275.649
375	274.561	275.82
376	274.561	275.966
377	274.561	275.357
378	274.561	275.344
379	274.561	275.773
380	274.561	275.627
381	274.561	275.807
382	274.561	276.015
383	274.561	275.821
384	274.561	275.982
385	274.561	275.575
386	274.561	275.548
387	274.561	275.602
388	274.561	275.685
389	274.561	276.229
390	274.561	275.541
391	274.561	275.652
392	274.561	276.418
393	274.561	275.791
394	274.561	275.882
395	274.561	275.663
396	274.561	275.623
397	274.561	275.183
398	274.561	275.588
399	274.561	275.337
400	274.561	275.472
401	274.561	275.886
402	274.561	275.417
403	274.561	275.512
404	274.561	275.401
405	274.561	275.769
406	274.561	275.741
407	274.561	276.429
408	274.561	276.483
409	274.561	276.072
410	274.561	276.48
411	274.561	276.092
412	274.561	276.457
413	274.561	275.545
414	274.561	275.43
415	274.561	276.102
416	274.561	276.052
417	274.561	275.571
418	274.561	276.308
419	274.561	276.103
420	274.561	275.822
421	274.561	275.351
422	274.561	276.276
423	274.561	275.533
424	274.561	275.794
425	274.561	275.241
426	274.561	275.406
427	274.561	275.943
428	274.561	275.55
429	274.561	276.138
430	274.561	275.781
431	274.561	275.916
432	274.561	276.234
433	274.561	276.938
434	274.561	276.242
435	274.561	275.995
436	274.561	275.737
437	274.561	275.355
438	274.561	275.086
439	274.561	275.092
440	274.561	275.496
441	274.561	276.525
442	274.561	275.97
443	274.561	277.352
444	274.561	276.724
445	274.561	276.034
446	274.561	275.887
447	274.561	275.737
448	274.561	275.552
449	274.561	275.501
450	274.561	275.408
451	274.561	275.503
452	274.561	275.617
453	274.561	275.697
454	274.561	275.63
455	274.561	275.768
456	274.561	275.083
457	274.561	275.432
458	274.561	275.437
459	274.561	275.714
460	274.561	275.817
461	274.561	275.634
462	274.561	275.758
463	274.561	275.904
464	274.561	276.404
465	274.561	275.653
466	274.561	276.259
467	274.561	275.686
468	274.561	275.637
469	274.561	276.114
470	274.561	275.817
471	274.561	275.89
472	274.561	276.194
473	274.561	277.22
474	274.561	275.886
475	274.561	275.376
476	274.561	275.46
477	274.561	275.658
478	274.561	275.585
479	274.561	275.648
480	274.561	276
481	274.561	275.906
482	274.561	276.958
483	274.561	276.427
484	274.561	276.147
485	274.561	275.387
486	274.561	275.443
487	274.561	275.285
488	274.561	275.023
489	274.561	275.691
490	274.561	275.769
491	274.561	275.884
492	274.561	275.871
493	274.561	276.241
494	274.561	275.728
495	274.561	276.38
496	274.561	275.814
497	274.561	275.629
498	274.561	275.175
499	274.561	275.139
