0	816.048	1046.83
1	763.026	942.659
2	724.647	848.281
3	685.476	782.378
4	613.357	732.508
5	594.947	682.418
6	546.112	627.244
7	526.518	590.54
8	503.53	562.521
9	498.005	536.719
10	479.806	518.087
11	461.483	500.942
12	454.894	481.744
13	445.881	469.216
14	431.452	458.212
15	421.88	450.053
16	415.113	438.699
17	404.4	432.392
18	400.821	423.157
19	392.44	412.862
20	383.123	405.171
21	381.367	397.138
22	374.109	389.836
23	371.587	384.319
24	363.765	379.568
25	358.226	374.719
26	355.593	369.65
27	352.413	364.445
28	349.995	361.641
29	344.275	360.412
30	343.509	357.991
31	342.823	352.675
32	341.199	348.686
33	338.772	346.664
34	330.599	344.612
35	329.833	341.065
36	325.348	335.686
37	319.337	332.422
38	318.571	328.475
39	317.112	323.954
40	316.102	324.102
41	315.909	323.757
42	313.323	320.863
43	312.562	320.443
44	308.366	318.621
45	308.107	316.237
46	308.107	315.491
47	306.194	314.439
48	305.329	314.583
49	305.329	312.684
50	305.329	310.936
51	305.305	312.472
52	297.449	314.976
53	295.985	312.588
54	295.431	305.426
55	293.967	299.84
56	293.967	296.816
57	293.348	295.851
58	293.131	296.758
59	290.106	301.628
60	286.946	303.713
61	286.946	303.443
62	286.946	299.334
63	286.946	294.973
64	281.252	291.477
65	279.854	289.307
66	279.854	287.797
67	279.854	285.475
68	279.476	284.373
69	278.612	283.274
70	278.612	281.177
71	278.612	280.349
72	278.612	280.001
73	278.612	279.67
74	278.612	279.215
75	278.612	279.624
76	278.612	279.115
77	278.612	279.56
78	278.612	279.479
79	278.612	279.343
80	278.612	279.547
81	278.612	280.42
82	278.612	279.924
83	278.612	279.458
84	278.612	279.635
85	278.047	279.33
86	278.047	279.878
87	278.047	279.259
88	278.047	279.379
89	278.047	279.088
90	278.047	278.721
91	277.965	278.699
92	277.965	281.975
93	277.965	282.48
94	277.965	281.285
95	277.965	280.296
96	277.965	279.693
97	277.965	279.379
98	277.965	278.725
99	277.965	278.778
100	277.965	278.984
101	273.003	275.768
102	273.003	275.53
103	273.003	275.244
104	273.003	274.612
105	273.003	274.126
106	273.003	274.002
107	273.003	274.37
108	273.003	274.066
109	273.003	274.333
110	273.003	274.146
111	273.003	274.058
112	273.003	273.277
113	273.003	273.508
114	273.003	274.189
115	273.003	274.586
116	273.003	274.695
117	273.003	274.227
118	273.003	274.631
119	273.003	274.586
120	273.003	274.335
121	273.003	274.562
122	273.003	273.99
123	273.003	274.426
124	273.003	274.116
125	273.003	274.027
126	273.003	274.55
127	273.003	274.24
128	273.003	274.012
129	273.003	273.914
130	273.003	274.237
131	273.003	274.451
132	273.003	274.884
133	273.003	274.976
134	273.003	275.006
135	273.003	273.727
136	273.003	274.754
137	273.003	274.085
138	273.003	273.903
139	273.003	275.075
140	273.003	275.219
141	273.003	274.335
142	273.003	274.017
143	273.003	274.12
144	273.003	274.279
145	273.003	273.889
146	273.003	274.134
147	273.003	274.471
148	273.003	274.283
149	273.003	273.655
150	273.003	274.018
151	273.003	277.028
152	273.003	277.144
153	273.003	277.276
154	273.003	276.079
155	273.003	274.419
156	273.003	274.204
157	273.003	275.133
158	273.003	275.126
159	273.003	274.511
160	273.003	274.768
161	273.003	274.739
162	273.003	274.657
163	273.003	274.149
164	273.003	274.774
165	273.003	274.068
166	273.003	273.761
167	273.003	273.949
168	273.003	273.826
169	273.003	273.926
170	273.003	274.324
171	273.003	274.031
172	273.003	274.181
173	273.003	273.92
174	273.003	273.89
175	273.003	273.946
176	273.003	274.057
177	273.003	274.086
178	273.003	275.274
179	273.003	274.707
180	273.003	274.539
181	273.003	274.147
182	273.003	274.663
183	273.003	274.231
184	273.003	273.694
185	273.003	275.024
186	273.003	274.55
187	273.003	274.275
188	273.003	273.849
189	273.003	274.213
190	273.003	274.348
191	273.003	273.945
192	273.003	273.82
193	273.003	274.023
194	273.003	274.768
195	273.003	274.238
196	273.003	274.168
197	273.003	274.29
198	273.003	274.391
199	273.003	274.083
200	273.003	274.323
201	273.003	274.756
202	273.003	274.142
203	273.003	273.901
204	273.003	274.9
205	273.003	274.557
206	273.003	274.476
207	273.003	273.904
208	273.003	274.102
209	273.003	274.475
210	273.003	274.627
211	273.003	274.282
212	273.003	273.993
213	273.003	274.31
214	273.003	274.611
215	273.003	273.962
216	273.003	274.542
217	273.003	274.025
218	273.003	274.01
219	273.003	274.549
220	273.003	273.637
221	273.003	274.143
222	273.003	274.091
223	273.003	274.35
224	273.003	273.937
225	273.003	274.201
226	273.003	274.07
227	273.003	273.754
228	273.003	273.986
229	273.003	273.856
230	273.003	274.054
231	273.003	274.248
232	273.003	274.24
233	273.003	274.532
234	273.003	273.514
235	273.003	274.422
236	273.003	274.128
237	273.003	273.843
238	273.003	273.997
239	273.003	273.868
240	273.003	274.85
241	273.003	275.097
242	273.003	273.859
243	273.003	274.07
244	273.003	273.891
245	273.003	274.647
246	273.003	274.115
247	273.003	274.109
248	273.003	273.943
249	273.003	274.487
250	273.003	274.808
251	273.003	274.264
252	273.003	274.259
253	273.003	274.527
254	273.003	273.776
255	273.003	274.102
256	273.003	274.193
257	273.003	273.833
258	273.003	273.639
259	273.003	274.209
260	273.003	274.01
261	273.003	274.738
262	273.003	274.322
263	273.003	273.967
264	273.003	274.361
265	273.003	273.797
266	273.003	275.077
267	273.003	275.27
268	273.003	274.704
269	273.003	274.199
270	273.003	273.806
271	273.003	274.484
272	273.003	274.957
273	273.003	274.976
274	273.003	274.822
275	273.003	274.762
276	273.003	274.663
277	273.003	274.648
278	273.003	274.422
279	273.003	274.371
280	273.003	274.833
281	273.003	274.41
282	273.003	274.486
283	273.003	274.173
284	273.003	273.992
285	273.003	273.702
286	273.003	274.031
287	273.003	274.384
288	273.003	274.352
289	273.003	274.006
290	273.003	273.998
291	273.003	274.457
292	273.003	273.987
293	273.003	273.538
294	273.003	273.715
295	273.003	274.896
296	273.003	275.077
297	273.003	274.917
298	273.003	274.521
299	273.003	273.832
300	273.003	274.127
301	270.666	273.625
302	270.666	273.43
303	270.666	273.051
304	270.666	272.834
305	270.666	272.79
306	270.666	272.327
307	270.666	271.743
308	270.666	271.67
309	270.666	272.694
310	270.666	272.24
311	270.666	272.621
312	270.666	272.199
313	270.666	272.18
314	270.666	272.658
315	270.666	271.932
316	270.666	272.191
317	270.666	272.004
318	270.666	271.5
319	270.666	271.406
320	270.666	271.232
321	270.666	271.197
322	270.666	271.666
323	270.666	271.738
324	270.666	272.477
325	270.666	272.18
326	270.666	271.596
327	270.666	272.102
328	270.666	272.338
329	270.666	272.075
330	270.666	272.038
331	270.666	272.456
332	270.666	271.547
333	270.666	271.69
334	270.666	271.822
335	270.666	271.656
336	270.666	271.538
337	270.666	271.924
338	270.666	271.847
339	270.666	271.817
340	270.666	271.572
341	270.666	271.64
342	270.666	272.359
343	270.666	272.001
344	270.666	271.767
345	270.666	271.892
346	270.666	271.723
347	270.666	271.829
348	270.666	271.839
349	270.666	271.91
350	270.666	271.751
351	270.63	271.59
352	270.63	272.076
353	270.63	272
354	270.63	271.248
355	270.63	271.478
356	270.63	271.746
357	270.63	271.951
358	270.63	271.381
359	270.63	271.714
360	270.63	271.313
361	270.63	271.686
362	270.63	271.348
363	270.63	272.079
364	270.63	272.224
365	270.63	272.001
366	270.63	271.951
367	270.63	272.134
368	270.63	271.605
369	270.63	271.698
370	270.63	271.927
371	270.63	272.216
372	270.63	271.676
373	270.63	271.859
374	270.63	271.814
375	270.63	271.094
376	270.63	271.308
377	270.63	272.269
378	270.63	271.518
379	270.63	271.592
380	270.63	272.282
381	270.63	272.385
382	270.63	271.816
383	270.63	271.909
384	270.63	271.817
385	270.63	271.03
386	270.63	271.415
387	270.63	271.349
388	270.63	271.043
389	270.63	271.505
390	270.63	271.648
391	270.63	271.278
392	270.63	271.04
393	270.63	271.46
394	270.63	271.516
395	270.63	272.092
396	270.63	271.423
397	270.63	271.847
398	270.63	271.795
399	270.63	271.234
400	270.63	271.479
401	270.63	272.012
402	270.63	272.102
403	270.63	273.431
404	270.63	272.786
405	270.63	271.677
406	270.63	271.749
407	270.63	271.043
408	270.63	271.411
409	270.63	271.44
410	270.63	271.21
411	270.63	271.267
412	270.63	271.716
413	270.63	271.25
414	270.63	271.57
415	270.63	271.142
416	270.63	272.394
417	270.63	271.58
418	270.63	272.353
419	270.63	272.041
420	270.63	272.447
421	270.63	272.02
422	270.63	271.582
423	270.63	271.777
424	270.63	271.719
425	270.63	271.275
426	270.63	270.94
427	270.63	271.365
428	270.63	271.779
429	270.63	272.043
430	270.63	272.183
431	270.63	271.699
432	270.63	271.748
433	270.63	272.376
434	270.63	272.322
435	270.63	272.01
436	270.63	271.998
437	270.63	271.929
438	270.63	271.908
439	270.63	271.47
440	270.63	271.269
441	270.63	271.648
442	270.63	271.741
443	270.63	271.224
444	270.63	271.593
445	270.63	271.646
446	270.63	271.488
447	270.63	271.214
448	270.63	271.042
449	270.63	271.265
450	270.63	271.564
451	270.63	271.397
452	270.63	271.469
453	270.63	271.503
454	270.63	272.123
455	270.63	272.077
456	270.63	271.505
457	270.63	272.284
458	270.63	271.373
459	270.63	271.555
460	270.63	271.482
461	270.63	271.159
462	270.63	271.381
463	270.63	271.351
464	270.63	271.649
465	270.63	271.453
466	270.63	271.104
467	270.63	271.544
468	270.63	271.852
469	270.63	272.149
470	270.63	271.702
471	270.63	271.807
472	270.63	272.05
473	270.63	271.638
474	270.63	271.672
475	270.63	272.1
476	270.63	271.662
477	270.63	272.31
478	270.63	272.381
479	270.63	272.357
480	270.63	271.99
481	270.63	272.126
482	270.63	271.426
483	270.63	271.467
484	270.63	272.2
485	270.63	271.594
486	270.63	271.522
487	270.63	272.034
488	270.63	271.245
489	270.63	271.173
490	270.63	272.467
491	270.63	272.202
492	270.63	272.327
493	270.63	272.635
494	270.63	272.36
495	270.63	272.453
496	270.63	272.275
497	270.63	271.739
498	270.63	271.926
499	270.63	271.683
