1.66301	-1.0175	1.18415	5.99726
1.71048	-2.32475	0.755733	3.38343
0.942807	2.25775	1.0151	1.45442
1.98359	-1.40819	2.02258	3.90456
1.90195	0.846875	0.486565	2.0361
1.92196	-0.519064	1.32596	5.58255
1.94912	0.587471	1.24606	1.9744
1.73578	-2.89944	1.28119	2.13651
1.69413	2.01283	1.82966	3.85778
1.13149	3.10341	2.41774	0.529871
1.31759	-1.54312	0.266965	2.3156
1.25965	-1.8678	0.355561	3.0097
1.25434	2.11203	2.77053	5.67031
1.82617	1.83574	0.170852	3.67301
1.19846	2.364	0.774806	5.05518
0.748333	3.10592	0.0405138	6.25359
1.05382	2.20129	0.211932	0.250525
1.28495	0.454104	0.893921	2.7688
2.03001	1.32594	2.37047	5.9253
1.64229	-1.96323	0.54424	4.4251
0.983778	1.84902	1.5306	3.41193
1.26448	0.900336	3.05329	1.63288
2.03547	-1.04612	1.85589	0.681539
1.77764	2.72657	1.23326	5.48394
2.04057	-1.54546	0.953358	1.71391
1.80135	0.906055	1.97365	1.66315
1.18765	-1.15152	1.11207	2.48434
0.968951	2.80183	0.45498	1.45502
1.87308	-0.972362	1.12186	4.76462
0.752764	-1.01931	0.552283	1.93551
2.00559	-1.04484	1.46269	2.97175
2.01624	-0.309413	2.00114	1.08039
1.94937	0.986141	1.07293	0.820726
2.09019	-0.0967293	2.60741	1.80162
2.21483	2.96208	0.371453	1.97072
1.17615	2.37802	2.51146	3.23803
1.25762	0.0890352	2.55453	4.19636
1.53102	-2.50677	1.42741	3.89499
1.29516	-0.398011	2.79883	3.93496
1.59584	-2.72659	0.528052	2.65825
1.29734	0.00720034	0.800143	5.25747
1.76704	2.28314	1.15558	4.06482
0.70004	2.29491	1.47602	2.76471
1.77471	2.40293	3.08994	1.35608
1.73526	-1.36373	0.578371	3.17799
0.821858	2.06328	1.6772	1.01619
1.23155	1.28245	1.39703	0.355395
2.2344	2.15427	1.0346	4.6369
1.76791	2.72835	2.67061	2.23224
1.58188	-2.00083	0.716848	6.26347
1.77442	1.70299	0.968372	0.916208
1.03702	0.217509	2.7172	3.04074
1.75732	-2.96446	2.77817	5.36763
0.818121	-2.63162	2.3123	4.23136
1.29028	0.782587	1.33018	2.09983
1.66125	-2.7451	2.5202	0.119944
2.00375	-0.0693313	0.262641	4.7657
1.29951	3.02865	0.397946	5.8689
0.983148	-2.83351	1.36551	5.46582
1.51572	-0.450753	2.50097	6.15754
2.26572	-2.31899	1.15768	6.12174
1.53753	-2.52059	2.08678	5.06815
1.58442	-2.7199	2.51975	2.53665
0.780866	-0.566105	2.40814	2.11226
1.40121	2.17774	1.17371	4.64022
1.48855	-1.8439	2.74794	3.32257
1.04293	2.53919	0.26861	4.73336
2.3524	2.16522	0.444879	2.4887
2.30454	-1.98653	2.66033	1.88493
1.86791	0.111226	1.29452	3.62465
1.38859	2.15144	0.498561	3.91279
1.8378	0.922025	2.42801	3.36582
0.74639	-0.449436	2.60427	1.50697
0.911184	-2.56406	1.0113	1.93749
2.11986	-3.01141	1.25667	2.49938
2.05168	-2.71824	1.02401	2.21399
1.55374	2.41967	2.29874	5.05938
1.0256	-2.28742	1.83912	5.88876
1.67948	-2.45478	0.229723	2.5079
1.16114	1.50545	2.32526	5.17498
1.46323	-0.404431	0.0556299	5.60911
1.50027	1.5666	2.69407	1.85895
1.10053	1.46449	0.578111	2.56918
1.48566	-1.85905	2.72347	5.95512
0.920394	1.17088	1.20201	3.22922
1.88543	0.909533	2.37068	4.38864
1.2502	-1.0385	2.13816	5.06592
2.03451	-2.97794	1.37975	4.56544
1.3126	-1.58676	1.75011	4.40542
0.393119	-1.83909	2.19137	3.10008
1.54279	2.71643	1.93769	4.53343
0.889855	3.07184	1.57311	2.21995
1.57008	-2.54007	0.330512	4.61159
0.934409	-0.190186	1.02688	5.44657
1.47481	-0.244497	0.385361	2.83217
1.93042	2.48622	2.87433	1.13941
1.59889	-0.459106	2.40793	4.64562
1.7116	2.52419	1.72479	1.27898
2.11829	-0.352855	2.00757	0.935507
1.78553	0.212606	1.42461	3.51744
1.6017	-0.313745	0.191969	6.03528
1.74029	1.40412	0.811481	1.89657
1.74096	-2.07892	2.84342	1.93985
2.24797	0.954157	2.64348	2.53278
1.45422	1.52031	0.0451245	3.38485
2.16486	-2.19614	1.47275	2.0257
1.74945	0.431384	1.99406	1.38964
2.42192	0.00446296	1.07532	4.4798
1.91125	-0.531781	2.86901	5.47708
0.774976	0.389212	1.34393	4.11148
2.59671	1.99228	2.71019	0.0671364
0.949018	2.48742	1.53451	5.91933
2.21917	-1.7235	2.33365	3.68922
1.87238	0.221902	0.226645	0.182601
1.61178	-2.06132	0.169764	1.23408
0.762192	-2.43145	0.112546	0.461379
0.788231	-0.496049	1.69144	4.09851
1.40873	2.29233	2.39773	2.34255
2.22925	1.20667	0.309713	4.17296
1.30191	-1.93283	0.830077	2.26976
1.9724	-2.71524	0.996594	5.00283
1.76965	-2.05357	2.01395	1.98067
0.662799	2.10959	1.05495	5.99113
1.63222	2.92588	2.77589	1.01508
1.32133	0.515247	1.74805	3.53898
0.783266	0.539751	1.9759	2.34092
2.40093	2.81079	1.63347	3.10942
2.48226	2.36561	2.44913	4.25436
1.84612	0.156422	0.837757	1.20857
2.6235	-2.64526	0.126775	4.91496
2.39966	1.59066	2.85111	1.21845
2.49846	1.41901	1.30132	4.05132
2.61468	-2.44837	1.51453	5.19262
2.29514	0.450114	0.882175	1.83161
2.75882	1.50621	2.83868	0.939014
1.82008	-1.96447	1.75495	5.86548
1.77902	3.01171	0.071966	3.04034
1.89789	0.798612	1.17413	0.906656
2.35664	0.227849	2.47703	5.37946
1.49261	-0.572655	2.21038	3.27572
1.48104	0.865612	0.432275	2.94413
1.18057	-1.11107	0.671953	3.76228
1.27194	2.16974	0.156107	4.13978
1.13495	2.2546	0.000291105	3.27109
1.81104	-1.35214	0.90156	2.73508
1.3579	1.64562	0.154306	2.09652
1.22002	0.796552	1.63502	5.68804
0.608987	1.59194	1.8122	3.97496
1.73739	-2.247	0.740328	5.66376
1.81205	-0.390905	1.42074	5.54037
1.85481	-0.512111	1.53568	4.79696
1.75302	-2.44482	0.0741051	0.031843
1.58744	-0.227808	0.0844769	0.472125
0.920537	1.72756	0.84809	3.72687
0.645224	-2.50221	0.0898632	2.39707
1.56328	1.24587	2.55623	5.18049
1.9051	-0.251381	0.861799	5.77892
2.1483	-2.3589	0.366418	6.2685
1.71685	-1.67988	1.98705	4.06911
1.61558	1.77068	2.79759	5.66909
0.851084	-2.38615	0.547206	2.48017
2.11414	-2.84459	1.36656	0.567215
2.16159	-2.90358	0.306941	4.52398
1.21492	2.75429	0.232159	2.6878
1.68766	-3.11413	3.07118	2.10481
2.33424	2.63494	1.36384	0.939113
1.88225	-2.11807	1.82209	1.37394
2.00924	-2.01346	2.70551	5.04849
1.86168	1.46437	1.72985	2.89931
0.762716	-1.63106	2.18355	1.64014
1.24465	-2.47852	1.89758	1.01348
2.0974	-2.7176	1.72679	2.4411
1.12455	2.13681	2.5138	5.02879
1.50073	-2.71421	0.354765	4.35096
0.514785	-2.09216	1.33429	1.42205
1.15444	2.66468	1.2954	4.60394
1.56939	0.835316	2.00799	1.17856
1.47205	1.03246	2.84888	0.411896
1.44032	-0.293545	0.793587	2.05409
1.05161	-0.283135	2.17612	2.13339
1.07325	-2.43651	0.472881	4.3247
1.59238	-1.24951	0.659091	3.71754
2.1833	-2.54184	2.32782	2.31569
1.30122	1.35563	0.906538	5.36074
1.09904	1.61089	1.3772	0.624343
2.30375	-0.722396	2.30147	2.25062
0.825946	-0.960208	1.8219	6.18793
0.703593	0.609506	1.98064	3.5419
1.74716	-0.135115	0.621827	4.68007
1.58831	-1.39164	0.658799	2.71027
1.97769	-0.893634	0.608544	3.93677
2.19583	-0.92809	2.63294	5.01521
2.08529	0.578624	2.22133	2.25761
2.17777	-2.25146	1.69066	1.82742
2.192	1.33319	1.52865	6.08543
2.2441	2.24128	0.409029	5.77119
2.0491	-2.687	0.532654	3.66078
1.66079	-2.38918	1.92772	4.32187
2.28551	0.58561	0.456679	4.81617
1.19249	-3.10205	1.14636	1.38386
2.81342	2.47613	1.93742	4.73275
1.78358	-3.04084	1.4797	0.898435
1.88283	0.181496	2.22936	0.346955
1.64045	-1.23116	0.482365	5.4973
2.09613	2.7952	0.562696	4.71858
1.55228	1.25219	0.932507	0.288272
1.46966	-1.0027	1.83168	4.70894
1.91542	-0.792021	1.08287	5.0968
1.77275	1.55127	0.68419	0.795328
2.12214	1.01966	2.9989	2.52707
1.17952	3.07003	2.29389	2.47466
1.41199	-0.0493086	2.53735	1.08562
1.81359	-1.17967	1.23849	2.45621
1.64233	1.92909	1.4854	3.27157
1.21488	-1.06574	1.62018	1.24649
1.66183	-0.60756	0.45604	0.108065
2.07818	1.12843	1.09291	2.51907
0.954277	-2.63576	1.77957	5.42744
1.7388	2.99846	0.599082	2.74323
0.818785	-2.95372	2.95157	3.02805
1.32837	-0.315894	1.39497	6.07348
1.97897	-0.610445	0.790669	2.93521
1.25232	-0.332876	0.872198	0.366721
2.205	-2.44813	0.0136999	2.37321
1.675	2.74314	0.158899	4.53639
1.2928	1.39325	1.93248	1.40935
1.4306	1.43502	1.58375	5.96489
1.62912	-0.251088	1.68123	0.337943
1.90475	2.45501	1.76985	1.48415
1.17724	-3.05983	1.49167	2.25473
0.785794	-1.4842	2.2648	6.14304
1.47638	2.46578	1.84203	6.01508
1.68669	1.05314	1.90535	3.49861
1.64021	-1.18662	1.82282	5.61606
1.39795	-1.7344	2.47786	3.22239
1.60078	2.0761	0.877676	4.76657
1.82783	-1.38198	0.749903	3.10576
1.80872	0.886131	1.16248	1.84417
1.25398	-2.7437	0.187067	4.91805
1.41616	-1.5539	0.330856	0.817119
0.53517	-2.86081	2.02218	3.22351
2.38927	2.04538	2.72645	5.47445
1.84538	2.15913	0.327004	5.11725
1.23921	2.95829	2.65797	6.13209
1.78574	1.93132	3.12144	2.20414
1.67112	-2.96301	2.00099	2.51358
1.02575	1.84045	2.15024	0.271932
1.97613	-1.56824	0.0175179	4.02918
2.58193	-2.23582	2.20204	2.45096
1.71792	-2.1503	0.278158	0.910316
1.23097	-0.919849	1.34922	4.87353
1.75566	1.82235	0.0615917	2.32886
2.44158	-0.410996	0.0240914	0.82952
0.872774	-0.543869	0.786541	2.55398
1.4391	-2.82281	1.38275	2.49793
1.69364	2.9804	0.0237247	2.43982
1.08838	-2.99889	1.41761	2.89683
1.67292	1.42892	0.841693	5.77463
1.7857	2.40867	1.34554	0.482211
1.71085	-2.45561	0.379751	4.74023
0.622598	-1.74464	1.64986	3.76699
3.0426	-1.07504	0.803787	3.14856
1.84907	-2.07131	0.839794	2.92062
1.54083	-1.07429	1.82602	2.33934
0.560463	-2.97418	2.54952	4.30032
0.417977	-0.647194	2.0105	2.34525
1.63822	-1.47692	2.88953	3.80603
1.47832	1.59159	1.09372	0.95723
0.672468	2.34997	1.78248	0.885069
1.11323	-1.29172	2.83897	0.837492
1.0903	0.811607	2.16533	2.61453
1.98165	-0.228114	2.74234	2.49695
1.84594	-1.64411	1.28302	4.39539
1.66637	1.90346	1.85746	3.20262
1.23395	-1.88699	1.37194	0.614885
1.60444	-2.50791	2.05532	4.0086
0.760946	-0.243582	1.64479	1.74565
1.56897	1.10389	1.6405	3.88077
1.13118	-2.68163	0.952627	0.180908
1.73051	0.8732	1.52344	5.44723
1.94421	-1.89972	2.27972	0.66436
1.1773	0.137799	2.27342	3.41709
1.95182	0.0431141	1.59889	0.0387051
1.05709	-2.58564	2.34772	3.82581
1.06442	-1.83895	2.71286	4.60984
1.04346	0.417329	2.33596	6.16804
1.27792	-2.01895	0.244516	3.87053
2.13303	-0.903866	1.71582	5.65881
0.886854	-0.383541	1.64223	1.84829
0.478189	3.12444	1.0494	3.30974
1.40387	1.70537	0.632489	1.9647
0.84852	1.53337	0.132708	5.15592
2.06055	-1.42203	1.38482	4.52894
0.677853	1.11291	0.838028	4.46032
0.687999	-1.83881	1.09114	2.2551
1.50236	2.88237	1.01871	5.82367
1.81844	1.11627	0.810378	5.50837
1.49017	-2.50554	2.26292	0.658641
1.00798	2.12544	2.31725	4.71158
1.46691	-1.17813	2.24449	2.77161
1.06258	0.390338	3.09621	1.40579
2.22851	-2.07138	1.17689	4.59912
2.30428	-2.64177	2.14649	2.72725
1.87286	2.95792	0.772905	6.2748
1.77623	-2.46903	1.08353	0.0818776
1.76822	1.89382	2.10521	1.55692
1.57711	-0.493584	0.843153	1.42082
1.73244	2.85063	0.624653	5.22986
1.10503	2.98783	2.45315	5.99822
1.19518	1.79801	2.27666	6.06765
0.973554	0.488159	2.15958	2.7257
1.18856	-0.366544	1.23531	4.38889
1.76336	1.93331	2.90416	3.54465
2.3569	2.75029	1.80247	0.711559
1.00048	-2.40799	2.0433	5.5512
0.78121	-2.20988	1.11367	4.44818
1.75754	-1.28102	1.36127	2.1535
1.50813	1.52684	2.07382	2.13555
1.24151	2.5357	0.170082	0.42662
1.7588	-1.28484	2.09693	0.143883
1.92744	0.777269	1.75088	5.98157
1.83195	2.88206	1.97716	0.857052
1.06704	-0.999957	2.33087	0.602105
1.97554	-1.96043	0.468994	1.28718
1.666	-2.93591	0.828842	3.07597
1.38769	0.725483	0.672252	4.00141
1.82394	-1.49202	2.15756	4.25192
1.95684	2.53846	2.29414	4.27293
2.14957	1.39723	1.14277	1.78094
1.67014	-0.0217688	2.02436	4.56661
1.70757	2.45582	1.04681	3.01449
1.83414	0.818338	1.08089	1.61609
1.10382	-0.0181915	0.37443	6.17623
1.67887	-2.74165	2.2152	5.66463
1.45041	-1.23197	2.39907	0.322774
2.31521	1.91637	1.61952	6.08115
2.2128	2.98184	2.19192	3.94313
1.31847	-1.15025	1.24273	0.965347
0.804163	-1.26851	0.0413066	3.67256
1.48428	2.3387	1.39544	5.1563
0.779602	0.0914976	1.29816	1.97227
1.22147	2.67547	2.86886	4.37752
1.13835	-1.67951	2.36947	3.04718
1.53328	-1.40794	0.453622	0.477664
0.749471	2.81854	2.6477	6.04131
0.774525	1.20324	0.181502	4.2602
0.842003	0.194826	0.751095	4.96995
1.7594	1.53509	0.227935	2.65837
1.74411	0.216427	2.10999	4.33121
1.89454	-2.46518	0.0778763	1.99824
2.05711	-1.19547	1.25078	1.54398
1.50191	-2.89132	2.80053	2.51927
1.66811	-0.356761	0.0838473	4.47478
1.62382	-0.450509	1.55626	5.88195
2.20028	3.05215	0.552354	4.22308
1.05546	-1.08491	0.215681	5.6968
1.4529	1.41289	2.25575	4.1975
1.21332	2.62854	2.75154	5.39392
2.02964	1.89701	0.632872	2.3379
1.14188	-2.386	1.84875	6.11531
1.51194	-1.45482	2.45556	0.184744
0.884012	2.71637	2.4118	1.91903
2.0267	0.279218	1.11134	5.07049
0.807539	0.651266	1.89421	1.35447
2.25237	0.591287	2.12007	2.00618
1.73492	2.36862	1.99345	1.17299
1.11741	-0.880917	2.73962	6.27948
0.322157	-2.66477	1.86058	2.15328
0.64161	1.84592	0.31148	3.90737
2.00329	2.60537	1.61832	2.28741
1.79046	2.43828	2.60294	2.24287
1.41803	1.79746	2.49165	0.642834
1.85125	3.03781	2.11109	6.02298
1.49918	0.675214	2.99308	2.30398
1.73418	-0.422214	1.09278	4.41078
0.875281	-2.24142	0.991159	1.22285
1.13463	2.58918	2.03667	1.98654
1.45042	-1.50284	2.33926	0.108276
1.38064	-2.0451	0.55232	5.70074
0.973089	1.51999	0.569831	0.501003
1.40197	2.07103	2.08244	2.80061
1.7341	-0.268793	2.81323	6.10162
2.58062	1.78168	2.60735	3.00831
2.29797	-1.48631	0.897241	4.34673
1.87546	-1.67373	0.450218	1.17639
0.607986	2.37708	0.181954	0.0488621
1.34325	-2.87743	2.66194	3.80151
1.77119	2.1251	1.9993	0.344501
1.07738	-0.633186	0.171938	2.17479
1.38071	-2.54475	1.83659	1.32602
1.43394	-2.92953	2.614	3.49989
1.21409	0.667259	0.0275566	0.0921874
1.87378	-2.01003	2.10188	0.0399473
1.67536	0.32151	1.91477	3.78786
2.02132	3.09175	1.15098	0.537631
1.11927	-0.714359	1.72805	4.45094
0.847276	0.558721	1.25623	3.57899
1.9656	0.219033	0.855893	0.673108
0.890718	-2.05669	2.71034	3.73807
1.45008	3.07205	0.589934	5.88359
2.08431	-3.08794	1.17286	4.68821
1.49003	1.59513	0.956511	0.83405
2.37635	2.758	0.594876	5.96915
0.814792	2.89162	0.822963	2.43087
1.63792	0.306529	2.51003	4.50305
1.40778	-2.79351	1.71329	3.8421
0.837118	-1.07991	2.07207	3.49502
2.15052	2.91282	2.22573	3.75529
1.00627	1.62535	2.02027	6.27298
1.4998	0.0831144	0.209909	5.41488
1.95435	1.06506	1.07225	6.03093
1.47364	2.80946	0.541526	5.86632
2.47498	1.13608	1.15603	4.8965
0.572007	-2.8719	1.9189	0.505614
0.980818	-1.5586	3.06369	2.46973
1.30582	-0.999741	1.56926	2.50676
1.64341	-2.92517	0.991168	4.49374
1.05992	0.0269005	1.5211	6.13349
0.569493	1.6531	2.63878	0.564108
0.993571	-0.221933	2.87434	2.82276
2.00746	2.81905	2.33587	0.323168
1.45295	3.02278	0.0488733	4.99877
1.97496	2.36201	0.34291	3.09279
2.46514	2.36782	0.57578	5.03963
1.74435	2.6476	2.3736	4.11792
1.34249	-2.46456	0.263913	5.61107
1.98101	1.09665	1.27835	4.79027
1.00152	-0.549595	0.819532	0.370756
1.13222	-2.50917	1.73343	2.82268
0.964686	2.49344	0.533433	0.828601
1.44231	-1.68333	0.617099	4.50393
1.08911	3.09005	0.812879	4.49693
0.844971	1.77381	2.64524	0.909398
1.99719	0.0336478	2.96315	1.11201
0.998667	2.51879	1.28362	2.68691
1.65028	1.48145	1.84168	4.21779
1.45181	-0.765723	1.53833	5.89589
1.6037	-0.534102	3.0194	2.06961
1.10907	-1.45517	1.07482	3.75129
1.62476	-2.80524	2.3523	3.4453
1.23748	-2.48134	2.68799	0.717205
1.62061	-0.934956	0.278526	3.45324
2.56059	1.17697	2.40553	0.873612
1.49493	1.95296	1.55579	5.59543
2.24982	-0.258239	2.81885	3.68326
2.42506	-1.97075	0.0732692	2.26724
1.75168	-1.42935	2.5553	3.42256
1.84104	-0.799641	0.0789517	1.88325
2.49018	-0.449235	0.96245	0.228869
1.64417	0.660506	1.5759	2.63636
2.02293	-1.95248	0.0264806	3.32901
2.05823	-1.31518	2.47846	3.22929
1.81899	0.512943	2.67839	1.32096
2.0102	-0.609006	1.27855	0.464617
1.28302	-0.648132	2.70896	1.13458
1.34554	-0.114152	1.27734	2.50741
2.30651	0.153635	2.68124	4.48103
1.89897	2.60372	2.44598	4.49727
1.83258	2.72921	2.21392	5.85102
1.36659	0.49488	2.36655	4.84258
1.24742	-0.110374	2.62272	5.12512
1.76054	2.62753	1.92941	5.59587
1.5316	-2.95812	2.26139	1.38586
1.57818	-3.09888	1.90541	1.48022
1.07998	1.14219	1.94291	6.18376
1.59482	1.01395	2.49796	3.94316
1.24155	-1.18907	0.654195	2.06317
1.37924	1.44769	1.71759	2.41361
1.57896	-0.702952	2.21473	5.30248
1.56419	2.72503	0.0714701	2.84388
2.26552	-2.80912	2.51635	4.83095
1.27475	0.793059	2.29074	0.92205
0.907129	-0.10511	3.07087	5.60422
1.2493	2.64279	2.79582	2.66378
1.32198	0.507633	2.93877	1.45171
1.5098	-2.28415	1.40716	0.785492
0.755424	0.397817	2.89787	5.43328
2.02909	1.9947	1.90585	1.0759
1.02917	-3.12578	1.44875	3.26925
1.8508	-1.493	2.80582	5.78331
1.6566	-2.94987	1.77228	1.53988
1.24161	0.368159	0.891949	1.83271
1.52458	1.23344	2.07049	4.56306
1.95225	1.83402	1.2347	5.44623
1.39443	3.03486	1.92296	0.864864
1.61558	-1.85732	2.18167	2.79436
0.869643	0.874646	0.680619	2.14877
1.80192	1.90618	0.256057	2.35518
1.94599	-1.70112	2.26206	4.17582
1.85099	-0.921175	1.99218	4.05661
1.47944	1.90769	0.0728882	3.33836
1.66402	1.71522	1.62739	2.48838
0.941638	0.648846	1.00744	2.85592
1.72183	2.81442	0.634528	4.64646
1.66354	-0.759881	2.68618	3.20245
1.44537	-1.93343	2.52717	2.24984
1.10758	0.753156	2.8678	5.7082
2.02144	-1.93533	2.53557	0.335322
1.93593	-0.60036	1.06031	2.42106
1.91907	3.08504	2.35256	3.40477
2.38149	0.482912	2.15886	5.11808
1.28646	1.77913	2.53274	1.47068
2.0097	2.04795	2.8272	1.41078
1.3582	-0.635109	0.486203	2.38919
2.44332	0.56692	1.97928	2.47507
1.51978	-0.465339	2.90292	5.78477
1.74238	-2.49233	1.62073	0.356419
1.33448	-0.693894	1.28005	5.17773
1.11195	2.49553	0.834051	3.19883
1.69321	1.92895	0.233606	0.923981
1.28337	1.34477	1.7582	4.81455
1.0861	-1.47747	2.11392	1.67068
1.75009	-2.82368	0.151934	1.25326
1.60641	-1.91883	2.79399	2.40959
1.84203	-1.44125	1.85425	5.50461
1.62413	0.483698	0.604516	5.59946
2.04913	-0.288587	1.07631	5.50797
2.35569	1.92244	2.68251	2.19299
1.7442	-1.37289	1.40057	2.94624
1.40647	-2.93283	3.03863	1.33967
1.23237	2.05889	1.09936	3.55354
1.36444	2.43738	0.551167	0.198412
0.888359	0.267038	1.22923	3.21756
1.16109	-0.236052	2.43964	5.35879
1.69162	-0.497087	1.2358	2.3567
1.53644	-2.45884	1.2187	5.11596
1.18715	-2.21741	2.72216	3.15037
1.10163	-2.10827	2.66118	1.88789
2.09914	-1.86491	2.24544	5.20138
2.01276	2.42357	1.30866	0.110635
1.10475	1.88562	1.81329	1.15103
1.79048	-2.72938	2.15661	3.97711
1.79117	2.78637	2.82101	4.41318
0.244063	-0.747365	0.825016	4.56006
1.37791	2.86451	2.39216	0.231103
1.40777	1.99381	1.83594	5.71389
1.50121	1.61758	2.82222	1.06597
1.26257	-1.57878	1.72164	4.39067
1.55342	-2.85299	1.09045	0.41102
2.0656	-3.12335	2.90994	1.61931
1.35605	-1.76656	0.217206	2.5023
1.13604	-1.13447	3.06233	1.13445
2.1008	2.88254	1.65665	3.19922
0.812839	2.11216	1.73247	5.50206
1.25167	-2.0727	0.396707	3.89244
2.20462	-0.29215	0.633994	3.19452
1.08881	-0.231235	0.655165	4.45616
1.77093	-3.11506	2.85271	2.08885
0.507366	-0.0849458	2.04243	1.85036
2.04223	1.56857	1.33974	0.551914
0.884375	2.86162	2.47979	0.759671
1.92199	2.29948	1.37481	3.73472
2.37776	2.69668	2.88054	1.49023
2.0671	2.08594	2.44308	3.81075
2.29087	2.89449	1.14025	5.58119
1.29557	-1.64199	0.97106	2.61208
0.351227	-0.508467	2.10717	4.75241
1.23077	1.26599	3.07673	3.26936
1.39402	-2.76664	1.16376	0.39794
1.35658	0.815227	2.08134	5.372
1.21175	2.10765	1.8285	1.47036
2.28029	1.58233	0.184356	1.07586
0.529183	-1.91778	1.72455	4.18123
1.21622	-3.09041	2.84749	5.5896
1.78689	-2.38116	2.63564	2.04715
0.881429	-1.76401	2.5248	0.0301955
1.31595	-1.01357	1.63145	0.148397
1.71993	-0.45494	0.942699	0.647625
1.86382	-2.99453	0.696886	4.08513
0.752298	-0.790522	2.32464	4.45542
1.40122	-0.0991791	2.3867	4.52439
1.56729	0.0299451	1.62453	4.9985
1.70459	3.12458	2.30509	3.63478
0.933771	0.118	2.11622	1.54931
0.854115	-2.31389	2.23845	0.631676
1.16137	2.21675	0.416455	1.8737
1.67676	-2.53868	1.16898	4.28429
1.77384	2.7117	3.07617	5.24083
0.894868	2.83562	2.44515	2.58508
1.42817	1.88884	2.55308	1.50634
0.810612	-2.20077	1.40458	4.1479
1.50806	1.26492	1.1238	2.76909
1.66015	0.300969	1.57391	5.03425
1.72752	-2.71486	2.15844	1.58984
1.4448	0.00200922	2.8401	2.02619
1.51543	-1.32812	3.01334	1.44429
1.67749	0.808638	0.103104	6.22118
0.299384	-2.09916	2.19229	0.749188
1.93132	2.39725	0.880834	6.22784
1.38172	0.804671	1.12449	3.59457
1.45918	-0.60637	1.36402	3.92846
1.33325	-0.42106	2.10195	5.92358
1.72932	-2.99676	1.80712	2.23084
1.43162	1.80567	0.88539	0.267698
1.71009	-3.00172	3.13161	2.59774
1.67449	1.05481	1.56989	2.71861
1.26321	1.91964	2.73969	0.224571
1.31564	2.41661	2.22814	2.53253
1.70735	2.93917	0.0986834	4.99376
2.59636	2.68561	1.5167	5.01771
1.75384	3.06891	1.32263	3.05315
1.21618	2.64094	1.51512	0.520011
1.59349	-0.540627	0.491766	3.73432
1.61882	-1.15096	1.98702	5.55165
1.7717	-1.72386	0.26557	1.54118
1.47177	-2.95707	0.476414	1.46182
1.43306	2.72605	2.36286	3.73299
1.81987	2.65839	2.86738	4.97005
1.50579	-2.20219	1.01054	5.14991
2.03364	-0.826853	2.13002	5.76931
1.21721	1.37225	2.25295	3.93387
1.48652	-3.14057	1.81657	1.36276
1.69012	1.34589	0.286791	3.58279
1.17822	-2.86079	1.01278	6.2381
0.773823	2.83233	0.252935	2.84358
1.8161	0.255992	2.23816	6.08656
1.27725	0.484892	3.00464	1.07854
1.24319	-1.51175	2.02933	0.931335
1.40818	-0.249627	1.12389	5.09993
2.04606	-1.39193	2.25647	3.38161
1.51787	1.57759	1.75592	1.75015
1.06319	0.423266	1.14345	4.13394
2.33325	-2.59231	2.06262	1.03729
1.11913	0.891662	1.16646	1.5278
2.28896	1.14056	1.53118	0.507926
1.28334	0.683596	2.80478	2.27424
1.91352	2.03046	2.18931	5.531
1.98569	-2.03854	2.83267	5.75362
0.774222	-2.38893	1.60358	1.38281
1.23718	-1.58865	0.0737499	4.53117
0.757576	-2.33473	1.09207	4.40203
0.898283	2.68647	3.12158	4.45694
1.71014	0.511667	1.95764	3.88401
1.56378	2.33624	0.849274	0.723447
2.28785	1.42979	0.408472	2.70137
2.6594	1.93015	1.59389	6.03078
1.78797	2.01507	2.40296	2.15223
0.853191	-0.38706	1.40419	0.996644
1.57306	-0.0713751	2.9509	1.04532
1.22404	2.86466	1.05367	4.92366
0.761457	-0.710914	1.67812	4.36601
1.90868	1.29794	1.12336	3.69565
0.720583	-1.57689	1.38153	5.61202
1.92231	1.38286	1.04937	2.71224
1.68532	-0.64097	1.62236	5.70454
1.49368	1.84959	2.75102	1.89109
1.73233	-2.40116	0.051064	3.73718
2.62385	-1.60486	1.20731	1.57897
1.75457	-1.92797	0.898206	0.344142
1.3947	0.121097	1.88736	1.10283
1.69657	-2.1475	2.05512	5.93792
0.676274	-2.40419	0.906392	0.344463
1.92697	-3.07017	2.90006	0.92066
1.82435	-2.49885	0.905391	5.48708
0.757877	1.82583	0.991892	1.15
1.31695	2.59451	3.08821	2.49958
2.26953	-0.622231	0.4786	3.83442
1.35441	-0.25408	2.69813	2.80499
1.40071	1.3821	1.10137	6.23426
1.70742	0.931174	1.91781	3.2941
1.61375	1.95224	0.500146	4.82232
2.01894	0.957585	2.52268	5.21939
1.8001	1.03811	0.998436	4.07201
2.10096	-2.79794	1.58079	4.48262
1.89362	2.37388	3.12343	2.21775
1.99278	0.0611533	2.39563	2.65116
1.5159	2.62479	1.95927	2.76439
1.31882	2.3973	3.13176	5.5974
2.15881	1.35277	3.00815	5.47271
2.12349	0.79952	1.76303	2.07684
1.972	-0.11304	0.374435	3.9978
1.44531	-2.40755	2.30505	2.69954
1.46719	-0.128282	2.16591	4.18406
1.25198	2.82994	0.25248	1.2615
1.66367	1.1185	1.20322	4.89382
1.43845	-1.45476	1.49712	1.07099
2.17946	1.23361	1.14807	6.03027
1.71043	-0.411312	2.8578	0.0609003
1.26814	-0.0201555	0.0174595	1.89661
1.68031	1.74043	1.28856	0.0718746
0.939156	-2.15175	3.05395	0.477389
1.12865	-0.39827	2.73872	4.88635
0.977902	-2.1941	0.65848	5.0739
1.20752	-1.8031	1.77834	1.4227
1.65875	0.0232767	0.686545	0.453837
1.04008	2.37845	0.348747	4.36873
0.984078	1.48017	0.173268	2.06218
1.23477	2.31394	2.86907	5.7676
1.79645	-0.00225518	2.89534	5.50881
1.5665	-1.70449	2.90421	1.9526
1.6715	2.99339	2.09996	1.97959
1.80697	-2.21836	2.71164	3.10926
1.62571	3.04824	1.73649	6.12592
0.969452	-0.477926	2.99038	4.6046
0.608803	-1.0458	0.23729	2.28895
1.65769	2.71118	1.9315	2.19032
1.63647	-2.90968	2.67756	1.65608
1.46564	-0.640704	1.11238	5.95169
1.10083	-1.35581	2.45023	2.19438
1.22615	-1.95738	2.71211	3.58
2.19009	2.36568	0.845891	5.11705
1.45058	2.66673	0.0250035	5.07241
1.60954	-2.64201	2.6618	4.87335
1.75363	-0.0668854	1.311	0.663119
1.07195	-2.78191	2.06383	5.20706
1.84916	2.4344	2.50163	0.713314
1.99565	2.40805	2.22947	0.842091
1.92878	-0.931037	1.63857	6.02232
2.22848	1.73886	1.666	4.70551
0.960295	2.1234	2.66253	2.20322
0.871582	0.896128	1.71403	1.36688
1.12843	-1.42682	1.28085	2.68512
1.3682	1.29682	3.03047	4.94919
1.30348	-2.88197	0.627444	2.23781
2.14509	-0.915413	1.68416	4.8753
1.9255	3.09519	0.572655	6.16676
1.03958	0.699272	2.21667	4.45168
2.27294	-2.64209	1.03451	4.47596
0.562942	-0.0710874	1.84915	0.324465
1.41459	-2.49399	0.479568	2.93929
1.16201	1.11851	2.35186	0.319018
1.41154	2.06937	0.946571	3.17541
0.83775	-2.52343	2.17271	1.45676
1.85074	-2.77265	2.62983	2.77318
1.49395	0.188994	2.20306	5.54526
1.55845	1.47068	2.85175	5.94614
1.54286	0.763737	2.03335	1.65767
1.44782	2.41885	0.996778	2.89929
2.47222	0.54864	1.55293	3.40126
1.63211	1.44073	1.67017	2.3391
1.48508	0.445662	2.20387	2.11351
1.34002	-2.15557	2.72991	6.00399
1.01937	0.78917	0.230927	4.90624
1.49499	-3.06572	1.25292	0.135477
1.27519	-2.80095	0.823985	4.58808
2.07663	0.0616557	0.0746835	3.71619
2.32355	-1.11855	0.643695	0.0375151
1.04715	-1.64933	0.509032	1.14488
1.05734	-1.01451	1.92572	4.77542
0.979064	-0.423285	0.688133	3.61039
2.26363	-0.0588064	1.80256	4.455
2.5617	1.42542	1.34973	2.67663
1.1925	-0.494922	1.05933	2.78926
2.09029	-1.00608	1.72238	2.29304
1.27009	-2.1459	1.73737	2.83905
2.45661	-0.558527	1.61382	1.3026
2.34743	-2.13892	1.48755	3.92509
1.0634	3.09532	3.02583	3.23586
0.844562	-0.0270997	1.85293	0.918691
1.72255	-2.16987	0.146648	3.59954
1.63457	-2.27608	1.16787	5.33244
0.938774	2.50822	1.2931	5.44244
1.63903	1.7612	2.96952	0.48844
1.07143	-1.07579	2.52289	2.30174
1.51853	-2.66132	0.682275	3.65121
1.60277	-1.70348	0.859068	6.087
1.4463	-0.865205	1.8203	5.75393
0.470023	-2.24008	1.15833	3.6066
1.76479	2.86588	2.6746	4.65675
1.11534	1.96767	1.15242	1.18567
1.67898	0.270124	2.69372	4.57906
2.01082	-1.13297	0.581125	2.00135
1.68436	1.58999	2.77455	5.5609
1.40213	-2.97484	0.255902	3.51596
1.17947	-2.87619	0.542952	2.32089
1.18156	-2.93345	1.6243	3.55139
1.34924	-2.44492	1.91502	6.2488
1.31163	0.675703	0.393297	0.922643
0.416211	-1.78285	0.522473	1.342
1.35641	-1.9576	1.00898	3.73776
2.22961	0.503585	2.62745	0.615023
2.02313	0.0952693	1.90587	3.83083
2.54634	0.400445	2.14402	0.347999
1.8008	2.19212	1.75721	0.938322
1.71321	-1.85809	1.56354	3.10081
1.70949	2.50638	0.820404	2.60341
0.695397	1.58249	1.62456	4.41982
1.97162	-2.75043	2.80177	4.24513
2.39074	-2.58301	0.0285662	4.79271
1.0317	0.814782	0.926875	3.03003
1.85463	1.75443	1.45612	4.64205
2.05125	-1.95461	0.705965	5.33838
0.962179	1.65841	3.06827	5.12123
2.09931	2.10829	2.77606	5.36929
1.30279	2.73994	1.13799	2.88162
0.978363	2.01694	1.55381	2.96408
1.81148	2.95687	0.975455	6.07526
2.32299	-0.0808614	1.03647	0.711852
1.66997	-2.82901	1.97253	1.79638
0.957696	2.62246	0.0692346	3.10666
1.59852	2.17254	2.20035	4.97489
1.95897	1.63112	1.55807	5.19845
1.47926	0.112051	2.91255	1.50344
1.39691	0.447343	2.72783	3.04977
1.58438	0.065374	1.88305	3.20719
1.5955	2.921	1.39407	3.48168
1.95739	-3.1213	2.79614	0.51705
1.40456	0.154179	2.3034	2.30786
1.45685	-0.319384	0.135587	2.33839
0.700667	3.10312	0.626634	5.62637
1.52986	1.44152	0.784353	5.58232
1.56816	-2.39192	2.54881	5.77734
2.209	-1.4202	0.675372	4.73599
1.27947	-0.61068	1.0391	2.48764
1.84198	-2.76386	2.31234	2.48468
1.32227	0.643904	2.79015	0.105314
1.92047	1.73202	0.467358	1.8645
1.14043	3.08535	1.77518	0.165547
1.26599	-2.26614	0.998372	5.62619
1.986	-3.10394	0.723976	5.11094
1.14881	3.09288	0.938956	0.701798
2.40346	-0.695092	2.15495	3.87683
1.83341	-2.12452	2.21683	0.722535
1.24584	2.51247	2.94511	1.19751
2.24142	0.589451	0.543059	2.02635
1.25589	-1.09977	1.76153	3.16499
0.78705	2.99934	0.287925	4.20003
2.05758	-1.27759	1.87024	2.81528
1.79631	0.223918	2.0124	5.07011
1.45467	-1.2181	0.207992	4.76391
2.04671	-2.28935	0.711782	2.25687
0.809853	-2.91509	3.10311	3.54285
1.27398	0.543235	0.628027	3.18349
0.766553	-2.64584	0.244577	5.04665
0.856839	1.69491	1.57151	1.70928
1.42543	1.82558	2.28633	4.06475
1.31344	-2.43687	0.667161	2.8095
2.04565	1.67632	2.82023	2.87584
1.20333	-1.4067	0.295632	0.0547293
1.1185	-0.345228	1.49892	0.377994
1.44322	-2.21161	2.73556	2.86504
1.66532	0.140734	0.632433	0.466641
1.31632	1.04011	1.05486	5.36042
1.77264	1.21095	0.828254	4.34007
1.04094	2.28141	0.210975	3.88451
1.16943	3.01251	0.849172	2.81322
1.59032	-0.435572	2.75509	3.07202
1.66818	-2.579	1.87735	4.10482
1.54854	0.371279	0.338129	4.65369
1.73515	-3.12186	0.0239586	4.30358
1.56741	-2.20044	0.503867	2.88379
1.00488	-2.61794	0.906495	3.66132
1.00141	1.21311	1.32487	1.58896
1.85354	0.942501	0.614081	5.02213
1.76075	-0.732375	2.10149	1.72294
2.16356	1.00756	2.1161	3.58255
1.36415	2.59601	1.82873	0.383446
2.02093	-2.01566	1.90397	0.537947
2.58325	0.953063	2.62416	5.1114
1.76394	-0.37164	2.16399	2.44532
1.34805	2.57836	2.90753	6.21766
1.49709	-1.64477	0.415376	3.1501
1.48233	-2.79871	2.83966	0.930409
1.5101	0.383701	0.248661	1.62373
1.63591	1.03376	1.70951	0.183557
1.65951	-0.249638	0.847131	4.79181
1.5606	-2.11639	2.41411	3.56285
1.8945	1.94187	2.62473	4.20766
0.580608	-1.08284	2.36097	1.77108
1.69053	2.39621	2.37773	0.450288
2.31617	0.572209	1.48013	5.04026
1.74026	-2.51609	0.430189	5.68956
1.30837	-0.736287	0.985111	5.42606
2.38664	2.51849	3.01339	4.6081
1.23196	-0.739256	2.44762	0.964553
0.749616	-2.44194	0.812985	1.11026
1.14803	-2.81593	0.980436	2.84198
1.81756	-1.07241	0.273182	4.39975
1.41701	-1.27546	3.03238	5.05455
2.02642	-1.8538	2.87841	4.17603
0.301921	-0.783911	2.54183	1.27136
1.54722	-1.91195	2.1525	5.06411
1.56084	2.44962	0.994643	4.14024
1.1245	-2.58061	1.88339	3.53219
1.0997	0.221785	0.338919	1.07336
1.53532	-2.17992	2.85093	1.81696
2.18476	-0.748045	1.49765	3.5839
1.8866	-0.666303	1.63328	2.61434
0.95847	-2.8489	2.35669	1.22345
0.905072	-2.07419	0.798424	0.0580744
1.67447	-2.90642	2.78724	2.20752
1.53519	0.530953	1.38607	3.98203
1.49212	-2.85678	2.73931	3.97235
0.986625	-2.46174	1.20814	4.79338
2.39818	-2.76596	2.16676	4.9434
2.12381	-1.92257	0.435913	3.9552
1.54534	-1.88019	0.0478741	3.62159
1.67462	-0.830105	0.751096	1.03511
1.16006	2.18474	2.9616	2.83716
0.844574	-0.796642	2.5853	4.33272
1.71734	-2.03837	0.509796	2.08733
2.11218	1.13209	1.0498	0.441796
1.27576	-1.69385	0.524884	4.65834
1.49316	-2.83268	2.1534	1.47053
0.45804	1.54433	2.15687	1.3749
2.60524	2.08487	1.53488	2.31683
1.88216	2.86128	2.57773	6.0075
1.41356	-0.970373	0.0618486	4.32339
1.59045	2.16875	2.19302	4.35718
0.920174	-2.4121	1.68684	4.03656
1.6978	1.62141	2.3901	5.63707
1.63877	-0.907311	0.279888	2.13451
1.50049	-2.98601	0.132061	4.7845
1.23874	-1.41322	0.563614	3.10865
2.57117	-0.401778	0.326416	4.59695
0.814692	2.33694	1.83228	5.80872
1.50252	0.522101	0.0624804	5.08165
0.990215	0.355345	3.07519	2.99923
1.95264	3.03198	1.29739	5.6877
1.73083	0.622005	0.359032	1.60641
0.907206	2.80788	2.87128	4.52517
1.16396	-0.794821	0.574074	3.14905
1.00749	2.47555	3.04508	2.21222
0.748911	-0.320956	0.762842	2.58283
0.986434	-2.79278	0.175105	0.436847
0.694104	1.19951	2.31516	4.01504
0.925609	1.33016	1.96929	2.98108
1.79189	1.85224	1.54695	3.83756
1.59869	-1.36607	1.48849	1.59171
1.41615	1.50514	0.574479	2.3802
0.993202	0.490964	0.861228	5.48852
0.402588	-1.10909	2.38398	1.34386
1.69069	-0.444154	2.42084	0.924876
1.44936	-1.21073	2.11604	2.03909
1.78887	2.46884	1.68997	0.718116
1.40488	-0.811476	2.63018	0.725216
1.40586	0.631995	2.63379	2.33696
2.3511	-2.97087	1.10757	2.71047
1.97612	1.26625	1.12078	3.18476
1.39756	2.61366	0.467923	5.83278
1.839	-0.542671	0.582744	1.41961
2.03356	0.442914	0.514222	0.484952
1.60205	0.121148	2.3557	3.22198
1.27167	-2.38113	2.76696	2.19034
0.97431	-2.77335	1.45167	1.18334
1.53705	2.61877	1.49385	2.37498
1.38259	1.10949	0.38079	0.505159
0.950454	2.92645	1.56933	0.0972023
1.20056	1.11888	1.02203	0.831002
1.40911	1.56388	0.467701	2.5536
0.94762	2.19329	2.9374	3.24611
1.90984	-1.40278	2.64822	2.79104
1.50211	-2.65736	1.38993	0.0686336
1.07357	-0.685071	0.470873	0.671767
1.57889	-0.77839	2.4692	5.60004
1.50733	1.2681	1.45674	1.67461
2.04867	-0.799941	1.84252	5.49372
0.781399	-1.18604	1.38971	5.27581
2.59651	1.42613	0.573517	0.600184
1.55695	-1.49378	0.0558113	4.41229
1.43535	-3.06913	1.24949	2.50522
2.1405	-0.0583986	2.94472	1.78452
1.82061	1.35154	2.92451	5.97907
2.13929	3.02156	1.54396	4.05128
1.63081	0.220368	3.01102	2.5721
1.84468	-2.93398	1.82029	5.62661
0.940994	-1.08672	0.453131	0.292461
2.22972	-1.29443	0.615487	0.0151252
1.1177	1.5915	1.72708	2.57547
1.38905	-0.457983	2.39322	2.2723
1.57764	-1.06754	0.661255	1.25694
0.579683	-2.97584	3.11229	0.228064
1.39734	-1.38362	2.52681	6.06526
2.74618	-1.74171	0.985662	2.16839
2.04143	1.98562	2.02749	5.0259
2.11912	-1.17005	1.78062	2.14459
1.10097	0.521076	0.216002	4.51784
1.81971	-2.99031	0.539483	5.07249
0.913364	-1.12326	0.0744147	1.29233
1.94039	-0.219727	0.85111	4.77349
1.35896	-0.20272	0.408508	3.62384
1.19739	0.451904	2.87484	0.563786
2.35839	1.41431	2.25268	0.458327
1.6666	1.95914	3.11852	2.70024
0.935192	-3.00916	0.0555026	2.88627
1.93112	0.979009	2.54634	1.49864
1.46612	-1.74695	2.57627	2.60694
1.09	-2.33766	1.82043	6.24883
2.52515	1.01039	2.91744	5.65824
1.70208	0.603976	2.1334	4.71164
1.05564	-0.913558	2.99128	2.41653
2.12752	3.12018	2.15796	5.44528
1.44744	-0.75922	1.96882	0.916053
1.06994	-1.25569	0.34721	1.33116
1.2169	-2.7404	1.17652	4.21116
1.90413	2.47485	0.599875	0.472721
1.91994	2.22152	0.0759319	0.255076
1.8854	-2.08478	2.06415	3.61908
1.01066	-0.938636	2.43778	6.1278
1.55301	-2.88716	0.863775	4.68994
2.48636	-0.702896	0.76875	5.90425
1.62891	3.12156	1.28548	3.90805
1.94137	-1.18238	1.50441	2.35974
1.22799	-0.0702599	0.260493	1.38823
1.15858	-0.857011	2.95536	0.00652971
1.43705	0.295156	3.10747	1.72381
1.62611	-1.15467	1.8526	4.7183
2.25805	-1.4882	2.08459	1.84825
1.54398	0.464194	0.30806	4.86715
1.66056	1.88668	1.57492	0.458491
