-0.08163	0.280906	-0.279052
0.364515	-0.609365	-0.727076
0.256762	-0.562597	-1.6444
-0.0776861	-0.151169	-2.27518
-0.22239	0.827058	-2.42151
-0.607956	1.72355	-2.8166
-1.25195	1.5245	-1.8612
-1.85343	0.782409	-1.23153
-1.87314	0.671204	-1.05708
-2.44847	0.494499	-0.101151
-1.96422	-0.11821	-0.721216
-1.81965	0.200406	-0.308033
-2.6133	0.80711	-1.10249
-3.11161	0.547534	-0.215607
-3.18531	-0.424677	-0.140017
-3.50093	0.29309	-0.542547
-3.12895	0.1601	-1.48418
-3.41031	0.94092	-1.82318
-2.72538	1.21178	-0.893248
-2.53198	0.583103	-1.18727
-2.22343	1.33604	-0.808076
-2.53392	0.455638	-0.47548
-2.64341	0.26947	0.0314671
-2.36174	-0.672331	-0.255073
-2.98021	-1.03613	0.606867
-2.96784	-0.090145	0.619937
-3.25238	-0.938632	0.937885
-3.16797	-1.64834	0.819779
-3.01359	-1.11338	1.09706
-3.74759	-0.753745	0.199059
-3.55334	-0.135822	0.498946
-4.01267	0.290219	-0.234232
-4.1683	0.912317	-0.476915
-4.36874	1.3939	-0.861166
-4.15553	1.19839	-1.5982
-3.43052	1.57711	-0.711848
-3.12926	1.02157	-1.18856
-3.28282	1.89999	-1.36077
-2.54868	1.32254	-2.14676
-2.79779	1.09632	-1.40646
-2.49908	2.04917	-1.10733
-2.89538	2.88762	-1.53466
-2.41638	2.10503	-2.05671
-2.27666	1.47366	-2.27278
-1.59836	0.959686	-3.06981
-0.776395	0.409022	-3.9006
0.126938	0.829574	-2.99403
-0.231321	0.552977	-2.20249
-0.0339811	0.713442	-1.42662
-0.0356881	0.714773	-2.21532
-0.674901	1.02449	-3.11525
-0.964111	0.0783968	-2.82291
-1.58986	-0.46579	-2.06834
-1.55097	-0.531493	-2.57766
-1.63081	-0.0741839	-2.74964
-1.4303	0.726487	-2.50671
-2.25275	0.378381	-1.5858
-2.32356	1.11404	-1.68161
-2.8357	0.261336	-1.16674
-2.83029	0.164477	-1.22245
-2.3333	-0.702989	-1.71957
-2.34228	-1.21158	-1.70191
-2.33789	-1.46318	-1.71935
-2.66834	-2.32271	-1.3605
-2.90968	-2.54592	-0.626364
-2.90576	-2.5388	-0.144073
-2.47846	-2.9568	-0.858915
-3.27934	-2.37792	-1.66937
-3.15007	-3.05529	-1.85683
-2.45676	-3.16841	-2.84378
-1.98596	-2.42714	-2.30764
-1.94882	-2.84714	-2.39572
-1.96806	-3.07832	-2.3128
-2.06272	-3.46271	-2.07368
-1.54079	-2.86424	-1.41642
-1.42547	-3.38605	-1.63221
-1.98853	-2.97607	-2.44061
-1.62037	-3.38874	-3.10633
-1.66512	-2.43046	-3.15298
-2.01764	-3.26904	-2.76545
-1.67864	-3.93113	-3.2212
-1.28414	-3.47387	-2.56798
-1.42268	-2.92828	-2.81409
-1.90013	-2.15452	-3.33922
-1.8994	-2.16237	-3.43262
-2.0304	-2.91061	-3.26016
-1.96104	-3.76411	-3.34116
-1.86805	-3.14472	-3.19269
-2.23207	-2.26471	-3.57494
-2.1762	-2.44951	-3.86435
-2.10572	-1.50475	-3.78996
-2.09761	-1.47582	-3.51982
-1.90659	-2.30787	-3.74357
-2.00557	-1.69187	-3.90222
-1.81886	-1.52681	-3.153
-2.23612	-2.29088	-2.67371
-2.2497	-1.51543	-2.69122
-1.98449	-1.63399	-3.60415
-1.7889	-1.03504	-3.29373
-2.26605	-1.85627	-2.79135
-0.08163	0.280906	-0.279052
0.364515	-0.609365	-0.727076
0.256762	-0.562597	-1.6444
-0.0776861	-0.151169	-2.27518
-0.22239	0.827058	-2.42151
-0.607956	1.72355	-2.8166
-1.25195	1.5245	-1.8612
-1.85343	0.782409	-1.23153
-1.87314	0.671204	-1.05708
-2.44847	0.494499	-0.101151
-1.96422	-0.11821	-0.721216
-1.81965	0.200406	-0.308033
-2.6133	0.80711	-1.10249
-3.11161	0.547534	-0.215607
-3.18531	-0.424677	-0.140017
-3.50093	0.29309	-0.542547
-3.12895	0.1601	-1.48418
-3.41031	0.94092	-1.82318
-2.72538	1.21178	-0.893248
-2.53198	0.583103	-1.18727
-2.22343	1.33604	-0.808076
-2.53392	0.455638	-0.47548
-2.64341	0.26947	0.0314671
-2.36174	-0.672331	-0.255073
-2.98021	-1.03613	0.606867
-2.96784	-0.090145	0.619937
-3.25238	-0.938632	0.937885
-3.16797	-1.64834	0.819779
-3.01359	-1.11338	1.09706
-3.74759	-0.753745	0.199059
-3.55334	-0.135822	0.498946
-4.01267	0.290219	-0.234232
-4.1683	0.912317	-0.476915
-4.36874	1.3939	-0.861166
-4.15553	1.19839	-1.5982
-3.43052	1.57711	-0.711848
-3.12926	1.02157	-1.18856
-3.28282	1.89999	-1.36077
-2.54868	1.32254	-2.14676
-2.79779	1.09632	-1.40646
-2.49908	2.04917	-1.10733
-2.89538	2.88762	-1.53466
-2.41638	2.10503	-2.05671
-2.27666	1.47366	-2.27278
-1.59836	0.959686	-3.06981
-0.776395	0.409022	-3.9006
0.126938	0.829574	-2.99403
-0.231321	0.552977	-2.20249
-0.0339811	0.713442	-1.42662
-0.0356881	0.714773	-2.21532
-0.674901	1.02449	-3.11525
-0.964111	0.0783968	-2.82291
-1.58986	-0.46579	-2.06834
-1.55097	-0.531493	-2.57766
-1.63081	-0.0741839	-2.74964
-1.4303	0.726487	-2.50671
-2.25275	0.378381	-1.5858
-2.32356	1.11404	-1.68161
-2.8357	0.261336	-1.16674
-2.83029	0.164477	-1.22245
-2.3333	-0.702989	-1.71957
-2.34228	-1.21158	-1.70191
-2.33789	-1.46318	-1.71935
-2.66834	-2.32271	-1.3605
-2.90968	-2.54592	-0.626364
-2.90576	-2.5388	-0.144073
-2.47846	-2.9568	-0.858915
-3.27934	-2.37792	-1.66937
-3.15007	-3.05529	-1.85683
-2.45676	-3.16841	-2.84378
-1.98596	-2.42714	-2.30764
-1.94882	-2.84714	-2.39572
-1.96806	-3.07832	-2.3128
-2.06272	-3.46271	-2.07368
-1.54079	-2.86424	-1.41642
-1.42547	-3.38605	-1.63221
-1.98853	-2.97607	-2.44061
-1.62037	-3.38874	-3.10633
-1.66512	-2.43046	-3.15298
-2.01764	-3.26904	-2.76545
-1.67864	-3.93113	-3.2212
-1.28414	-3.47387	-2.56798
-1.42268	-2.92828	-2.81409
-1.90013	-2.15452	-3.33922
-1.8994	-2.16237	-3.43262
-2.0304	-2.91061	-3.26016
-1.96104	-3.76411	-3.34116
-1.86805	-3.14472	-3.19269
-2.23207	-2.26471	-3.57494
-2.1762	-2.44951	-3.86435
-2.10572	-1.50475	-3.78996
-2.09761	-1.47582	-3.51982
-1.90659	-2.30787	-3.74357
-2.00557	-1.69187	-3.90222
-1.81886	-1.52681	-3.153
-2.23612	-2.29088	-2.67371
-2.2497	-1.51543	-2.69122
-1.98449	-1.63399	-3.60415
-1.7889	-1.03504	-3.29373
-2.26605	-1.85627	-2.79135
0	0	0
-0.08163	0.280906	-0.279052
0.364515	-0.609365	-0.727076
0.256762	-0.562597	-1.6444
-0.0776861	-0.151169	-2.27518
-0.22239	0.827058	-2.42151
-0.607956	1.72355	-2.8166
-1.25195	1.5245	-1.8612
-1.85343	0.782409	-1.23153
-1.87314	0.671204	-1.05708
-2.44847	0.494499	-0.101151
-1.96422	-0.11821	-0.721216
-1.81965	0.200406	-0.308033
-2.6133	0.80711	-1.10249
-3.11161	0.547534	-0.215607
-3.18531	-0.424677	-0.140017
-3.50093	0.29309	-0.542547
-3.12895	0.1601	-1.48418
-3.41031	0.94092	-1.82318
-2.72538	1.21178	-0.893248
-2.53198	0.583103	-1.18727
-2.22343	1.33604	-0.808076
-2.53392	0.455638	-0.47548
-2.64341	0.26947	0.0314671
-2.36174	-0.672331	-0.255073
-2.98021	-1.03613	0.606867
-2.96784	-0.090145	0.619937
-3.25238	-0.938632	0.937885
-3.16797	-1.64834	0.819779
-3.01359	-1.11338	1.09706
-3.74759	-0.753745	0.199059
-3.55334	-0.135822	0.498946
-4.01267	0.290219	-0.234232
-4.1683	0.912317	-0.476915
-4.36874	1.3939	-0.861166
-4.15553	1.19839	-1.5982
-3.43052	1.57711	-0.711848
-3.12926	1.02157	-1.18856
-3.28282	1.89999	-1.36077
-2.54868	1.32254	-2.14676
-2.79779	1.09632	-1.40646
-2.49908	2.04917	-1.10733
-2.89538	2.88762	-1.53466
-2.41638	2.10503	-2.05671
-2.27666	1.47366	-2.27278
-1.59836	0.959686	-3.06981
-0.776395	0.409022	-3.9006
0.126938	0.829574	-2.99403
-0.231321	0.552977	-2.20249
-0.0339811	0.713442	-1.42662
-0.0356881	0.714773	-2.21532
-0.674901	1.02449	-3.11525
-0.964111	0.0783968	-2.82291
-1.58986	-0.46579	-2.06834
-1.55097	-0.531493	-2.57766
-1.63081	-0.0741839	-2.74964
-1.4303	0.726487	-2.50671
-2.25275	0.378381	-1.5858
-2.32356	1.11404	-1.68161
-2.8357	0.261336	-1.16674
-2.83029	0.164477	-1.22245
-2.3333	-0.702989	-1.71957
-2.34228	-1.21158	-1.70191
-2.33789	-1.46318	-1.71935
-2.66834	-2.32271	-1.3605
-2.90968	-2.54592	-0.626364
-2.90576	-2.5388	-0.144073
-2.47846	-2.9568	-0.858915
-3.27934	-2.37792	-1.66937
-3.15007	-3.05529	-1.85683
-2.45676	-3.16841	-2.84378
-1.98596	-2.42714	-2.30764
-1.94882	-2.84714	-2.39572
-1.96806	-3.07832	-2.3128
-2.06272	-3.46271	-2.07368
-1.54079	-2.86424	-1.41642
-1.42547	-3.38605	-1.63221
-1.98853	-2.97607	-2.44061
-1.62037	-3.38874	-3.10633
-1.66512	-2.43046	-3.15298
-2.01764	-3.26904	-2.76545
-1.67864	-3.93113	-3.2212
-1.28414	-3.47387	-2.56798
-1.42268	-2.92828	-2.81409
-1.90013	-2.15452	-3.33922
-1.8994	-2.16237	-3.43262
-2.0304	-2.91061	-3.26016
-1.96104	-3.76411	-3.34116
-1.86805	-3.14472	-3.19269
-2.23207	-2.26471	-3.57494
-2.1762	-2.44951	-3.86435
-2.10572	-1.50475	-3.78996
-2.09761	-1.47582	-3.51982
-1.90659	-2.30787	-3.74357
-2.00557	-1.69187	-3.90222
-1.81886	-1.52681	-3.153
-2.23612	-2.29088	-2.67371
-2.2497	-1.51543	-2.69122
-1.98449	-1.63399	-3.60415
-1.7889	-1.03504	-3.29373
0	0	0
-0.540333	-0.48755	0.742439
-0.3088	0.327318	1.01576
-0.617074	1.1698	0.672128
-0.541228	1.8549	0.782165
-0.470076	2.57832	0.880047
-0.364185	2.78015	1.34465
-0.60494	1.96101	1.62663
-0.597986	1.9274	1.424
-1.09413	2.72343	0.895059
-1.1258	2.5965	1.13712
-1.21805	1.6301	1.23214
-0.507278	1.66562	2.2309
-0.111411	2.57874	2.62866
-0.161272	1.8764	2.69947
0.0695596	1.47364	2.20222
-0.726348	1.12105	3.11652
-0.218646	1.6099	3.83688
-0.212104	2.48229	3.84438
0.180239	3.27428	4.28828
0.483015	2.48672	3.92944
0.743815	1.5393	3.66404
0.833675	0.647605	3.56377
0.1042	0.327308	4.4794
-0.0465268	0.832989	4.19375
-0.585791	1.45409	3.53814
-1.07986	2.16324	2.96649
-0.309211	1.53124	2.19326
-0.241538	1.15485	2.0163
0.25079	0.372279	1.4838
0.717558	1.22628	1.9634
1.0283	0.541884	1.54998
1.18997	1.50493	1.71553
1.15391	2.10944	1.656
1.50404	2.8977	2.06193
1.69484	3.5098	2.35952
1.66586	3.57033	1.92773
1.6343	4.39792	1.88962
1.15226	5.20102	1.37498
1.08221	5.39104	1.02909
0.627579	4.50054	1.48379
0.656198	3.50117	1.45516
0.705215	2.50537	1.406
0.637657	3.21069	1.31065
0.956078	2.92568	0.565539
1.17783	3.34394	1.03396
1.15473	2.58689	1.06446
0.627692	3.43467	0.536495
0.589349	3.37886	1.10276
1.062	2.91554	0.388641
0.230642	3.46598	-0.445165
-0.0711523	3.00248	0.100484
-0.772406	3.5614	-0.681515
-1.31534	4.11969	-1.37869
-1.98854	3.4103	-0.690336
-1.94614	4.38581	-0.646913
-2.05259	3.41525	-0.537886
-1.81093	2.45454	-0.781832
-2.06412	1.54027	-0.51494
-1.59861	2.4063	-0.0414782
-2.01949	1.56671	0.406654
-2.03228	1.16186	0.438242
-2.84831	0.822742	1.36168
-2.91723	1.72105	1.28518
-3.67803	2.32897	0.503946
-3.57207	3.31027	0.6113
-3.45099	4.01023	0.781755
-3.05967	3.20194	0.346002
-3.67019	2.7252	1.13417
-3.32145	1.91145	0.740263
-3.23844	2.87487	0.826103
-3.37403	3.21636	0.457073
-3.86326	2.35388	0.95046
-3.8371	1.44973	0.921534
-3.11793	1.90784	1.76495
-3.4547	0.997583	2.11195
-2.92897	0.546924	1.35271
-2.94185	1.34321	1.33654
-2.91442	0.734637	1.29152
-3.04358	1.15011	0.994669
-3.11268	0.173258	1.06523
-3.04501	-0.0734642	0.800715
-2.73946	0.433686	1.31678
-3.05054	-0.503743	1.63173
-2.78815	-1.29067	1.31541
-2.62212	-1.84309	1.02759
-2.61676	-1.86205	0.755517
-2.6272	-1.83176	0.429799
-3.12629	-1.3449	-0.286029
-3.23235	-0.539591	-0.416609
-3.02814	-0.817583	-1.00864
-2.64917	-1.72651	-1.39347
-3.28797	-1.00979	-2.05882
-3.34128	-0.410613	-2.14744
-3.45013	0.200428	-2.32282
-3.50428	0.304717	-2.78367
-3.44542	0.141647	-3.1232
-3.44036	0.123229	-3.38817
-3.48936	0.168917	-4.11958
-3.83112	-0.522917	-3.67669
0	0	0
-0.021069	-0.310509	0.0676974
-0.179423	-0.84733	0.350629
-0.36977	-1.29881	0.739121
-0.41843	-0.953229	0.59969
0.110468	-0.104668	1.12864
0.2132	0.0515327	1.67814
0.252538	1.04666	1.71764
0.167901	1.97267	1.62662
0.183276	1.16008	1.60771
0.0441725	0.38211	1.78372
-0.284385	1.16315	1.39596
-0.445834	0.242354	1.56867
-0.869261	1.07616	1.11588
-1.59469	1.74674	0.381557
-1.22239	0.896713	-0.0196338
-1.16389	1.10635	0.249152
-1.47049	0.835249	0.998284
-1.53213	0.634749	1.29217
-1.53957	0.716749	1.20185
-1.08547	1.60506	1.65702
-1.2238	2.07004	1.37186
-1.13746	2.87126	1.479
-0.209938	2.60527	0.517749
-0.605439	2.09924	1.13355
-0.663292	2.05683	1.94007
-0.807778	1.16746	2.10042
-0.771401	1.11437	1.53518
-0.728605	0.929688	1.30944
-0.560432	1.27431	1.74799
-0.565981	0.718545	1.75798
-1.05675	-0.0540987	2.29414
-1.26782	0.264829	1.74225
-1.33212	1.21052	1.67441
-1.23471	1.89864	1.81458
-1.27334	1.63547	1.95982
-1.46291	1.1843	2.34718
-1.92187	0.302148	2.80872
-2.51105	-0.310749	3.50175
-2.8787	0.33714	3.00822
-3.59838	-0.110031	3.85761
-3.69672	0.859316	3.75668
-3.27052	-0.00844034	3.31583
-2.42787	-0.544327	2.47201
-2.52182	-1.5082	2.56902
-2.26005	-2.17279	2.20255
-2.26453	-2.27531	2.24618
-2.18077	-2.46991	1.85085
-2.28762	-2.65047	2.36011
-2.5905	-1.72814	2.04811
-3.26621	-1.05068	1.34192
-3.62855	-1.67452	1.84417
-3.38803	-2.27291	1.47122
-3.47064	-3.14909	1.56508
-3.98201	-3.47524	2.40819
-3.88433	-4.01332	2.22959
-3.87894	-4.18418	2.19801
-3.43622	-3.32513	2.65612
-3.46596	-2.61128	2.61449
-3.30916	-3.59476	2.45704
-3.35435	-2.93841	2.38836
-3.47257	-2.12632	2.24431
-2.99954	-2.63639	1.56433
-3.61039	-3.32131	2.22992
-3.89438	-3.56492	2.98893
-3.78109	-4.38746	2.85248
-3.76447	-3.54314	2.87217
-4.09375	-2.69985	2.50844
-3.99528	-3.24252	2.32989
-3.79858	-3.68704	1.92524
-3.85203	-2.85858	1.86086
-3.25725	-3.58816	1.22899
-3.43544	-2.66403	1.03967
-3.39408	-2.09219	1.1118
-3.35494	-2.33714	0.954015
-3.41776	-3.04466	1.04245
-3.28536	-2.62824	1.34544
-3.28636	-2.82906	1.3504
-3.19773	-2.75837	2.13219
-2.81563	-3.25795	1.52467
-2.98704	-2.31977	1.34494
-3.14923	-2.02286	0.865542
-3.37161	-1.20222	0.603998
-2.77343	-0.676729	1.35528
-2.22214	-1.24502	0.658992
-2.40104	-0.878445	0.220411
-1.981	-1.66104	-0.252502
-2.48174	-2.52651	0.248295
-2.52327	-2.42888	-0.143177
-3.04149	-3.11657	0.458645
-3.31549	-2.67141	-0.0655263
-2.84522	-2.08974	0.563182
-2.53214	-3.01845	0.243723
-2.7897	-2.06934	-0.0181748
-3.00421	-1.25621	-0.273264
-3.12648	-1.04762	-0.778961
-3.0993	-1.20234	-0.952007
-3.02805	-1.72687	-1.08661
-2.93233	-0.783704	-0.985643
-2.63545	-1.31955	-1.47027
0	0	0
-0.0258204	0.995623	-0.0259252
-0.136756	1.88291	-0.149986
-0.10782	2.8823	-0.121046
-0.067208	3.79118	-0.0764065
0.0860801	3.17486	-0.317766
0.228329	2.75549	-0.638993
0.295557	3.24011	-0.501583
0.140811	2.32112	-0.335532
-0.311044	1.64351	0.219264
-0.414168	1.14608	0.422263
-0.479706	1.39262	0.165355
-0.602852	0.83581	0.381299
-0.451282	0.530531	-0.0634006
-0.433482	0.514799	-0.812702
-0.37127	1.33485	-0.737055
0.00541545	0.798785	-1.31199
-0.312474	0.0819348	-0.906612
-0.541944	-0.435373	-0.501131
-0.386908	-0.795714	-0.896351
-0.471453	-0.594575	-1.28384
-0.403724	-0.324329	-1.04074
-1.051	-0.592341	-0.116812
-1.19427	-1.47682	0.0430889
-1.13004	-2.20953	-0.0442347
-1.63409	-1.37108	-0.559464
-1.25287	-2.14024	-1.00354
-1.84391	-1.35287	-1.60387
-1.00512	-0.836865	-0.752126
-0.281198	-1.50873	-1.48509
-0.29527	-0.603478	-1.50063
0.041242	-1.15627	-2.02061
-0.322162	-0.531153	-2.5232
-0.531167	-1.49556	-2.3114
-0.773019	-2.37317	-2.04572
-0.781939	-1.83101	-2.06217
-1.2865	-2.53007	-1.47692
-1.30771	-2.33736	-1.58636
-0.944032	-2.87057	-2.14983
-1.30454	-3.76245	-1.77507
-1.48194	-4.13985	-1.34967
-1.27437	-5.11128	-1.55863
-1.99749	-4.58624	-2.36784
-1.86164	-4.86175	-2.8101
-1.64042	-5.80199	-3.03913
-1.63935	-5.69998	-3.02861
-2.19226	-6.29114	-2.34552
-2.25121	-6.3768	-1.77862
-2.8984	-5.81285	-2.53255
-2.76509	-6.37082	-2.76494
-2.69865	-6.56384	-3.09041
-2.27087	-5.77146	-2.61536
-2.50592	-6.60297	-2.34335
-2.32992	-5.97345	-2.07409
-2.11971	-5.36191	-1.74902
-1.93236	-5.96773	-2.04447
-1.90451	-6.13104	-2.21255
-1.80006	-5.16472	-2.10509
-1.70317	-4.54542	-1.95052
-2.02419	-5.4358	-1.61135
-2.02801	-5.41155	-1.76711
-1.84553	-4.5878	-1.55083
-1.18028	-3.97717	-0.814123
-1.27796	-4.55793	-0.648267
-1.27594	-4.53573	-0.557635
-0.809916	-3.90934	0.0392724
-0.712112	-3.39927	0.227585
-0.68522	-3.29288	0.472649
-1.07779	-2.71704	-0.0906446
-0.979596	-3.2424	-0.274372
-0.639934	-2.30229	0.0654282
-0.656008	-2.37623	0.277837
-0.642353	-1.47983	0.293068
-0.727625	-1.93691	0.476462
-0.730036	-1.90085	0.409738
-0.775347	-2.04486	0.709876
-0.495568	-1.26786	1.04866
-0.499206	-1.34514	1.09567
-0.125621	-2.26859	0.720646
-0.123169	-2.35888	0.693505
0.305594	-1.73471	1.25972
0.357909	-2.45233	1.18701
0.459593	-2.11332	1.47431
1.00827	-1.3166	2.04149
1.01666	-1.3987	1.93974
1.07691	-1.50818	1.45765
1.05855	-1.33564	1.35185
1.03597	-1.63756	1.42641
1.68731	-2.04153	0.576589
1.80721	-2.84497	0.428991
1.92902	-3.34179	0.190875
1.94192	-3.4284	0.0435232
1.7326	-2.49406	-0.175085
1.74457	-2.32829	-0.103063
1.60829	-3.24826	0.043477
1.5799	-3.13327	-0.196175
1.45065	-3.69465	0.0281934
1.84864	-3.13187	0.605592
1.81763	-3.27714	0.814381
1.76946	-4.0818	0.874137
0	0	0
0.160816	0.420055	0.357539
-0.192207	1.0026	-0.160724
-0.349625	1.43598	-0.502129
-0.0171274	0.972691	-1.08519
0.0785326	0.0627903	-1.18975
-0.598765	-0.658062	-0.505001
-0.982616	0.0923692	-0.960391
-1.32504	-0.841919	-0.616264
-1.02618	-0.13049	-0.228962
-0.890654	-0.54101	-0.542454
-0.646548	-0.409748	0.338287
-0.568976	-1.31017	0.252454
-0.60466	-1.9382	0.309182
-0.555243	-1.99364	-0.35625
-0.575557	-2.06072	-0.0664204
-1.34549	-2.62773	0.73879
-0.985373	-1.78455	1.13156
-0.763132	-1.54708	1.81486
-0.38791	-0.645952	2.19926
-0.467023	0.332614	2.11868
-0.202331	-0.11902	1.61305
-0.405686	0.534247	1.31582
-0.785692	-0.259732	1.74754
-1.30562	-1.00041	2.32208
-1.80588	-0.153964	1.81328
-1.83868	0.295885	1.74056
-2.29285	-0.0495354	2.5365
-2.39196	-0.256122	2.96904
-2.53826	-0.99684	3.1628
-2.24726	-0.0405918	3.45394
-2.26729	-0.115866	3.71113
-2.14637	0.0617262	4.27395
-2.29399	-0.797887	4.44321
-2.09663	-0.583298	5.12016
-2.31319	0.390286	4.90303
-2.53218	1.20734	4.64414
-2.246	0.266947	4.353
-2.64576	1.17571	3.95034
-2.97103	0.758792	4.56546
-2.95258	-0.241034	4.54701
-2.65444	0.27061	5.05048
-2.71745	0.866076	4.94524
-2.82811	1.61618	4.7993
-2.85162	1.63897	4.08129
-2.87012	1.90863	4.01285
-2.97981	2.05851	3.42227
-2.96953	1.57962	3.40082
-3.00281	0.763948	3.44158
-2.94096	1.25798	3.5658
-2.92551	1.30598	3.87222
-2.93219	0.431968	3.87987
-2.62565	1.03874	4.33079
-2.69653	0.202161	4.41521
-2.61812	0.921111	4.52362
-2.68652	1.58688	4.42142
-2.43163	1.03759	4.0005
-3.04002	1.80137	3.37746
-2.85328	1.0476	3.13699
-3.11771	0.118146	3.41063
-2.6374	-0.468849	2.77736
-2.99521	-1.1099	3.26474
-2.9874	-0.363963	3.27521
-3.01656	-0.108024	3.16199
-3.10637	-0.465053	3.40593
-3.00445	0.106616	3.58143
-2.9912	0.282666	3.65648
-3.27604	1.0199	3.29608
-3.36698	1.59907	3.14097
-3.32954	1.44185	2.90935
-3.71721	0.523451	3.29823
-3.7549	0.363078	3.52703
-3.72381	0.94609	3.58029
-3.59682	0.81873	2.87422
-3.90029	0.00551887	3.22384
-3.59598	-0.788294	2.86588
-3.63276	-0.0504245	2.8161
-3.62381	-0.0702214	2.40432
-3.97561	0.417081	1.81899
-4.27314	1.36469	1.51943
-4.269	1.33523	1.38025
-4.00557	1.23038	0.451153
-4.09586	2.07574	0.344951
-3.80369	1.32081	-0.0159842
-3.95752	1.59867	-0.500361
-3.43446	0.817425	-1.0567
-3.70458	-0.0711363	-0.765856
-3.77077	0.0570686	-1.22461
-3.56723	1.01791	-1.01738
-3.1277	1.89194	-0.568106
-2.70675	2.53459	-0.0201677
-2.06366	1.98553	-0.780684
-2.22535	2.30404	-1.23333
-2.37459	2.98863	-1.44633
-2.37061	2.98133	-1.92518
-1.95012	2.49026	-2.57559
-1.65038	3.40519	-2.26426
-1.18682	2.58657	-2.75701
-1.36508	2.00259	-2.46506
-1.18673	2.19502	-1.78531
0	0	0
0.160816	0.420055	0.357539
-0.192207	1.0026	-0.160724
-0.349625	1.43598	-0.502129
-0.0171274	0.972691	-1.08519
0.0785326	0.0627903	-1.18975
-0.598765	-0.658062	-0.505001
-0.982616	0.0923692	-0.960391
-1.32504	-0.841919	-0.616264
-1.02618	-0.13049	-0.228962
-0.890654	-0.54101	-0.542454
-0.646548	-0.409748	0.338287
-0.568976	-1.31017	0.252454
-0.60466	-1.9382	0.309182
-0.555243	-1.99364	-0.35625
-0.575557	-2.06072	-0.0664204
-1.34549	-2.62773	0.73879
-0.985373	-1.78455	1.13156
-0.763132	-1.54708	1.81486
-0.38791	-0.645952	2.19926
-0.467023	0.332614	2.11868
-0.202331	-0.11902	1.61305
-0.405686	0.534247	1.31582
-0.785692	-0.259732	1.74754
-1.30562	-1.00041	2.32208
-1.80588	-0.153964	1.81328
-1.83868	0.295885	1.74056
-2.29285	-0.0495354	2.5365
-2.39196	-0.256122	2.96904
-2.53826	-0.99684	3.1628
-2.24726	-0.0405918	3.45394
-2.26729	-0.115866	3.71113
-2.14637	0.0617262	4.27395
-2.29399	-0.797887	4.44321
-2.09663	-0.583298	5.12016
-2.31319	0.390286	4.90303
-2.53218	1.20734	4.64414
-2.246	0.266947	4.353
-2.64576	1.17571	3.95034
-2.97103	0.758792	4.56546
-2.95258	-0.241034	4.54701
-2.65444	0.27061	5.05048
-2.71745	0.866076	4.94524
-2.82811	1.61618	4.7993
-2.85162	1.63897	4.08129
-2.87012	1.90863	4.01285
-2.97981	2.05851	3.42227
-2.96953	1.57962	3.40082
-3.00281	0.763948	3.44158
-2.94096	1.25798	3.5658
-2.92551	1.30598	3.87222
-2.93219	0.431968	3.87987
-2.62565	1.03874	4.33079
-2.69653	0.202161	4.41521
-2.61812	0.921111	4.52362
-2.68652	1.58688	4.42142
-2.43163	1.03759	4.0005
-3.04002	1.80137	3.37746
-2.85328	1.0476	3.13699
-3.11771	0.118146	3.41063
-2.6374	-0.468849	2.77736
-2.99521	-1.1099	3.26474
-2.9874	-0.363963	3.27521
-3.01656	-0.108024	3.16199
-3.10637	-0.465053	3.40593
-3.00445	0.106616	3.58143
-2.9912	0.282666	3.65648
-3.27604	1.0199	3.29608
-3.36698	1.59907	3.14097
-3.32954	1.44185	2.90935
-3.71721	0.523451	3.29823
-3.7549	0.363078	3.52703
-3.72381	0.94609	3.58029
-3.59682	0.81873	2.87422
-3.90029	0.00551887	3.22384
-3.59598	-0.788294	2.86588
-3.63276	-0.0504245	2.8161
-3.62381	-0.0702214	2.40432
-3.97561	0.417081	1.81899
-4.27314	1.36469	1.51943
-4.269	1.33523	1.38025
-4.00557	1.23038	0.451153
-4.09586	2.07574	0.344951
-3.80369	1.32081	-0.0159842
-3.95752	1.59867	-0.500361
-3.43446	0.817425	-1.0567
-3.70458	-0.0711363	-0.765856
-3.77077	0.0570686	-1.22461
-3.56723	1.01791	-1.01738
-3.1277	1.89194	-0.568106
-2.70675	2.53459	-0.0201677
-2.06366	1.98553	-0.780684
-2.22535	2.30404	-1.23333
-2.37459	2.98863	-1.44633
-2.37061	2.98133	-1.92518
-1.95012	2.49026	-2.57559
-1.65038	3.40519	-2.26426
-1.18682	2.58657	-2.75701
-1.36508	2.00259	-2.46506
-1.18673	2.19502	-1.78531
0	0	0
-0.185946	-0.955955	0.190934
-0.229708	-0.641413	0.0531305
-0.594386	0.282806	-0.313909
-0.653516	-0.401142	-0.227776
-0.726344	-1.28125	-0.145309
-1.12394	-2.18837	0.256129
-1.34585	-3.11507	0.489009
-1.91472	-3.93736	1.05794
-1.74653	-3.12183	1.25991
-1.66619	-3.56944	1.08324
-0.945878	-2.93856	1.8355
-1.18212	-3.90132	2.07381
-1.33559	-3.19446	1.86163
-1.36488	-3.11429	1.51843
-1.24748	-3.5146	1.23699
-2.09113	-3.04989	0.361083
-2.4834	-2.23886	-0.0743334
-3.00992	-1.66595	-0.751005
-2.87808	-2.14838	-1.01462
-2.94574	-1.93328	-1.31468
-2.49493	-1.08043	-0.847357
-2.57358	-1.89431	-0.751174
-2.95438	-2.62238	-0.287709
-3.18991	-2.07221	-0.681255
-3.07825	-1.50907	-0.486761
-3.06325	-1.56067	-0.765922
-3.18157	-1.16077	-1.04965
-3.18599	-1.26064	-1.00542
-3.10154	-1.70356	-1.19272
-2.58581	-0.847836	-0.676541
-2.53978	-0.787255	-0.0715724
-2.23676	-0.545913	0.710644
-2.29373	-1.54086	0.767801
-2.67469	-0.649746	0.374707
-2.84656	-1.63457	0.546629
-3.01142	-0.663827	0.379196
-2.64481	-0.466719	1.25996
-3.56177	-0.103923	0.330098
-3.04337	0.609963	0.917685
-3.54624	0.993757	0.122749
-4.13872	1.7598	-0.489042
-3.97143	2.71439	-0.316432
-3.89261	2.10566	-0.444842
-4.15783	1.27858	-0.139491
-4.24595	1.36598	-0.849489
-3.98005	1.07063	-1.51859
-4.04598	1.04178	-0.602452
-4.51468	0.4976	0.0501514
-4.69657	0.150826	0.514639
-4.66251	0.364395	0.672111
-5.11383	1.12699	0.162801
-5.05916	1.26336	0.534884
-5.04078	1.20395	0.239349
-5.35659	0.321303	0.576233
-5.75907	0.772937	-0.0890743
-5.90995	1.76098	-0.240036
-5.68718	2.40676	0.0860733
-5.7604	2.60968	-0.253331
-5.95554	3.00866	-0.692683
-6.11997	3.84774	-0.884994
-5.83643	4.54906	-0.510176
-5.89256	5.06573	-0.618167
-5.86351	4.99972	-1.02091
-5.13791	4.33201	-1.75677
-4.3789	3.74134	-2.54595
-4.44168	3.43172	-2.34724
-4.49989	4.40024	-2.40724
-3.77615	3.71098	-3.13138
-3.7304	4.16217	-3.0305
-3.61108	4.46645	-2.66543
-3.94795	3.91281	-2.14562
-3.8265	4.63843	-1.98053
-4.44057	5.2388	-2.69558
-4.59279	4.92476	-2.25941
-4.80403	5.5686	-2.57115
-4.79008	5.53023	-2.91274
-4.85612	5.89744	-3.08973
-3.90835	6.21067	-2.14024
-4.06453	5.30217	-1.97082
-3.77189	6.05859	-1.61
-3.80483	5.7043	-1.51742
-3.85638	5.47004	-1.30252
-3.54007	4.56461	-1.63232
-3.45925	5.05364	-1.46926
-3.54429	4.0583	-1.38413
-3.63134	4.13762	-2.12328
-3.6685	3.15081	-2.08565
-2.92065	3.79737	-1.32917
-3.2648	4.39244	-1.82981
-3.26926	4.37392	-1.59547
-3.53923	3.72701	-1.21035
-3.11869	4.63211	-0.788978
-3.40079	3.69078	-0.501907
-3.84089	2.96378	0.0159656
-3.72824	2.34086	-0.161998
-3.58117	3.23926	-0.000448203
-3.21564	2.69151	-0.55553
-3.31437	3.51866	-0.67405
-2.62337	4.19522	0.0404829
0	0	0
-0.185946	-0.955955	0.190934
-0.229708	-0.641413	0.0531305
-0.594386	0.282806	-0.313909
-0.653516	-0.401142	-0.227776
-0.726344	-1.28125	-0.145309
-1.12394	-2.18837	0.256129
-1.34585	-3.11507	0.489009
-1.91472	-3.93736	1.05794
-1.74653	-3.12183	1.25991
-1.66619	-3.56944	1.08324
-0.945878	-2.93856	1.8355
-1.18212	-3.90132	2.07381
-1.33559	-3.19446	1.86163
-1.36488	-3.11429	1.51843
-1.24748	-3.5146	1.23699
-2.09113	-3.04989	0.361083
-2.4834	-2.23886	-0.0743334
-3.00992	-1.66595	-0.751005
-2.87808	-2.14838	-1.01462
-2.94574	-1.93328	-1.31468
-2.49493	-1.08043	-0.847357
-2.57358	-1.89431	-0.751174
-2.95438	-2.62238	-0.287709
-3.18991	-2.07221	-0.681255
-3.07825	-1.50907	-0.486761
-3.06325	-1.56067	-0.765922
-3.18157	-1.16077	-1.04965
-3.18599	-1.26064	-1.00542
-3.10154	-1.70356	-1.19272
-2.58581	-0.847836	-0.676541
-2.53978	-0.787255	-0.0715724
-2.23676	-0.545913	0.710644
-2.29373	-1.54086	0.767801
-2.67469	-0.649746	0.374707
-2.84656	-1.63457	0.546629
-3.01142	-0.663827	0.379196
-2.64481	-0.466719	1.25996
-3.56177	-0.103923	0.330098
-3.04337	0.609963	0.917685
-3.54624	0.993757	0.122749
-4.13872	1.7598	-0.489042
-3.97143	2.71439	-0.316432
-3.89261	2.10566	-0.444842
-4.15783	1.27858	-0.139491
-4.24595	1.36598	-0.849489
-3.98005	1.07063	-1.51859
-4.04598	1.04178	-0.602452
-4.51468	0.4976	0.0501514
-4.69657	0.150826	0.514639
-4.66251	0.364395	0.672111
-5.11383	1.12699	0.162801
-5.05916	1.26336	0.534884
-5.04078	1.20395	0.239349
-5.35659	0.321303	0.576233
-5.75907	0.772937	-0.0890743
-5.90995	1.76098	-0.240036
-5.68718	2.40676	0.0860733
-5.7604	2.60968	-0.253331
-5.95554	3.00866	-0.692683
-6.11997	3.84774	-0.884994
-5.83643	4.54906	-0.510176
-5.89256	5.06573	-0.618167
-5.86351	4.99972	-1.02091
-5.13791	4.33201	-1.75677
-4.3789	3.74134	-2.54595
-4.44168	3.43172	-2.34724
-4.49989	4.40024	-2.40724
-3.77615	3.71098	-3.13138
-3.7304	4.16217	-3.0305
-3.61108	4.46645	-2.66543
-3.94795	3.91281	-2.14562
-3.8265	4.63843	-1.98053
-4.44057	5.2388	-2.69558
-4.59279	4.92476	-2.25941
-4.80403	5.5686	-2.57115
-4.79008	5.53023	-2.91274
-4.85612	5.89744	-3.08973
-3.90835	6.21067	-2.14024
-4.06453	5.30217	-1.97082
-3.77189	6.05859	-1.61
-3.80483	5.7043	-1.51742
-3.85638	5.47004	-1.30252
-3.54007	4.56461	-1.63232
-3.45925	5.05364	-1.46926
-3.54429	4.0583	-1.38413
-3.63134	4.13762	-2.12328
-3.6685	3.15081	-2.08565
-2.92065	3.79737	-1.32917
-3.2648	4.39244	-1.82981
-3.26926	4.37392	-1.59547
-3.53923	3.72701	-1.21035
-3.11869	4.63211	-0.788978
-3.40079	3.69078	-0.501907
-3.84089	2.96378	0.0159656
-3.72824	2.34086	-0.161998
-3.58117	3.23926	-0.000448203
-3.21564	2.69151	-0.55553
-3.31437	3.51866	-0.67405
-2.62337	4.19522	0.0404829
0	0	0
-0.185946	-0.955955	0.190934
-0.229708	-0.641413	0.0531305
-0.594386	0.282806	-0.313909
-0.535255	0.966755	-0.227776
-0.462428	1.84686	-0.145309
-0.860022	0.939746	0.256129
-0.638111	1.86645	0.489009
-1.20698	1.04416	1.05794
-1.03879	1.85969	1.25991
-0.95845	1.41208	1.08324
-1.67876	0.781199	1.8355
-1.915	-0.181553	2.07381
-2.06847	0.525307	1.86163
-2.09777	0.605468	1.51843
-1.98036	0.205166	1.23699
-1.13671	-0.25954	0.361083
-1.52899	0.551494	-0.0743334
-2.05551	1.1244	-0.751005
-1.92367	0.641971	-1.01462
-1.85601	0.426874	-1.31468
-2.30682	-0.425978	-0.847357
-2.22817	0.387903	-0.751174
-1.84737	1.11597	-0.287709
-2.08289	1.66615	-0.681255
-1.97124	2.22928	-0.486761
-1.95624	2.17769	-0.765922
-2.07456	2.57758	-1.04965
-2.07898	2.47771	-1.00542
-1.99452	2.03479	-1.19272
-2.51025	1.17907	-0.676541
-2.55628	1.11848	-0.0715724
-2.85929	0.877142	0.710644
-2.91626	-0.11781	0.767801
-3.29722	0.773309	0.374707
-3.12535	1.75813	0.546629
-2.96048	0.78739	0.379196
-3.32709	0.590282	1.25996
-4.24405	0.953078	0.330098
-4.76245	0.239192	0.917685
-4.25957	-0.144602	0.122749
-4.85204	0.621438	-0.489042
-5.01933	-0.333152	-0.316432
-5.09814	0.275576	-0.444842
-4.83293	1.10266	-0.139491
-4.74481	1.01526	-0.849489
-5.01071	1.3106	-1.51859
-5.07665	1.28175	-0.602452
-5.54535	0.737572	0.0501514
-5.72723	0.390797	0.514639
-5.76129	0.177228	0.672111
-5.30997	-0.585367	0.162801
-5.2553	-0.448993	0.534884
-5.23692	-0.508404	0.239349
-4.92111	0.374247	0.576233
-5.32359	0.825881	-0.0890743
-5.1727	-0.162159	-0.240036
-5.39547	-0.807937	0.0860733
-5.32225	-1.01087	-0.253331
-5.51739	-0.611889	-0.692683
-5.68182	0.227193	-0.884994
-5.39828	0.928509	-0.510176
-5.34216	0.411836	-0.618167
-5.31312	0.345827	-1.02091
-6.03872	1.01354	-1.75677
-6.79773	1.60421	-2.54595
-6.86051	1.29458	-2.34724
-6.80229	0.326061	-2.40724
-6.07855	-0.363201	-3.13138
-6.0328	0.0879974	-3.0305
-5.91348	0.39227	-2.66543
-5.57661	0.945902	-2.14562
-5.69807	0.220284	-1.98053
-6.31214	0.820652	-2.69558
-6.46436	0.506614	-2.25941
-6.6756	1.15045	-2.57115
-6.68954	1.18881	-2.91274
-6.75557	1.55602	-3.08973
-7.70334	1.24279	-2.14024
-7.85952	0.334295	-1.97082
-8.15217	-0.422131	-1.61
-8.11922	-0.0678371	-1.51742
-8.06768	0.16642	-1.30252
-7.75138	-0.739012	-1.63232
-7.8322	-1.22804	-1.46926
-7.91724	-2.22337	-1.38413
-7.83019	-2.30269	-2.12328
-7.79303	-1.31587	-2.08565
-8.54088	-1.96243	-1.32917
-8.88503	-1.36736	-1.82981
-8.88057	-1.34883	-1.59547
-9.15053	-1.99575	-1.21035
-9.57107	-2.90085	-0.788978
-9.28897	-1.95951	-0.501907
-9.72907	-2.68651	0.0159656
-9.61641	-3.30943	-0.161998
-9.76348	-4.20783	-0.000448203
-10.129	-3.66008	-0.55553
-10.2277	-2.83293	-0.67405
-10.9187	-3.50949	0.0404829
0	0	0
-0.232632	-0.473541	0.440927
0.0938213	0.464951	0.769466
0.213018	1.07153	0.962285
0.418288	1.88816	1.20606
0.0982678	0.941728	1.52638
-0.182175	1.39788	1.00265
-0.0421916	1.99608	1.2305
0.118349	2.85045	1.41518
-0.0620666	1.86916	1.596
0.0691091	2.6405	1.76366
0.19075	3.54648	1.89673
0.167276	3.50862	2.42372
0.283238	4.5016	2.53972
0.307757	5.36725	2.56803
0.766596	4.48454	2.10681
0.904775	4.00767	1.8285
1.08118	3.4017	1.54899
0.310771	4.02228	0.770221
0.525925	4.3636	1.30348
0.476428	4.43649	0.741714
0.622964	5.0753	0.965296
0.542354	4.51254	1.10709
0.912257	5.09061	1.64608
0.793268	5.58618	1.4126
0.648882	6.11849	1.15082
0.252834	5.37273	1.61985
-0.20309	5.95942	1.00623
-0.323532	5.22134	1.16728
-0.189264	5.63385	1.47679
0.146261	4.70392	1.1374
-0.34199	4.18536	1.82291
-0.272837	5.03578	1.90396
-0.664116	5.62966	1.35379
-0.772529	5.71998	0.585499
-0.687908	6.29135	0.732005
-0.691015	5.97728	0.741899
-0.373111	5.55751	0.138167
-0.142757	5.15018	-0.354093
-0.612178	5.84256	-0.915262
-0.425472	5.69587	-1.7016
-0.180871	4.9521	-2.01401
-0.0618551	5.46905	-1.78965
-0.0918898	5.08922	-1.71083
-0.552039	5.67144	-2.33088
-0.796203	5.20737	-1.86527
-0.843338	5.06879	-1.54326
-0.862027	5.94876	-1.56449
-1.09696	6.86135	-1.8138
-0.709009	7.52193	-1.30739
-1.00161	6.95464	-0.848992
-0.746723	6.6378	-1.47579
-0.808352	5.70679	-1.40974
-1.30947	6.4958	-1.94587
-1.26868	5.61363	-1.99206
-1.51853	4.87255	-1.67258
-1.21039	4.18626	-2.08219
-1.3079	4.32996	-2.64372
-0.555092	4.97632	-1.88501
-0.281636	5.50845	-1.42794
-0.42732	5.17923	-1.02328
-0.534603	5.98927	-1.15458
-0.464142	6.76594	-1.06422
-0.610094	6.79888	-2.03968
-0.749662	6.53108	-1.57753
-0.573911	7.41101	-1.38166
-0.386194	6.63702	-1.61736
0.24363	5.94155	-2.28862
0.648156	6.40804	-1.63347
0.798175	6.74322	-1.22495
1.44913	6.06893	-1.9195
1.77512	5.13616	-2.24942
1.72081	5.52053	-2.38934
1.82611	4.73965	-2.52299
1.3076	3.95411	-1.97211
0.528925	3.50236	-1.10713
0.0338019	3.94895	-1.84969
0.650705	4.67441	-1.20189
0.53553	5.08483	-1.47208
0.207356	4.42672	-1.02583
0.664776	4.6754	-0.147268
1.05272	4.28344	-0.85072
1.13879	3.44571	-0.952931
1.11809	3.42549	-0.237489
0.971929	2.59749	-0.0636517
0.9526	2.71601	-0.224611
1.07698	2.51014	-0.741735
0.959703	2.85252	-1.06579
0.876929	2.95828	-1.68214
0.972242	2.74279	-2.08665
0.580876	3.21094	-2.72803
0.481203	4.00458	-2.85264
0.445267	3.28989	-2.80242
0.320005	4.26882	-2.92935
-0.249156	3.906	-2.0861
-0.162602	4.80276	-1.99003
-0.792631	5.57142	-2.62395
-0.70392	5.60767	-1.69824
-0.360745	6.35931	-1.28291
-0.727407	7.2362	-1.66869
0	0	0
-0.355292	0.412428	-0.652677
-0.358017	0.373172	-0.583441
-0.818288	0.890255	-1.24832
-0.78567	1.23378	-1.1538
-1.28484	0.534579	-0.572762
-1.28802	-0.448029	-0.569521
-1.67112	-1.35743	-0.181299
-1.38604	-0.973326	0.414677
-0.732944	-1.56914	-0.324089
-0.565115	-0.597507	-0.15388
-0.534616	-0.575062	0.651529
-0.361334	-1.32445	0.426241
-0.318702	-2.23639	0.379544
-0.338789	-2.13511	0.185009
0.206349	-1.49046	0.830719
-0.125717	-2.42788	1.16462
-0.16063	-2.31976	0.857322
-0.107723	-2.4109	0.355273
-0.244727	-2.03737	0.0109295
0.213535	-1.24479	0.511477
-0.0322702	-0.909818	-0.0801311
0.163821	-0.183223	0.180424
-0.188443	-1.08622	0.543855
-0.202245	-1.47591	0.579249
0.0976553	-0.721653	0.948724
0.108472	-1.46193	0.934114
-0.208027	-0.704869	0.5484
-0.0728529	0.241893	0.689741
-0.0649944	0.115439	0.627716
-0.142451	0.0482134	1.38294
-0.551222	-0.858784	1.79382
-0.265033	-0.254881	2.22207
-0.376662	0.45368	2.06644
-1.03206	-0.281084	2.7321
-1.59449	0.445769	2.12012
-1.67614	-0.480524	2.20793
-1.55543	-1.14489	2.02916
-1.39613	-0.717394	2.37834
-1.93925	0.0696547	1.81037
-1.89007	-0.618673	1.73911
-1.93796	-0.56825	1.05048
-1.86676	-1.21381	0.940862
-2.02201	-1.03105	0.293456
-1.81242	-1.48592	-0.125025
-1.36086	-0.661926	0.355556
-2.16979	-1.23396	1.17203
-1.80667	-0.700082	1.73443
-2.22464	-1.50437	2.19555
-1.93795	-0.927112	2.64036
-1.53187	-1.7006	2.17552
-1.31309	-1.39471	2.75726
-1.39798	-2.39104	2.84215
-1.59061	-1.52481	2.62506
-1.47984	-1.98321	2.39018
-2.12336	-2.65716	3.08077
-2.03701	-2.41112	3.41194
-2.37194	-3.08509	3.85697
-2.38304	-2.74322	3.82454
-2.75844	-3.40531	4.31776
-2.52594	-3.57266	3.50614
-2.86259	-4.30629	3.9232
-2.70533	-3.87992	4.26923
-2.62076	-3.60751	4.56574
-2.74067	-4.58196	4.68787
-2.48039	-4.74116	3.83479
-2.91794	-4.22653	3.18704
-2.23316	-3.73546	3.99968
-1.51459	-3.04622	4.72136
-1.24312	-4.00429	4.44875
-1.19011	-3.68041	4.61029
-0.782246	-4.58464	4.19913
-1.35158	-5.28102	4.83208
-1.08746	-4.72753	5.26276
-0.653262	-5.44904	4.74713
-0.982666	-6.33238	5.09654
-0.883974	-6.13415	5.54223
-0.797921	-5.99673	6.07298
-1.10252	-6.59785	6.52498
-1.36424	-7.3314	6.86102
-1.24714	-7.49343	6.27526
-1.37308	-6.93524	6.05517
-1.40789	-6.77204	5.84655
-1.27327	-7.71294	5.70491
-0.901078	-6.80755	6.08512
-0.982699	-6.64637	5.63337
-0.81996	-6.23183	5.9988
-0.518057	-6.53192	5.28956
0.221468	-7.04793	4.46946
-0.365587	-7.8521	5.05908
-0.188614	-8.8326	4.88146
-0.504732	-9.67092	5.2343
-0.46638	-10.0953	5.1443
-0.572379	-10.8691	5.28002
-0.475614	-11.7849	5.17495
-0.460191	-11.7578	5.66903
-0.458964	-11.7599	5.16241
-0.420819	-12.4964	5.11069
-0.40121	-11.8285	5.14003
-0.34302	-12.3468	5.02846
0	0	0
-0.0493836	-0.48053	0.102231
0.0505705	-0.390975	0.84702
0.0658003	-1.14251	0.82676
-0.0114993	-1.07174	0.0891853
0.121948	-2.06115	-0.04448
-0.543972	-1.47628	-0.795832
-1.10263	-0.848132	-1.4604
-0.611774	-1.70499	-1.95747
-0.384762	-1.07825	-1.61691
-0.728597	-0.325221	-2.03226
-0.737246	-0.334279	-1.34167
-1.56016	-0.902171	-0.518632
-1.56033	-0.904054	-0.429017
-0.956718	-0.323133	0.291504
-0.913141	-0.270187	0.926988
-0.982308	0.387682	0.822427
-0.580987	1.05144	1.33983
-0.154783	1.60135	1.95242
-0.503604	1.24853	2.65549
-0.0948745	0.78028	1.99788
-0.246052	1.7494	1.84375
-0.555539	1.30781	2.41768
-0.276534	0.394602	2.12549
-0.83921	1.21972	1.56209
-0.779257	0.630985	1.46078
-0.653797	0.450632	0.889721
-1.37799	1.02215	0.104729
-1.38073	1.04776	-0.00153431
-1.1396	0.320519	-0.316252
-1.15614	0.673495	-0.363073
-1.16879	0.0223343	-0.343651
-0.884718	-0.729604	-0.697061
-0.130933	-0.12143	0.0812092
-0.21882	-1.05001	0.175434
-0.309928	-0.780523	-0.144835
-0.625791	0.0186495	-0.512404
-0.340762	-0.90017	-0.808689
-0.132986	-1.46704	-1.15283
-0.543564	-1.87512	-0.443565
-0.598397	-2.5441	-0.361875
-0.566575	-2.47264	0.044922
0.127947	-1.78388	0.754967
0.330955	-1.8839	-0.142055
0.464695	-2.86473	-0.27716
0.46672	-2.8619	0.305937
0.936126	-3.17627	-0.524946
0.698722	-3.99892	-0.247676
0.846339	-4.73969	-0.443109
0.574499	-5.69919	-0.170523
0.70538	-5.12967	0.0534501
0.572727	-5.75817	0.259965
0.366293	-6.4811	0.53454
0.577545	-6.67563	-0.201085
0.457614	-6.57645	-0.97172
0.405393	-5.73539	-1.03369
0.423365	-5.61677	-0.883896
0.638421	-6.53264	-1.11249
1.05468	-7.42346	-1.53582
1.37433	-8.02329	-2.00612
0.843354	-7.17687	-2.53753
0.733379	-6.58087	-2.71899
0.855054	-6.99299	-3.00215
0.824819	-7.09876	-2.72731
0.875925	-8.08624	-2.779
0.903412	-8.56541	-2.83627
0.912645	-8.77092	-2.88115
0.28226	-8.16088	-3.59976
0.391386	-7.9964	-3.04689
0.0699328	-8.4812	-2.49427
-0.447911	-9.32392	-1.97073
-0.548882	-8.36946	-2.07593
-1.06974	-7.8737	-2.80027
-0.571288	-7.03802	-2.28801
-0.545501	-6.78574	-2.18632
-0.466633	-7.14837	-2.39884
-0.0406052	-7.83391	-2.92667
-0.504928	-8.30684	-2.2261
-0.553353	-7.31959	-2.27509
-0.579666	-7.15997	-2.43774
-0.585633	-7.12195	-2.5928
-0.374024	-7.92648	-2.84717
-0.742789	-8.52228	-2.32088
-0.470508	-9.46353	-2.59876
-0.415609	-8.96708	-2.48885
-0.118785	-8.36908	-2.04425
-0.374438	-7.4122	-2.30237
-0.723893	-8.311	-1.93999
-1.37158	-8.99044	-1.25
-1.46575	-8.02734	-1.34732
-1.38283	-7.05411	-1.26243
-1.80174	-7.35036	-0.445958
-1.22402	-7.9902	-1.11611
-0.984157	-8.39124	-1.62941
-0.394775	-7.68121	-0.990708
-0.612046	-8.63459	-0.768508
-0.82894	-9.60112	-0.549551
-1.28483	-9.39302	-1.45926
-0.970157	-8.62012	-1.08218
-0.829282	-7.94123	-0.879001
0	0	0
-0.135762	0.948827	-0.141642
-0.102504	1.94825	-0.108383
0.049637	1.33783	-0.350222
-0.449564	2.0892	-0.903606
-0.210051	1.22594	-1.17096
-0.330371	2.21839	-1.29131
-0.18076	2.5673	-0.897223
-0.252856	3.559	-0.969731
-0.95155	4.20224	-1.70543
-0.822289	4.47022	-1.27098
-0.909375	4.93207	-1.45628
-0.760056	4.08763	-1.6304
-0.564624	4.89068	-1.39394
-0.980126	5.73178	-1.83685
-0.905443	5.35424	-2.0309
-0.577687	4.60161	-2.43017
-0.61079	5.50804	-2.46666
-0.0214688	6.30968	-1.87435
0.290042	5.84402	-2.43038
0.562851	4.90831	-2.71028
0.935176	5.8281	-2.33506
0.970123	5.78361	-2.95274
0.926092	6.78072	-2.99686
1.06963	6.04132	-3.18743
0.998672	6.32144	-3.433
1.05645	5.75766	-3.53495
1.55775	4.89733	-4.03841
1.22939	5.36486	-4.61315
0.355202	4.89319	-3.73308
0.508856	5.59777	-3.52002
0.45966	6.59075	-3.5695
0.471031	6.84954	-3.5256
0.377398	7.25711	-3.7495
0.0235015	6.85616	-3.08776
0.162465	6.03605	-3.25483
0.0723501	6.16478	-3.8283
0.108748	6.50971	-3.72336
0.11292	6.51607	-3.17531
0.0939132	7.30336	-3.19944
0.17911	7.62394	-2.9426
0.237169	7.25836	-3.09945
0.544757	8.1302	-2.76674
0.567388	8.73748	-2.7295
0.377192	8.67036	-1.78649
0.355128	8.51934	-1.64193
-0.0524579	9.29206	-2.10848
-0.209905	9.58125	-2.58664
-0.0100332	8.94649	-2.88698
0.078873	8.83618	-3.51449
0.0760957	8.72162	-3.49026
0.103136	8.88608	-3.32802
0.446242	9.40383	-2.77562
0.390494	9.12763	-2.57777
0.632653	9.51306	-2.04576
0.0133664	8.93944	-1.31212
0.558119	9.75762	-0.757912
0.9913	9.15283	-1.34021
1.10124	8.21301	-1.45639
1.54541	8.70455	-0.78594
1.95438	9.61697	-0.376928
2.17093	9.93859	0.18158
2.03289	10.7075	0.0048797
1.96217	10.316	0.182616
1.90324	10.8026	0.0623974
1.97546	10.9277	0.562277
1.72249	11.1213	-0.231948
2.01359	11.6455	0.253536
2.08645	11.75	0.825421
1.60536	11.0529	1.39338
1.87216	10.213	1.09062
1.71642	10.4337	0.514063
1.71858	10.4441	0.71623
1.88469	9.46443	0.54906
2.38555	10.0047	1.2289
2.34688	10.5984	1.1639
2.35231	10.4861	1.11558
2.17939	10.2058	1.64052
2.24139	10.7083	1.76296
2.33355	11.0384	2.03185
2.30219	11.2012	1.84266
2.25011	10.8652	1.9958
2.23858	10.6845	2.05949
2.14599	9.80164	2.16379
2.05518	10.037	1.80377
2.03157	10.1254	1.54599
2.07177	9.82743	1.4123
2.48757	9.31509	0.782138
2.93943	9.98542	1.34109
2.63142	10.9134	1.02608
2.77228	9.93515	0.883567
2.84929	10.179	1.18471
2.34361	9.57187	1.8247
2.17152	9.69133	1.00322
1.75847	10.5441	0.567315
1.37232	9.87614	1.06779
1.03997	8.93342	1.40027
1.03576	9.51827	1.39306
1.2689	10.49	1.62636
1.36275	11.4766	1.72107
0	0	0
-0.219755	-0.940408	0.22755
-0.310059	-0.468772	0.0394966
-0.180501	-0.00979923	0.31116
-0.270154	-0.634174	0.45329
-0.651281	0.278679	0.0680099
-0.714869	1.2054	-0.000444932
-0.445385	0.391291	-0.314692
-1.04739	0.866225	-1.09979
-0.72083	1.80333	-0.770716
-0.72937	1.3904	-0.750038
-0.505913	1.71827	-0.186858
-0.13782	1.13044	-0.717581
-0.182418	0.891326	-0.534229
-0.0280317	-0.0152215	-0.702113
0.448291	-0.364084	-1.50887
0.859963	-1.06489	-2.01538
0.565659	-0.30903	-2.37821
0.45501	0.254314	-2.57094
0.395486	1.2455	-2.63089
0.500497	1.08348	-3.17477
0.873501	1.97947	-2.79044
0.871449	2.30297	-2.79678
0.863701	2.75759	-2.81382
0.731712	2.94018	-3.39966
0.810992	2.77174	-3.82553
-0.0629972	3.24457	-4.70507
0.400947	2.39567	-5.18465
0.277639	3.37475	-5.3096
0.557727	4.32947	-5.0281
0.566192	4.72381	-5.00664
0.539234	5.67241	-5.03504
0.459892	6.03145	-5.25082
0.465248	5.88802	-5.28813
0.736954	6.71712	-4.97672
0.787124	6.65897	-5.62997
0.763699	6.68326	-6.32425
0.436283	7.54567	-6.67918
0.825337	7.24278	-7.46825
1.03456	6.93186	-8.02652
0.735655	5.99322	-7.72309
0.600868	5.00448	-7.58802
0.66957	5.58249	-7.46999
0.411694	4.90294	-7.1152
-0.0399295	4.09442	-6.62753
-0.101627	3.23939	-6.55556
-0.168422	3.70939	-6.69627
-0.185568	4.08818	-6.74149
-0.433085	3.16128	-6.48349
-0.385868	3.91797	-6.42121
-0.970192	4.67115	-7.03418
-0.847829	5.20007	-6.80879
-0.731689	5.56404	-6.5048
-0.522575	5.24257	-7.05008
-0.334505	4.51138	-7.29918
-0.355775	4.85263	-7.36139
-0.469342	4.95163	-8.1152
-0.281361	5.66257	-7.85958
-0.23503	5.30814	-7.98919
0.0381471	6.04683	-7.64234
0.288498	5.3623	-7.98581
-0.224211	5.90719	-8.67109
-0.308896	5.32316	-8.52759
0.15426	4.72583	-9.14035
0.0988241	4.38515	-8.97974
0.0393204	3.45533	-8.91587
0.0551837	3.63025	-8.82555
0.400119	3.10502	-9.37449
-0.0269682	2.35752	-8.8784
-0.558593	1.62273	-8.29223
-0.291121	2.58571	-8.0246
0.0249976	2.19466	-8.65327
0.889374	2.64787	-7.76762
0.982163	3.11686	-7.57353
1.35803	3.92517	-7.15188
1.3151	4.0705	-7.43518
1.04276	3.61834	-6.91924
1.03306	3.49649	-6.83986
0.695061	4.2876	-7.23275
0.567766	4.14377	-6.56998
0.489001	3.52607	-6.44349
0.224943	4.42768	-6.72456
0.639097	5.03248	-6.15956
0.587417	5.26633	-6.37535
0.738058	6.15698	-6.20859
1.15273	5.25702	-6.62707
0.952543	4.30441	-6.42141
0.717686	4.18744	-5.52629
0.687525	3.61658	-5.47353
1.20159	3.35978	-6.36812
1.88933	3.82658	-5.54071
1.29569	4.32087	-6.30919
1.29549	4.95717	-6.3095
1.25088	4.8377	-5.95967
0.672183	5.47675	-6.63091
1.02449	5.07707	-7.29216
1.04035	5.11878	-6.93664
1.65964	4.88903	-7.8742
1.5357	4.07158	-7.7243
1.28404	3.43906	-7.35462
0	0	0
-0.185946	-0.955955	0.190934
-0.229708	-0.641413	0.0531305
-0.594386	0.282806	-0.313909
-0.535255	0.966755	-0.227776
-0.462428	1.84686	-0.145309
-0.860022	0.939746	0.256129
-0.638111	1.86645	0.489009
-1.20698	1.04416	1.05794
-1.03879	1.85969	1.25991
-0.95845	1.41208	1.08324
-1.67876	0.781199	1.8355
-1.915	-0.181553	2.07381
-2.06847	0.525307	1.86163
-2.09777	0.605468	1.51843
-1.98036	0.205166	1.23699
-1.13671	-0.25954	0.361083
-1.52899	0.551494	-0.0743334
-2.05551	1.1244	-0.751005
-1.92367	0.641971	-1.01462
-1.85601	0.426874	-1.31468
-2.30682	-0.425978	-0.847357
-2.22817	0.387903	-0.751174
-1.84737	1.11597	-0.287709
-2.08289	1.66615	-0.681255
-1.97124	2.22928	-0.486761
-1.95624	2.17769	-0.765922
-2.07456	2.57758	-1.04965
-2.07898	2.47771	-1.00542
-1.99452	2.03479	-1.19272
-2.51025	1.17907	-0.676541
-2.55628	1.11848	-0.0715724
-2.85929	0.877142	0.710644
-2.91626	-0.11781	0.767801
-3.29722	0.773309	0.374707
-3.12535	1.75813	0.546629
-2.96048	0.78739	0.379196
-3.32709	0.590282	1.25996
-4.24405	0.953078	0.330098
-4.76245	0.239192	0.917685
-4.25957	-0.144602	0.122749
-4.85204	0.621438	-0.489042
-5.01933	-0.333152	-0.316432
-5.09814	0.275576	-0.444842
-4.83293	1.10266	-0.139491
-4.74481	1.01526	-0.849489
-5.01071	1.3106	-1.51859
-5.07665	1.28175	-0.602452
-5.54535	0.737572	0.0501514
-5.72723	0.390797	0.514639
-5.76129	0.177228	0.672111
-5.30997	-0.585367	0.162801
-5.2553	-0.448993	0.534884
-5.23692	-0.508404	0.239349
-4.92111	0.374247	0.576233
-5.32359	0.825881	-0.0890743
-5.1727	-0.162159	-0.240036
-5.39547	-0.807937	0.0860733
-5.32225	-1.01087	-0.253331
-5.51739	-0.611889	-0.692683
-5.68182	0.227193	-0.884994
-5.39828	0.928509	-0.510176
-5.34216	0.411836	-0.618167
-5.31312	0.345827	-1.02091
-6.03872	1.01354	-1.75677
-6.79773	1.60421	-2.54595
-6.86051	1.29458	-2.34724
-6.80229	0.326061	-2.40724
-6.07855	-0.363201	-3.13138
-6.0328	0.0879974	-3.0305
-5.91348	0.39227	-2.66543
-5.57661	0.945902	-2.14562
-5.69807	0.220284	-1.98053
-6.31214	0.820652	-2.69558
-6.46436	0.506614	-2.25941
-6.6756	1.15045	-2.57115
-6.68954	1.18881	-2.91274
-6.75557	1.55602	-3.08973
-7.70334	1.24279	-2.14024
-7.85952	0.334295	-1.97082
-8.15217	-0.422131	-1.61
-8.11922	-0.0678371	-1.51742
-8.06768	0.16642	-1.30252
-7.75138	-0.739012	-1.63232
-7.8322	-1.22804	-1.46926
-7.91724	-2.22337	-1.38413
-7.83019	-2.30269	-2.12328
-7.79303	-1.31587	-2.08565
-8.54088	-1.96243	-1.32917
-8.88503	-1.36736	-1.82981
-8.88057	-1.34883	-1.59547
-9.15053	-1.99575	-1.21035
-9.57107	-2.90085	-0.788978
-9.28897	-1.95951	-0.501907
-9.72907	-2.68651	0.0159656
-9.61641	-3.30943	-0.161998
-9.76348	-4.20783	-0.000448203
-10.129	-3.66008	-0.55553
-10.2277	-2.83293	-0.67405
-10.9187	-3.50949	0.0404829
0	0	0
-0.279334	0.632487	-0.403998
-0.233194	1.12611	-0.310932
-0.0115977	1.62968	0.0918468
0.426439	2.51259	0.536281
0.196355	3.43543	0.294365
0.231869	4.00137	0.356993
0.482614	3.22248	0.0505549
0.407318	4.20731	-0.0256788
-0.147026	3.46372	0.572005
-0.338338	2.87511	0.881112
0.0725516	3.76463	1.30046
0.169437	3.44176	1.01305
0.638813	2.83157	0.403332
0.0345493	2.61169	1.34305
9.47713e-05	3.10371	1.27319
-0.0711926	3.67775	1.14996
-0.647904	4.26355	0.448397
-1.01186	3.72357	1.00731
-0.436425	4.34252	1.6882
-0.758931	5.02639	1.26166
-0.656501	4.21406	1.13656
-0.745959	4.96911	1.0189
-0.758646	5.00563	0.690783
-0.702035	4.03691	0.632443
-0.734626	3.99173	1.21746
-0.471834	4.94333	1.48366
-0.0785302	4.54658	0.779642
0.125608	5.03168	1.16752
0.0148265	4.10903	1.28673
-0.136828	3.33161	1.47819
-0.290775	4.00834	1.25637
-0.319702	4.95809	1.22593
-0.950624	4.18297	1.85721
-0.959913	4.2377	1.68986
-1.11608	4.63927	1.3274
-1.03142	4.25994	1.10956
-1.72284	3.54469	1.80459
-2.0798	3.99322	1.18188
-2.21365	4.81484	1.02108
-2.10434	5.77498	1.1342
-2.17491	6.27873	0.995475
-2.64453	7.09396	0.496314
-2.55696	6.16763	0.402207
-2.59109	6.27027	0.0867074
-2.12399	5.40009	-0.386245
-1.79589	6.34021	-0.0567343
-2.25098	5.49808	0.418695
-2.48701	6.45469	0.179146
-2.19763	5.9303	-0.304014
0	0	0
-0.279334	0.632487	-0.403998
-0.233194	1.12611	-0.310932
-0.0115977	1.62968	0.0918468
0.426439	2.51259	0.536281
0.196355	3.43543	0.294365
0.231869	4.00137	0.356993
0.482614	3.22248	0.0505549
0.407318	4.20731	-0.0256788
-0.147026	3.46372	0.572005
-0.338338	2.87511	0.881112
0.0725516	3.76463	1.30046
0.169437	3.44176	1.01305
0.638813	2.83157	0.403332
0.0345493	2.61169	1.34305
9.47713e-05	3.10371	1.27319
-0.0711926	3.67775	1.14996
-0.647904	4.26355	0.448397
-1.01186	3.72357	1.00731
-0.436425	4.34252	1.6882
-0.758931	5.02639	1.26166
-0.656501	4.21406	1.13656
-0.745959	4.96911	1.0189
-0.758646	5.00563	0.690783
-0.702035	4.03691	0.632443
-0.734626	3.99173	1.21746
-0.471834	4.94333	1.48366
-0.0785302	4.54658	0.779642
0.125608	5.03168	1.16752
0.0148265	4.10903	1.28673
-0.136828	3.33161	1.47819
-0.290775	4.00834	1.25637
-0.319702	4.95809	1.22593
-0.950624	4.18297	1.85721
-0.959913	4.2377	1.68986
-1.11608	4.63927	1.3274
-1.03142	4.25994	1.10956
-1.72284	3.54469	1.80459
-2.0798	3.99322	1.18188
-2.21365	4.81484	1.02108
-2.10434	5.77498	1.1342
-2.17491	6.27873	0.995475
-2.64453	7.09396	0.496314
-2.55696	6.16763	0.402207
-2.59109	6.27027	0.0867074
-2.12399	5.40009	-0.386245
-1.79589	6.34021	-0.0567343
-2.25098	5.49808	0.418695
-2.48701	6.45469	0.179146
-2.19763	5.9303	-0.304014
