0	6.52569	10.0071
	1	5.1964	8.31344
	2	4.37073	6.59781
	3	3.77674	5.30235
	4	3.59814	4.38589
	5	2.69095	3.89816
	6	2.57611	3.38536
	7	2.53046	2.80581
	8	2.13308	2.57381
	9	2.02501	2.4378
	10	1.83267	2.15456
	11	1.78702	2.01347
	12	1.78702	1.88895
	13	1.76857	1.79734
	14	1.7596	1.7831
	15	1.74115	1.77002
	16	1.5627	1.75241
	17	1.5627	1.70045
	18	1.5627	1.58259
	19	1.51731	1.56266
	20	1.49257	1.55215
	21	1.46938	1.51392
	22	1.42503	1.48567
	23	1.40403	1.45183
	24	1.40403	1.41919
	25	1.40403	1.40421
	26	1.3495	1.40401
	27	1.3495	1.39243
	28	1.3495	1.35523
	29	1.32739	1.34948
	30	1.31306	1.34372
	31	1.28498	1.32545
	32	1.28498	1.30653
	33	1.28498	1.28697
	34	1.28498	1.28498
	35	1.22682	1.28496
	36	1.22682	1.27125
	37	1.22682	1.23268
	38	1.22682	1.22682
	39	1.22682	1.22682
	40	1.22682	1.22682
	41	1.22682	1.22682
	42	1.22682	1.22682
	43	1.22682	1.22682
	44	1.22682	1.22682
	45	1.22682	1.22682
	46	1.22638	1.22682
	47	1.22638	1.22672
	48	1.22638	1.22642
	49	1.22638	1.22638
	50	1.22638	1.22638
	51	1.22638	1.22638
	52	1.22638	1.22638
	53	1.22638	1.22638
	54	1.22638	1.22638
	55	1.22638	1.22638
	56	1.22638	1.22638
	57	1.22638	1.22638
	58	1.22638	1.22638
	59	1.22638	1.22638
	60	1.22638	1.22638
	61	1.22638	1.22638
	62	1.22638	1.22638
	63	1.22638	1.22638
	64	1.22638	1.22638
	65	1.22638	1.22638
	66	1.22638	1.22638
	67	1.21349	1.22637
	68	1.21349	1.22323
	69	1.21349	1.21484
	70	1.21349	1.21349
	71	1.21349	1.21349
	72	1.21349	1.21349
	73	1.21349	1.21349
	74	1.21349	1.21349
	75	1.21349	1.21349
	76	1.21349	1.21349
	77	1.21349	1.21349
	78	1.21349	1.21349
	79	1.21349	1.21349
	80	1.21349	1.21349
	81	1.21349	1.21349
	82	1.21349	1.21349
	83	1.21304	1.21349
	84	1.21304	1.2134
	85	1.21304	1.21312
	86	1.21304	1.21304
	87	1.21304	1.21304
	88	1.21304	1.21304
	89	1.21304	1.21304
	90	1.21304	1.21304
	91	1.21304	1.21304
	92	1.21304	1.21304
	93	1.20209	1.21303
	94	1.19401	1.21053
	95	1.19401	1.2005
	96	1.19401	1.19401
	97	1.19401	1.19401
	98	1.19401	1.19401
	99	1.19401	1.19401
	100	1.19401	1.19401
	101	1.19401	1.19401
	102	1.19401	1.19401
	103	1.19401	1.19401
	104	1.19401	1.19401
	105	1.19401	1.19401
	106	1.19401	1.19401
	107	1.19401	1.19401
	108	1.19401	1.19401
	109	1.19401	1.19401
	110	1.19401	1.19401
	111	1.19401	1.19401
	112	1.19401	1.19401
	113	1.19401	1.19401
	114	1.12403	1.19398
	115	1.09432	1.1783
	116	1.09432	1.11776
	117	1.09432	1.09432
	118	1.09432	1.09432
	119	1.09355	1.09432
	120	1.09355	1.09415
	121	1.09355	1.09366
	122	1.09355	1.09355
	123	1.09355	1.09355
	124	1.09355	1.09355
	125	1.09355	1.09355
	126	1.09355	1.09355
	127	1.09355	1.09355
	128	1.09355	1.09355
	129	1.09355	1.09355
	130	1.09355	1.09355
	131	1.09355	1.09355
	132	1.09355	1.09355
	133	1.09355	1.09355
	134	1.09355	1.09355
	135	1.09355	1.09355
	136	1.09355	1.09355
	137	1.09355	1.09355
	138	1.09355	1.09355
	139	1.09048	1.09355
	140	1.09048	1.09286
	141	1.09048	1.09079
	142	1.09048	1.09048
	143	1.09048	1.09048
	144	1.09048	1.09048
	145	1.09048	1.09048
	146	1.09048	1.09048
	147	1.09048	1.09048
	148	1.09048	1.09048
	149	1.09048	1.09048
	150	1.09048	1.09048
	151	1.09048	1.09048
	152	1.09048	1.09048
	153	1.09048	1.09048
	154	1.09048	1.09048
	155	1.09048	1.09048
	156	1.09048	1.09048
	157	1.09048	1.09048
	158	1.09048	1.09048
	159	1.09048	1.09048
	160	1.09048	1.09048
	161	1.09048	1.09048
	162	1.09048	1.09048
	163	1.09048	1.09048
	164	1.09048	1.09048
	165	1.09048	1.09048
	166	1.09048	1.09048
	167	1.09048	1.09048
	168	1.09048	1.09048
	169	1.09048	1.09048
	170	1.09048	1.09048
	171	1.09048	1.09048
	172	1.09048	1.09048
	173	1.09048	1.09048
	174	1.09048	1.09048
	175	1.09048	1.09048
	176	1.09048	1.09048
	177	1.09048	1.09048
	178	1.09048	1.09048
	179	1.09048	1.09048
	180	1.09048	1.09048
	181	1.09048	1.09048
	182	1.09048	1.09048
	183	1.09048	1.09048
	184	1.09048	1.09048
	185	1.09048	1.09048
	186	1.09048	1.09048
	187	1.09048	1.09048
	188	1.09048	1.09048
	189	1.09048	1.09048
	190	1.09048	1.09048
	191	1.09048	1.09048
	192	1.09048	1.09048
	193	1.09048	1.09048
	194	1.09048	1.09048
	195	1.09048	1.09048
	196	1.09048	1.09048
	197	1.09048	1.09048
	198	1.09048	1.09048
	199	1.09048	1.09048
	200	1.09048	1.09048
	201	1.09048	1.09048
	202	1.09048	1.09048
	203	1.09048	1.09048
	204	1.09048	1.09048
	205	1.09048	1.09048
	206	1.09048	1.09048
	207	1.09048	1.09048
	208	1.09048	1.09048
	209	1.09048	1.09048
	210	1.09048	1.09048
	211	1.09048	1.09048
	212	1.09048	1.09048
	213	1.09048	1.09048
	214	1.09048	1.09048
	215	1.09048	1.09048
	216	1.09048	1.09048
	217	1.09048	1.09048
	218	1.09048	1.09048
	219	1.09048	1.09048
	220	1.09048	1.09048
	221	1.09048	1.09048
	222	1.09048	1.09048
	223	1.09048	1.09048
	224	1.09048	1.09048
	225	1.09048	1.09048
	226	1.09048	1.09048
	227	1.09048	1.09048
	228	1.09048	1.09048
	229	1.09048	1.09048
	230	1.09048	1.09048
	231	1.09048	1.09048
	232	1.09048	1.09048
	233	1.09048	1.09048
	234	1.09048	1.09048
	235	1.09048	1.09048
	236	1.09048	1.09048
	237	1.09048	1.09048
	238	1.09048	1.09048
	239	1.09048	1.09048
	240	1.09048	1.09048
	241	1.09048	1.09048
	242	1.09048	1.09048
	243	1.09048	1.09048
	244	1.09048	1.09048
	245	1.09048	1.09048
	246	1.09048	1.09048
	247	1.09048	1.09048
	248	1.09048	1.09048
	249	1.09048	1.09048
	250	1.09048	1.09048
	251	1.09048	1.09048
	252	1.09048	1.09048
	253	1.09048	1.09048
	254	1.09048	1.09048
	255	1.09048	1.09048
	256	1.09048	1.09048
	257	1.09048	1.09048
	258	1.09048	1.09048
	259	1.09048	1.09048
	260	1.09048	1.09048
	261	1.09048	1.09048
	262	1.09048	1.09048
	263	1.09048	1.09048
	264	1.09048	1.09048
	265	1.09048	1.09048
	266	1.09048	1.09048
	267	1.09048	1.09048
	268	1.09048	1.09048
	269	1.09048	1.09048
	270	1.09048	1.09048
	271	1.09048	1.09048
	272	1.09048	1.09048
	273	1.09048	1.09048
	274	1.09048	1.09048
	275	1.09048	1.09048
	276	1.09048	1.09048
	277	1.09048	1.09048
	278	1.09048	1.09048
	279	1.09048	1.09048
	280	1.09048	1.09048
	281	1.09048	1.09048
	282	1.09048	1.09048
	283	1.09048	1.09048
	284	1.09048	1.09048
	285	1.09048	1.09048
	286	1.09048	1.09048
	287	1.09048	1.09048
	288	1.09048	1.09048
	289	1.09048	1.09048
	290	1.09048	1.09048
	291	1.09048	1.09048
	292	1.09048	1.09048
	293	1.09048	1.09048
	294	1.09048	1.09048
	295	1.09048	1.09048
	296	1.09048	1.09048
	297	1.09048	1.09048
	298	1.09048	1.09048
	299	1.09048	1.09048
	300	1.09048	1.09048
	301	1.09048	1.09048
	302	1.09048	1.09048
	303	1.09048	1.09048
	304	1.09048	1.09048
	305	1.09048	1.09048
	306	1.09048	1.09048
	307	1.09048	1.09048
	308	1.09048	1.09048
	309	1.09048	1.09048
	310	1.09048	1.09048
	311	1.09048	1.09048
	312	1.09048	1.09048
	313	1.09048	1.09048
	314	1.09048	1.09048
	315	1.09048	1.09048
	316	1.09048	1.09048
	317	1.09048	1.09048
	318	1.09048	1.09048
	319	1.09048	1.09048
	320	1.09048	1.09048
	321	1.09048	1.09048
	322	1.09048	1.09048
	323	1.09048	1.09048
	324	1.09048	1.09048
	325	1.09048	1.09048
	326	1.09048	1.09048
	327	1.09048	1.09048
	328	1.09048	1.09048
	329	1.09048	1.09048
	330	1.09048	1.09048
	331	1.09048	1.09048
	332	1.09048	1.09048
	333	1.09048	1.09048
	334	1.09048	1.09048
	335	1.09048	1.09048
	336	1.09048	1.09048
	337	1.09048	1.09048
	338	1.09048	1.09048
	339	1.09048	1.09048
	340	1.09048	1.09048
	341	1.09048	1.09048
	342	1.09048	1.09048
	343	1.09048	1.09048
	344	1.09048	1.09048
	345	1.09048	1.09048
	346	1.09048	1.09048
	347	1.09048	1.09048
	348	1.09048	1.09048
	349	1.09048	1.09048
	350	1.09048	1.09048
	351	1.09048	1.09048
	352	1.09048	1.09048
	353	1.09048	1.09048
	354	1.09048	1.09048
	355	1.09048	1.09048
	356	1.09048	1.09048
	357	1.09048	1.09048
	358	1.09048	1.09048
	359	1.09048	1.09048
	360	1.09048	1.09048
	361	1.09048	1.09048
	362	1.09048	1.09048
	363	1.09048	1.09048
	364	1.09048	1.09048
	365	1.09048	1.09048
	366	1.09048	1.09048
	367	1.09048	1.09048
	368	1.09048	1.09048
	369	1.09048	1.09048
	370	1.09048	1.09048
	371	1.09048	1.09048
	372	1.09048	1.09048
	373	1.09048	1.09048
	374	1.09048	1.09048
	375	1.09048	1.09048
	376	1.09048	1.09048
	377	1.09048	1.09048
	378	1.09048	1.09048
	379	1.09048	1.09048
	380	1.09048	1.09048
	381	1.09048	1.09048
	382	1.09048	1.09048
	383	1.09048	1.09048
	384	1.09048	1.09048
	385	1.09048	1.09048
	386	1.09048	1.09048
	387	1.09048	1.09048
	388	1.09048	1.09048
	389	1.09048	1.09048
	390	1.09048	1.09048
	391	1.09048	1.09048
	392	1.09048	1.09048
	393	1.09048	1.09048
	394	1.09048	1.09048
	395	1.09048	1.09048
	396	1.09048	1.09048
	397	1.09048	1.09048
	398	1.09048	1.09048
	399	1.09048	1.09048
	400	1.09048	1.09048
	401	1.09048	1.09048
	402	1.09048	1.09048
	403	1.09048	1.09048
	404	1.09048	1.09048
	405	1.09048	1.09048
	406	1.09048	1.09048
	407	1.09048	1.09048
	408	1.09048	1.09048
	409	1.09048	1.09048
	410	1.09048	1.09048
	411	1.09048	1.09048
	412	1.09048	1.09048
	413	1.09048	1.09048
	414	1.09048	1.09048
	415	1.09048	1.09048
	416	1.09048	1.09048
	417	1.09048	1.09048
	418	1.09048	1.09048
	419	1.09048	1.09048
	420	1.09048	1.09048
	421	1.09048	1.09048
	422	1.09048	1.09048
	423	1.09048	1.09048
	424	1.09048	1.09048
	425	1.09048	1.09048
	426	1.09048	1.09048
	427	1.09048	1.09048
	428	1.09048	1.09048
	429	1.09048	1.09048
	430	1.09048	1.09048
	431	1.09048	1.09048
	432	1.09048	1.09048
	433	1.09048	1.09048
	434	1.09048	1.09048
	435	1.09048	1.09048
	436	1.09048	1.09048
	437	1.09048	1.09048
	438	1.09048	1.09048
	439	1.09048	1.09048
	440	1.09048	1.09048
	441	1.09048	1.09048
	442	1.09048	1.09048
	443	1.09048	1.09048
	444	1.09048	1.09048
	445	1.09048	1.09048
	446	1.09048	1.09048
	447	1.09048	1.09048
	448	1.09048	1.09048
	449	1.09048	1.09048
	450	1.09048	1.09048
	451	1.09048	1.09048
	452	1.09048	1.09048
	453	1.09048	1.09048
	454	1.09048	1.09048
	455	1.09048	1.09048
	456	1.09048	1.09048
	457	1.09048	1.09048
	458	1.09048	1.09048
	459	1.09048	1.09048
	460	1.09048	1.09048
	461	1.09048	1.09048
	462	1.09048	1.09048
	463	1.09048	1.09048
	464	1.09048	1.09048
	465	1.09048	1.09048
	466	1.09048	1.09048
	467	1.09048	1.09048
	468	1.09048	1.09048
	469	1.09048	1.09048
	470	1.09048	1.09048
	471	1.09048	1.09048
	472	1.09048	1.09048
	473	1.09048	1.09048
	474	1.09048	1.09048
	475	1.09048	1.09048
	476	1.09048	1.09048
	477	1.09048	1.09048
	478	1.09048	1.09048
	479	1.09048	1.09048
	480	1.09048	1.09048
	481	1.09048	1.09048
	482	1.09048	1.09048
	483	1.09048	1.09048
	484	1.09048	1.09048
	485	1.09048	1.09048
	486	1.09048	1.09048
	487	1.09048	1.09048
	488	1.09048	1.09048
	489	1.09048	1.09048
	490	1.09048	1.09048
	491	1.09048	1.09048
	492	1.09048	1.09048
	493	1.09048	1.09048
	494	1.09048	1.09048
	495	1.09048	1.09048
	496	1.09048	1.09048
	497	1.09048	1.09048
	498	1.09048	1.09048
	499	1.09048	1.09048
	500	1.09048	1.09048
	501	1.09048	1.09048
	502	1.09048	1.09048
	503	1.09048	1.09048
	504	1.09048	1.09048
	505	1.09048	1.09048
	506	1.09048	1.09048
	507	1.09048	1.09048
	508	1.09048	1.09048
	509	1.09048	1.09048
	510	1.09048	1.09048
	511	1.09048	1.09048
	512	1.09048	1.09048
	513	1.09048	1.09048
	514	1.09048	1.09048
	515	1.09048	1.09048
	516	1.09048	1.09048
	517	1.09048	1.09048
	518	1.09048	1.09048
	519	1.09048	1.09048
	520	1.09048	1.09048
	521	1.09048	1.09048
	522	1.09048	1.09048
	523	1.09048	1.09048
	524	1.09048	1.09048
	525	1.09048	1.09048
	526	1.09048	1.09048
	527	1.09048	1.09048
	528	1.09048	1.09048
	529	1.09048	1.09048
	530	1.09048	1.09048
	531	1.09048	1.09048
	532	1.09048	1.09048
	533	1.09048	1.09048
	534	1.09048	1.09048
	535	1.09048	1.09048
	536	1.09048	1.09048
	537	1.09048	1.09048
	538	1.09048	1.09048
	539	1.09048	1.09048
	540	1.09048	1.09048
	541	1.09048	1.09048
	542	1.09048	1.09048
	543	1.09048	1.09048
	544	1.09048	1.09048
	545	1.09048	1.09048
	546	1.09048	1.09048
	547	1.09048	1.09048
	548	1.09048	1.09048
	549	1.09048	1.09048
	550	1.09048	1.09048
	551	1.09048	1.09048
	552	1.09048	1.09048
	553	1.09048	1.09048
	554	1.09048	1.09048
	555	1.09048	1.09048
	556	1.09048	1.09048
	557	1.09048	1.09048
	558	1.09048	1.09048
	559	1.09048	1.09048
	560	1.09048	1.09048
	561	1.09048	1.09048
	562	1.09048	1.09048
	563	1.09048	1.09048
	564	1.09048	1.09048
	565	1.09048	1.09048
	566	1.09048	1.09048
	567	1.09048	1.09048
	568	1.09048	1.09048
	569	1.09048	1.09048
	570	1.09048	1.09048
	571	1.09048	1.09048
	572	1.09048	1.09048
	573	1.09048	1.09048
	574	1.09048	1.09048
	575	1.09048	1.09048
	576	1.09048	1.09048
	577	1.09048	1.09048
	578	1.09048	1.09048
	579	1.09048	1.09048
	580	1.09048	1.09048
	581	1.09048	1.09048
	582	1.09048	1.09048
	583	1.09048	1.09048
	584	1.09048	1.09048
	585	1.09048	1.09048
	586	1.09048	1.09048
	587	1.09048	1.09048
	588	1.09048	1.09048
	589	1.09048	1.09048
	590	1.09048	1.09048
	591	1.09048	1.09048
	592	1.09048	1.09048
	593	1.09048	1.09048
	594	1.09048	1.09048
	595	1.09048	1.09048
	596	1.09048	1.09048
	597	1.09048	1.09048
	598	1.09048	1.09048
	599	1.09048	1.09048
	600	1.09048	1.09048
	601	1.09048	1.09048
	602	1.09048	1.09048
	603	1.09048	1.09048
	604	1.09048	1.09048
	605	1.09048	1.09048
	606	1.09048	1.09048
	607	1.09048	1.09048
	608	1.09048	1.09048
	609	1.09048	1.09048
	610	1.09048	1.09048
	611	1.09048	1.09048
	612	1.09048	1.09048
	613	1.09048	1.09048
	614	1.09048	1.09048
	615	1.09048	1.09048
	616	1.09048	1.09048
	617	1.09048	1.09048
	618	1.09048	1.09048
	619	1.09048	1.09048
	620	1.09048	1.09048
	621	1.09048	1.09048
	622	1.09048	1.09048
	623	1.09048	1.09048
	624	1.09048	1.09048
	625	1.09048	1.09048
	626	1.09048	1.09048
	627	1.09048	1.09048
	628	1.09048	1.09048
	629	1.09048	1.09048
	630	1.09048	1.09048
	631	1.09048	1.09048
	632	1.09048	1.09048
	633	1.09048	1.09048
	634	1.09048	1.09048
	635	1.09048	1.09048
	636	1.09048	1.09048
	637	1.09048	1.09048
	638	1.09048	1.09048
	639	1.09048	1.09048
	640	1.09048	1.09048
	641	1.09048	1.09048
	642	1.09048	1.09048
	643	1.09048	1.09048
	644	1.09048	1.09048
	645	1.09048	1.09048
	646	1.09048	1.09048
	647	1.09048	1.09048
	648	1.09048	1.09048
	649	1.09048	1.09048
	650	1.09048	1.09048
	651	1.09048	1.09048
	652	1.09048	1.09048
	653	1.09048	1.09048
	654	1.09048	1.09048
	655	1.09048	1.09048
	656	1.09048	1.09048
	657	1.09048	1.09048
	658	1.09048	1.09048
	659	1.09048	1.09048
	660	1.09048	1.09048
	661	1.09048	1.09048
	662	1.09048	1.09048
	663	1.09048	1.09048
	664	1.09048	1.09048
	665	1.09048	1.09048
	666	1.09048	1.09048
	667	1.09048	1.09048
	668	1.09048	1.09048
	669	1.09048	1.09048
	670	1.09048	1.09048
	671	1.09048	1.09048
	672	1.09048	1.09048
	673	1.09048	1.09048
	674	1.09048	1.09048
	675	1.09048	1.09048
	676	1.09048	1.09048
	677	1.09048	1.09048
	678	1.09048	1.09048
	679	1.09048	1.09048
	680	1.09048	1.09048
	681	1.09048	1.09048
	682	1.09048	1.09048
	683	1.09048	1.09048
	684	1.09048	1.09048
	685	1.09048	1.09048
	686	1.09048	1.09048
	687	1.09048	1.09048
	688	1.09048	1.09048
	689	1.09048	1.09048
	690	1.09048	1.09048
	691	1.09048	1.09048
	692	1.09048	1.09048
	693	1.09048	1.09048
	694	1.09048	1.09048
	695	1.09048	1.09048
	696	1.09048	1.09048
	697	1.09048	1.09048
	698	1.09048	1.09048
	699	1.09048	1.09048
	700	1.09048	1.09048
	701	1.09048	1.09048
	702	1.09048	1.09048
	703	1.09048	1.09048
	704	1.09048	1.09048
	705	1.09048	1.09048
	706	1.09048	1.09048
	707	1.09048	1.09048
	708	1.09048	1.09048
	709	1.09048	1.09048
	710	1.09048	1.09048
	711	1.09048	1.09048
	712	1.09048	1.09048
	713	1.09048	1.09048
	714	1.09048	1.09048
	715	1.09048	1.09048
	716	1.09048	1.09048
	717	1.09048	1.09048
	718	1.09048	1.09048
	719	1.09048	1.09048
	720	1.09048	1.09048
	721	1.09048	1.09048
	722	1.09048	1.09048
	723	1.09048	1.09048
	724	1.09048	1.09048
	725	1.09048	1.09048
	726	1.09048	1.09048
	727	1.09048	1.09048
	728	1.09048	1.09048
	729	1.09048	1.09048
	730	1.09048	1.09048
	731	1.09048	1.09048
	732	1.09048	1.09048
	733	1.09048	1.09048
	734	1.09048	1.09048
	735	1.09048	1.09048
	736	1.09048	1.09048
	737	1.09048	1.09048
	738	1.09048	1.09048
	739	1.09048	1.09048
	740	1.09048	1.09048
	741	1.09048	1.09048
	742	1.09048	1.09048
	743	1.09048	1.09048
	744	1.09048	1.09048
	745	1.09048	1.09048
	746	1.09048	1.09048
	747	1.09048	1.09048
	748	1.09048	1.09048
	749	1.09048	1.09048
	750	1.09048	1.09048
	751	1.09048	1.09048
	752	1.09048	1.09048
	753	1.09048	1.09048
	754	1.09048	1.09048
	755	1.09048	1.09048
	756	1.09048	1.09048
	757	1.09048	1.09048
	758	1.09048	1.09048
	759	1.09048	1.09048
	760	1.09048	1.09048
	761	1.09048	1.09048
	762	1.09048	1.09048
	763	1.09048	1.09048
	764	1.09048	1.09048
	765	1.09048	1.09048
	766	1.09048	1.09048
	767	1.09048	1.09048
	768	1.09048	1.09048
	769	1.09048	1.09048
	770	1.09048	1.09048
	771	1.09048	1.09048
	772	1.09048	1.09048
	773	1.09048	1.09048
	774	1.09048	1.09048
	775	1.09048	1.09048
	776	1.09048	1.09048
	777	1.09048	1.09048
	778	1.09048	1.09048
	779	1.09048	1.09048
	780	1.09048	1.09048
	781	1.09048	1.09048
	782	1.09048	1.09048
	783	1.09048	1.09048
	784	1.09048	1.09048
	785	1.09048	1.09048
	786	1.09048	1.09048
	787	1.09048	1.09048
	788	1.09048	1.09048
	789	1.09048	1.09048
	790	1.09048	1.09048
	791	1.09048	1.09048
	792	1.09048	1.09048
	793	1.09048	1.09048
	794	1.09048	1.09048
	795	1.09048	1.09048
	796	1.09048	1.09048
	797	1.09048	1.09048
	798	1.09048	1.09048
	799	1.09048	1.09048
	800	1.09048	1.09048
	801	1.09048	1.09048
	802	1.09048	1.09048
	803	1.09048	1.09048
	804	1.09048	1.09048
	805	1.09048	1.09048
	806	1.09048	1.09048
	807	1.09048	1.09048
	808	1.09048	1.09048
	809	1.09048	1.09048
	810	1.09048	1.09048
	811	1.09048	1.09048
	812	1.09048	1.09048
	813	1.09048	1.09048
	814	1.09048	1.09048
	815	1.09048	1.09048
	816	1.09048	1.09048
	817	1.09048	1.09048
	818	1.09048	1.09048
	819	1.09048	1.09048
	820	1.09048	1.09048
	821	1.09048	1.09048
	822	1.09048	1.09048
	823	1.09048	1.09048
	824	1.09048	1.09048
	825	1.09048	1.09048
	826	1.09048	1.09048
	827	1.09048	1.09048
	828	1.09048	1.09048
	829	1.09048	1.09048
	830	1.09048	1.09048
	831	1.09048	1.09048
	832	1.09048	1.09048
	833	1.09048	1.09048
	834	1.09048	1.09048
	835	1.09048	1.09048
	836	1.09048	1.09048
	837	1.09048	1.09048
	838	1.09048	1.09048
	839	1.09048	1.09048
	840	1.09048	1.09048
	841	1.09048	1.09048
	842	1.09048	1.09048
	843	1.09048	1.09048
	844	1.09048	1.09048
	845	1.09048	1.09048
	846	1.09048	1.09048
	847	1.09048	1.09048
	848	1.09048	1.09048
	849	1.09048	1.09048
	850	1.09048	1.09048
	851	1.09048	1.09048
	852	1.09048	1.09048
	853	1.09048	1.09048
	854	1.09048	1.09048
	855	1.09048	1.09048
	856	1.09048	1.09048
	857	1.09048	1.09048
	858	1.09048	1.09048
	859	1.09048	1.09048
	860	1.09048	1.09048
	861	1.09048	1.09048
	862	1.09048	1.09048
	863	1.09048	1.09048
	864	1.09048	1.09048
	865	1.09048	1.09048
	866	1.09048	1.09048
	867	1.09048	1.09048
	868	1.09048	1.09048
	869	1.09048	1.09048
	870	1.09048	1.09048
	871	1.09048	1.09048
	872	1.09048	1.09048
	873	1.09048	1.09048
	874	1.09048	1.09048
	875	1.09048	1.09048
	876	1.09048	1.09048
	877	1.09048	1.09048
	878	1.09048	1.09048
	879	1.09048	1.09048
	880	1.09048	1.09048
	881	1.09048	1.09048
	882	1.09048	1.09048
	883	1.09048	1.09048
	884	1.09048	1.09048
	885	1.09048	1.09048
	886	1.09048	1.09048
	887	1.09048	1.09048
	888	1.09048	1.09048
	889	1.09048	1.09048
	890	1.09048	1.09048
	891	1.09048	1.09048
	892	1.09048	1.09048
	893	1.09048	1.09048
	894	1.09048	1.09048
	895	1.09048	1.09048
	896	1.09048	1.09048
	897	1.09048	1.09048
	898	1.09048	1.09048
	899	1.09048	1.09048
	900	1.09048	1.09048
	901	1.09048	1.09048
	902	1.09048	1.09048
	903	1.09048	1.09048
	904	1.09048	1.09048
	905	1.09048	1.09048
	906	1.09048	1.09048
	907	1.09048	1.09048
	908	1.09048	1.09048
	909	1.09048	1.09048
	910	1.09048	1.09048
	911	1.09048	1.09048
	912	1.09048	1.09048
	913	1.09048	1.09048
	914	1.09048	1.09048
	915	1.09048	1.09048
	916	1.09048	1.09048
	917	1.09048	1.09048
	918	1.09048	1.09048
	919	1.09048	1.09048
	920	1.09048	1.09048
	921	1.09048	1.09048
	922	1.09048	1.09048
	923	1.09048	1.09048
	924	1.09048	1.09048
	925	1.09048	1.09048
	926	1.09048	1.09048
	927	1.09048	1.09048
	928	1.09048	1.09048
	929	1.09048	1.09048
	930	1.09048	1.09048
	931	1.09048	1.09048
	932	1.09048	1.09048
	933	1.09048	1.09048
	934	1.09048	1.09048
	935	1.09048	1.09048
	936	1.09048	1.09048
	937	1.09048	1.09048
	938	1.09048	1.09048
	939	1.09048	1.09048
	940	1.09048	1.09048
	941	1.09048	1.09048
	942	1.09048	1.09048
	943	1.09048	1.09048
	944	1.09048	1.09048
	945	1.09048	1.09048
	946	1.09048	1.09048
	947	1.09048	1.09048
	948	1.09048	1.09048
	949	1.09048	1.09048
	950	1.09048	1.09048
	951	1.09048	1.09048
	952	1.09048	1.09048
	953	1.09048	1.09048
	954	1.09048	1.09048
	955	1.09048	1.09048
	956	1.09048	1.09048
	957	1.09048	1.09048
	958	1.09048	1.09048
	959	1.09048	1.09048
	960	1.09048	1.09048
	961	1.09048	1.09048
	962	1.09048	1.09048
	963	1.09048	1.09048
	964	1.09048	1.09048
	965	1.09048	1.09048
	966	1.09048	1.09048
	967	1.09048	1.09048
	968	1.09048	1.09048
	969	1.09048	1.09048
	970	1.09048	1.09048
	971	1.09048	1.09048
	972	1.09048	1.09048
	973	1.09048	1.09048
	974	1.09048	1.09048
	975	1.09048	1.09048
	976	1.09048	1.09048
	977	1.09048	1.09048
	978	1.09048	1.09048
	979	1.09048	1.09048
	980	1.09048	1.09048
	981	1.09048	1.09048
	982	1.09048	1.09048
	983	1.09048	1.09048
	984	1.09048	1.09048
	985	1.09048	1.09048
	986	1.09048	1.09048
	987	1.09048	1.09048
	988	1.09048	1.09048
	989	1.09048	1.09048
	990	1.09048	1.09048
	991	1.09048	1.09048
	992	1.09048	1.09048
	993	1.09048	1.09048
	994	1.09048	1.09048
	995	1.09048	1.09048
	996	1.09048	1.09048
	997	1.09048	1.09048
	998	1.09048	1.09048
	999	1.09048	1.09048
